"","Province.State","Country.Region","Lat","Long","confirmed","recovered","deaths","date","area","confirmed_new","recovered_new","deaths_new","hasErrors"
"1","","Algeria",28.0339,1.6596,0,0,0,2020-01-22,"Algeria_",0,0,0,FALSE
"2","","Algeria",28.0339,1.6596,0,0,0,2020-01-23,"Algeria_",0,0,0,FALSE
"3","","Algeria",28.0339,1.6596,0,0,0,2020-01-24,"Algeria_",0,0,0,FALSE
"4","","Algeria",28.0339,1.6596,0,0,0,2020-01-25,"Algeria_",0,0,0,FALSE
"5","","Algeria",28.0339,1.6596,0,0,0,2020-01-26,"Algeria_",0,0,0,FALSE
"6","","Algeria",28.0339,1.6596,0,0,0,2020-01-27,"Algeria_",0,0,0,FALSE
"7","","Algeria",28.0339,1.6596,0,0,0,2020-01-28,"Algeria_",0,0,0,FALSE
"8","","Algeria",28.0339,1.6596,0,0,0,2020-01-29,"Algeria_",0,0,0,FALSE
"9","","Algeria",28.0339,1.6596,0,0,0,2020-01-30,"Algeria_",0,0,0,FALSE
"10","","Algeria",28.0339,1.6596,0,0,0,2020-01-31,"Algeria_",0,0,0,FALSE
"11","","Algeria",28.0339,1.6596,0,0,0,2020-02-01,"Algeria_",0,0,0,FALSE
"12","","Algeria",28.0339,1.6596,0,0,0,2020-02-02,"Algeria_",0,0,0,FALSE
"13","","Algeria",28.0339,1.6596,0,0,0,2020-02-03,"Algeria_",0,0,0,FALSE
"14","","Algeria",28.0339,1.6596,0,0,0,2020-02-04,"Algeria_",0,0,0,FALSE
"15","","Algeria",28.0339,1.6596,0,0,0,2020-02-05,"Algeria_",0,0,0,FALSE
"16","","Algeria",28.0339,1.6596,0,0,0,2020-02-06,"Algeria_",0,0,0,FALSE
"17","","Algeria",28.0339,1.6596,0,0,0,2020-02-07,"Algeria_",0,0,0,FALSE
"18","","Algeria",28.0339,1.6596,0,0,0,2020-02-08,"Algeria_",0,0,0,FALSE
"19","","Algeria",28.0339,1.6596,0,0,0,2020-02-09,"Algeria_",0,0,0,FALSE
"20","","Algeria",28.0339,1.6596,0,0,0,2020-02-10,"Algeria_",0,0,0,FALSE
"21","","Algeria",28.0339,1.6596,0,0,0,2020-02-11,"Algeria_",0,0,0,FALSE
"22","","Algeria",28.0339,1.6596,0,0,0,2020-02-12,"Algeria_",0,0,0,FALSE
"23","","Algeria",28.0339,1.6596,0,0,0,2020-02-13,"Algeria_",0,0,0,FALSE
"24","","Algeria",28.0339,1.6596,0,0,0,2020-02-14,"Algeria_",0,0,0,FALSE
"25","","Algeria",28.0339,1.6596,0,0,0,2020-02-15,"Algeria_",0,0,0,FALSE
"26","","Algeria",28.0339,1.6596,0,0,0,2020-02-16,"Algeria_",0,0,0,FALSE
"27","","Algeria",28.0339,1.6596,0,0,0,2020-02-17,"Algeria_",0,0,0,FALSE
"28","","Algeria",28.0339,1.6596,0,0,0,2020-02-18,"Algeria_",0,0,0,FALSE
"29","","Algeria",28.0339,1.6596,0,0,0,2020-02-19,"Algeria_",0,0,0,FALSE
"30","","Algeria",28.0339,1.6596,0,0,0,2020-02-20,"Algeria_",0,0,0,FALSE
"31","","Algeria",28.0339,1.6596,0,0,0,2020-02-21,"Algeria_",0,0,0,FALSE
"32","","Algeria",28.0339,1.6596,0,0,0,2020-02-22,"Algeria_",0,0,0,FALSE
"33","","Algeria",28.0339,1.6596,0,0,0,2020-02-23,"Algeria_",0,0,0,FALSE
"34","","Algeria",28.0339,1.6596,0,0,0,2020-02-24,"Algeria_",0,0,0,FALSE
"35","","Algeria",28.0339,1.6596,1,0,0,2020-02-25,"Algeria_",1,0,0,FALSE
"36","","Algeria",28.0339,1.6596,1,0,0,2020-02-26,"Algeria_",0,0,0,FALSE
"37","","Algeria",28.0339,1.6596,1,0,0,2020-02-27,"Algeria_",0,0,0,FALSE
"38","","Algeria",28.0339,1.6596,1,0,0,2020-02-28,"Algeria_",0,0,0,FALSE
"39","","Algeria",28.0339,1.6596,1,0,0,2020-02-29,"Algeria_",0,0,0,FALSE
"40","","Algeria",28.0339,1.6596,1,0,0,2020-03-01,"Algeria_",0,0,0,FALSE
"41","","Algeria",28.0339,1.6596,3,0,0,2020-03-02,"Algeria_",2,0,0,FALSE
"42","","Algeria",28.0339,1.6596,5,0,0,2020-03-03,"Algeria_",2,0,0,FALSE
"43","","Algeria",28.0339,1.6596,12,0,0,2020-03-04,"Algeria_",7,0,0,FALSE
"44","","Algeria",28.0339,1.6596,12,0,0,2020-03-05,"Algeria_",0,0,0,FALSE
"45","","Algeria",28.0339,1.6596,17,0,0,2020-03-06,"Algeria_",5,0,0,FALSE
"46","","Algeria",28.0339,1.6596,17,0,0,2020-03-07,"Algeria_",0,0,0,FALSE
"47","","Algeria",28.0339,1.6596,19,0,0,2020-03-08,"Algeria_",2,0,0,FALSE
"48","","Algeria",28.0339,1.6596,20,0,0,2020-03-09,"Algeria_",1,0,0,FALSE
"49","","Algeria",28.0339,1.6596,20,0,0,2020-03-10,"Algeria_",0,0,0,FALSE
"50","","Algeria",28.0339,1.6596,20,0,0,2020-03-11,"Algeria_",0,0,0,FALSE
"51","","Algeria",28.0339,1.6596,24,8,1,2020-03-12,"Algeria_",4,8,1,FALSE
"52","","Algeria",28.0339,1.6596,26,8,2,2020-03-13,"Algeria_",2,0,1,FALSE
"53","","Algeria",28.0339,1.6596,37,12,3,2020-03-14,"Algeria_",11,4,1,FALSE
"54","","Algeria",28.0339,1.6596,48,12,4,2020-03-15,"Algeria_",11,0,1,FALSE
"55","","Algeria",28.0339,1.6596,54,12,4,2020-03-16,"Algeria_",6,0,0,FALSE
"56","","Algeria",28.0339,1.6596,60,12,4,2020-03-17,"Algeria_",6,0,0,FALSE
"57","","Algeria",28.0339,1.6596,74,12,7,2020-03-18,"Algeria_",14,0,3,FALSE
"58","","Algeria",28.0339,1.6596,87,32,9,2020-03-19,"Algeria_",13,20,2,FALSE
"59","","Algeria",28.0339,1.6596,90,32,11,2020-03-20,"Algeria_",3,0,2,FALSE
"60","","Algeria",28.0339,1.6596,139,32,15,2020-03-21,"Algeria_",49,0,4,FALSE
"61","","Algeria",28.0339,1.6596,201,65,17,2020-03-22,"Algeria_",62,33,2,FALSE
"62","","Algeria",28.0339,1.6596,230,65,17,2020-03-23,"Algeria_",29,0,0,FALSE
"63","","Algeria",28.0339,1.6596,264,24,19,2020-03-24,"Algeria_",34,-41,2,FALSE
"64","","Algeria",28.0339,1.6596,302,65,21,2020-03-25,"Algeria_",38,41,2,FALSE
"65","","Algeria",28.0339,1.6596,367,29,25,2020-03-26,"Algeria_",65,-36,4,FALSE
"66","","Algeria",28.0339,1.6596,409,29,26,2020-03-27,"Algeria_",42,0,1,FALSE
"67","","Algeria",28.0339,1.6596,454,31,29,2020-03-28,"Algeria_",45,2,3,FALSE
"68","","Algeria",28.0339,1.6596,511,31,31,2020-03-29,"Algeria_",57,0,2,FALSE
"69","","Algeria",28.0339,1.6596,584,37,35,2020-03-30,"Algeria_",73,6,4,FALSE
"70","","Algeria",28.0339,1.6596,716,46,44,2020-03-31,"Algeria_",132,9,9,FALSE
"71","","Algeria",28.0339,1.6596,847,61,58,2020-04-01,"Algeria_",131,15,14,FALSE
"72","","Algeria",28.0339,1.6596,986,61,86,2020-04-02,"Algeria_",139,0,28,FALSE
"73","","Algeria",28.0339,1.6596,1171,62,105,2020-04-03,"Algeria_",185,1,19,FALSE
"74","","Algeria",28.0339,1.6596,1251,90,130,2020-04-04,"Algeria_",80,28,25,FALSE
"75","","Algeria",28.0339,1.6596,1320,90,152,2020-04-05,"Algeria_",69,0,22,FALSE
"76","","Algeria",28.0339,1.6596,1423,90,173,2020-04-06,"Algeria_",103,0,21,FALSE
"77","","Algeria",28.0339,1.6596,1468,113,193,2020-04-07,"Algeria_",45,23,20,FALSE
