"Province.State","Country.Region","Lat","Long","confirmed","recovered","deaths","date","confirmed_new","recovered_new","deaths_new","hasErrors","hasParent","country_code","country_code3","territory_code"
"Victoria","Australia",-37.8136,144.9631,0,0,0,2020-01-22,0,0,0,FALSE,TRUE,"AU","AUS","AU-VIC"
"Victoria","Australia",-37.8136,144.9631,0,0,0,2020-01-23,0,0,0,FALSE,TRUE,"AU","AUS","AU-VIC"
"Victoria","Australia",-37.8136,144.9631,0,0,0,2020-01-24,0,0,0,FALSE,TRUE,"AU","AUS","AU-VIC"
"Victoria","Australia",-37.8136,144.9631,0,0,0,2020-01-25,0,0,0,FALSE,TRUE,"AU","AUS","AU-VIC"
"Victoria","Australia",-37.8136,144.9631,1,0,0,2020-01-26,1,0,0,FALSE,TRUE,"AU","AUS","AU-VIC"
"Victoria","Australia",-37.8136,144.9631,1,0,0,2020-01-27,0,0,0,FALSE,TRUE,"AU","AUS","AU-VIC"
"Victoria","Australia",-37.8136,144.9631,1,0,0,2020-01-28,0,0,0,FALSE,TRUE,"AU","AUS","AU-VIC"
"Victoria","Australia",-37.8136,144.9631,1,0,0,2020-01-29,0,0,0,FALSE,TRUE,"AU","AUS","AU-VIC"
"Victoria","Australia",-37.8136,144.9631,2,0,0,2020-01-30,1,0,0,FALSE,TRUE,"AU","AUS","AU-VIC"
"Victoria","Australia",-37.8136,144.9631,3,0,0,2020-01-31,1,0,0,FALSE,TRUE,"AU","AUS","AU-VIC"
"Victoria","Australia",-37.8136,144.9631,4,0,0,2020-02-01,1,0,0,FALSE,TRUE,"AU","AUS","AU-VIC"
"Victoria","Australia",-37.8136,144.9631,4,0,0,2020-02-02,0,0,0,FALSE,TRUE,"AU","AUS","AU-VIC"
"Victoria","Australia",-37.8136,144.9631,4,0,0,2020-02-03,0,0,0,FALSE,TRUE,"AU","AUS","AU-VIC"
"Victoria","Australia",-37.8136,144.9631,4,0,0,2020-02-04,0,0,0,FALSE,TRUE,"AU","AUS","AU-VIC"
"Victoria","Australia",-37.8136,144.9631,4,0,0,2020-02-05,0,0,0,FALSE,TRUE,"AU","AUS","AU-VIC"
"Victoria","Australia",-37.8136,144.9631,4,0,0,2020-02-06,0,0,0,FALSE,TRUE,"AU","AUS","AU-VIC"
"Victoria","Australia",-37.8136,144.9631,4,0,0,2020-02-07,0,0,0,FALSE,TRUE,"AU","AUS","AU-VIC"
"Victoria","Australia",-37.8136,144.9631,4,0,0,2020-02-08,0,0,0,FALSE,TRUE,"AU","AUS","AU-VIC"
"Victoria","Australia",-37.8136,144.9631,4,0,0,2020-02-09,0,0,0,FALSE,TRUE,"AU","AUS","AU-VIC"
"Victoria","Australia",-37.8136,144.9631,4,0,0,2020-02-10,0,0,0,FALSE,TRUE,"AU","AUS","AU-VIC"
"Victoria","Australia",-37.8136,144.9631,4,0,0,2020-02-11,0,0,0,FALSE,TRUE,"AU","AUS","AU-VIC"
"Victoria","Australia",-37.8136,144.9631,4,0,0,2020-02-12,0,0,0,FALSE,TRUE,"AU","AUS","AU-VIC"
"Victoria","Australia",-37.8136,144.9631,4,4,0,2020-02-13,0,4,0,FALSE,TRUE,"AU","AUS","AU-VIC"
"Victoria","Australia",-37.8136,144.9631,4,4,0,2020-02-14,0,0,0,FALSE,TRUE,"AU","AUS","AU-VIC"
"Victoria","Australia",-37.8136,144.9631,4,4,0,2020-02-15,0,0,0,FALSE,TRUE,"AU","AUS","AU-VIC"
"Victoria","Australia",-37.8136,144.9631,4,4,0,2020-02-16,0,0,0,FALSE,TRUE,"AU","AUS","AU-VIC"
"Victoria","Australia",-37.8136,144.9631,4,4,0,2020-02-17,0,0,0,FALSE,TRUE,"AU","AUS","AU-VIC"
"Victoria","Australia",-37.8136,144.9631,4,4,0,2020-02-18,0,0,0,FALSE,TRUE,"AU","AUS","AU-VIC"
"Victoria","Australia",-37.8136,144.9631,4,4,0,2020-02-19,0,0,0,FALSE,TRUE,"AU","AUS","AU-VIC"
"Victoria","Australia",-37.8136,144.9631,4,4,0,2020-02-20,0,0,0,FALSE,TRUE,"AU","AUS","AU-VIC"
"Victoria","Australia",-37.8136,144.9631,4,4,0,2020-02-21,0,0,0,FALSE,TRUE,"AU","AUS","AU-VIC"
"Victoria","Australia",-37.8136,144.9631,4,4,0,2020-02-22,0,0,0,FALSE,TRUE,"AU","AUS","AU-VIC"
"Victoria","Australia",-37.8136,144.9631,4,4,0,2020-02-23,0,0,0,FALSE,TRUE,"AU","AUS","AU-VIC"
"Victoria","Australia",-37.8136,144.9631,4,4,0,2020-02-24,0,0,0,FALSE,TRUE,"AU","AUS","AU-VIC"
"Victoria","Australia",-37.8136,144.9631,4,4,0,2020-02-25,0,0,0,FALSE,TRUE,"AU","AUS","AU-VIC"
"Victoria","Australia",-37.8136,144.9631,4,4,0,2020-02-26,0,0,0,FALSE,TRUE,"AU","AUS","AU-VIC"
"Victoria","Australia",-37.8136,144.9631,4,4,0,2020-02-27,0,0,0,FALSE,TRUE,"AU","AUS","AU-VIC"
"Victoria","Australia",-37.8136,144.9631,4,4,0,2020-02-28,0,0,0,FALSE,TRUE,"AU","AUS","AU-VIC"
"Victoria","Australia",-37.8136,144.9631,7,4,0,2020-02-29,3,0,0,FALSE,TRUE,"AU","AUS","AU-VIC"
"Victoria","Australia",-37.8136,144.9631,7,4,0,2020-03-01,0,0,0,FALSE,TRUE,"AU","AUS","AU-VIC"
"Victoria","Australia",-37.8136,144.9631,9,4,0,2020-03-02,2,0,0,FALSE,TRUE,"AU","AUS","AU-VIC"
"Victoria","Australia",-37.8136,144.9631,9,4,0,2020-03-03,0,0,0,FALSE,TRUE,"AU","AUS","AU-VIC"
"Victoria","Australia",-37.8136,144.9631,10,4,0,2020-03-04,1,0,0,FALSE,TRUE,"AU","AUS","AU-VIC"
"Victoria","Australia",-37.8136,144.9631,10,7,0,2020-03-05,0,3,0,FALSE,TRUE,"AU","AUS","AU-VIC"
"Victoria","Australia",-37.8136,144.9631,10,7,0,2020-03-06,0,0,0,FALSE,TRUE,"AU","AUS","AU-VIC"
"Victoria","Australia",-37.8136,144.9631,11,7,0,2020-03-07,1,0,0,FALSE,TRUE,"AU","AUS","AU-VIC"
"Victoria","Australia",-37.8136,144.9631,11,7,0,2020-03-08,0,0,0,FALSE,TRUE,"AU","AUS","AU-VIC"
"Victoria","Australia",-37.8136,144.9631,15,7,0,2020-03-09,4,0,0,FALSE,TRUE,"AU","AUS","AU-VIC"
"Victoria","Australia",-37.8136,144.9631,18,7,0,2020-03-10,3,0,0,FALSE,TRUE,"AU","AUS","AU-VIC"
"Victoria","Australia",-37.8136,144.9631,21,7,0,2020-03-11,3,0,0,FALSE,TRUE,"AU","AUS","AU-VIC"
"Victoria","Australia",-37.8136,144.9631,21,7,0,2020-03-12,0,0,0,FALSE,TRUE,"AU","AUS","AU-VIC"
"Victoria","Australia",-37.8136,144.9631,36,8,0,2020-03-13,15,1,0,FALSE,TRUE,"AU","AUS","AU-VIC"
"Victoria","Australia",-37.8136,144.9631,49,8,0,2020-03-14,13,0,0,FALSE,TRUE,"AU","AUS","AU-VIC"
"Victoria","Australia",-37.8136,144.9631,57,8,0,2020-03-15,8,0,0,FALSE,TRUE,"AU","AUS","AU-VIC"
"Victoria","Australia",-37.8136,144.9631,71,8,0,2020-03-16,14,0,0,FALSE,TRUE,"AU","AUS","AU-VIC"
"Victoria","Australia",-37.8136,144.9631,94,8,0,2020-03-17,23,0,0,FALSE,TRUE,"AU","AUS","AU-VIC"
"Victoria","Australia",-37.8136,144.9631,121,8,0,2020-03-18,27,0,0,FALSE,TRUE,"AU","AUS","AU-VIC"
"Victoria","Australia",-37.8136,144.9631,121,8,0,2020-03-19,0,0,0,FALSE,TRUE,"AU","AUS","AU-VIC"
"Victoria","Australia",-37.8136,144.9631,121,8,0,2020-03-20,0,0,0,FALSE,TRUE,"AU","AUS","AU-VIC"
"Victoria","Australia",-37.8136,144.9631,229,8,0,2020-03-21,108,0,0,FALSE,TRUE,"AU","AUS","AU-VIC"
"Victoria","Australia",-37.8136,144.9631,355,70,0,2020-03-22,126,62,0,FALSE,TRUE,"AU","AUS","AU-VIC"
"Victoria","Australia",-37.8136,144.9631,355,70,0,2020-03-23,0,0,0,FALSE,TRUE,"AU","AUS","AU-VIC"
"Victoria","Australia",-37.8136,144.9631,411,97,0,2020-03-24,56,27,0,FALSE,TRUE,"AU","AUS","AU-VIC"
"Victoria","Australia",-37.8136,144.9631,466,97,0,2020-03-25,55,0,0,FALSE,TRUE,"AU","AUS","AU-VIC"
"Victoria","Australia",-37.8136,144.9631,520,149,3,2020-03-26,54,52,3,FALSE,TRUE,"AU","AUS","AU-VIC"
"Victoria","Australia",-37.8136,144.9631,574,171,3,2020-03-27,54,22,0,FALSE,TRUE,"AU","AUS","AU-VIC"
"Victoria","Australia",-37.8136,144.9631,685,191,3,2020-03-28,111,20,0,FALSE,TRUE,"AU","AUS","AU-VIC"
"Victoria","Australia",-37.8136,144.9631,769,191,4,2020-03-29,84,0,1,FALSE,TRUE,"AU","AUS","AU-VIC"
"Victoria","Australia",-37.8136,144.9631,821,191,4,2020-03-30,52,0,0,FALSE,TRUE,"AU","AUS","AU-VIC"
"Victoria","Australia",-37.8136,144.9631,917,291,4,2020-03-31,96,100,0,FALSE,TRUE,"AU","AUS","AU-VIC"
"Victoria","Australia",-37.8136,144.9631,968,343,4,2020-04-01,51,52,0,FALSE,TRUE,"AU","AUS","AU-VIC"
"Victoria","Australia",-37.8136,144.9631,1036,422,5,2020-04-02,68,79,1,FALSE,TRUE,"AU","AUS","AU-VIC"
"Victoria","Australia",-37.8136,144.9631,1085,476,7,2020-04-03,49,54,2,FALSE,TRUE,"AU","AUS","AU-VIC"
"Victoria","Australia",-37.8136,144.9631,1115,527,8,2020-04-04,30,51,1,FALSE,TRUE,"AU","AUS","AU-VIC"
"Victoria","Australia",-37.8136,144.9631,1135,573,8,2020-04-05,20,46,0,FALSE,TRUE,"AU","AUS","AU-VIC"
"Victoria","Australia",-37.8136,144.9631,1158,620,10,2020-04-06,23,47,2,FALSE,TRUE,"AU","AUS","AU-VIC"
"Victoria","Australia",-37.8136,144.9631,1191,620,11,2020-04-07,33,0,1,FALSE,TRUE,"AU","AUS","AU-VIC"
"Victoria","Australia",-37.8136,144.9631,1212,620,12,2020-04-08,21,0,1,FALSE,TRUE,"AU","AUS","AU-VIC"
"Victoria","Australia",-37.8136,144.9631,1228,736,12,2020-04-09,16,116,0,FALSE,TRUE,"AU","AUS","AU-VIC"
"Victoria","Australia",-37.8136,144.9631,1241,926,13,2020-04-10,13,190,1,FALSE,TRUE,"AU","AUS","AU-VIC"
"Victoria","Australia",-37.8136,144.9631,1265,926,14,2020-04-11,24,0,1,FALSE,TRUE,"AU","AUS","AU-VIC"
"Victoria","Australia",-37.8136,144.9631,1268,926,14,2020-04-12,3,0,0,FALSE,TRUE,"AU","AUS","AU-VIC"
"Victoria","Australia",-37.8136,144.9631,1281,926,14,2020-04-13,13,0,0,FALSE,TRUE,"AU","AUS","AU-VIC"
"Victoria","Australia",-37.8136,144.9631,1291,1118,14,2020-04-14,10,192,0,FALSE,TRUE,"AU","AUS","AU-VIC"
"Victoria","Australia",-37.8136,144.9631,1299,1118,14,2020-04-15,8,0,0,FALSE,TRUE,"AU","AUS","AU-VIC"
"Victoria","Australia",-37.8136,144.9631,1299,1137,14,2020-04-16,0,19,0,FALSE,TRUE,"AU","AUS","AU-VIC"
"Victoria","Australia",-37.8136,144.9631,1302,1159,14,2020-04-17,3,22,0,FALSE,TRUE,"AU","AUS","AU-VIC"
"Victoria","Australia",-37.8136,144.9631,1319,1172,14,2020-04-18,17,13,0,FALSE,TRUE,"AU","AUS","AU-VIC"
"Victoria","Australia",-37.8136,144.9631,1328,1172,14,2020-04-19,9,0,0,FALSE,TRUE,"AU","AUS","AU-VIC"
"Victoria","Australia",-37.8136,144.9631,1329,1196,14,2020-04-20,1,24,0,FALSE,TRUE,"AU","AUS","AU-VIC"
"Victoria","Australia",-37.8136,144.9631,1336,1202,14,2020-04-21,7,6,0,FALSE,TRUE,"AU","AUS","AU-VIC"
"Victoria","Australia",-37.8136,144.9631,1336,1243,14,2020-04-22,0,41,0,FALSE,TRUE,"AU","AUS","AU-VIC"
"Victoria","Australia",-37.8136,144.9631,1337,1251,16,2020-04-23,1,8,2,FALSE,TRUE,"AU","AUS","AU-VIC"
"Victoria","Australia",-37.8136,144.9631,1343,1254,16,2020-04-24,6,3,0,FALSE,TRUE,"AU","AUS","AU-VIC"
"Victoria","Australia",-37.8136,144.9631,1346,1262,16,2020-04-25,3,8,0,FALSE,TRUE,"AU","AUS","AU-VIC"
"Victoria","Australia",-37.8136,144.9631,1349,1265,17,2020-04-26,3,3,1,FALSE,TRUE,"AU","AUS","AU-VIC"
"Victoria","Australia",-37.8136,144.9631,1349,1280,17,2020-04-27,0,15,0,FALSE,TRUE,"AU","AUS","AU-VIC"
"Victoria","Australia",-37.8136,144.9631,1354,1287,18,2020-04-28,5,7,1,FALSE,TRUE,"AU","AUS","AU-VIC"
"Victoria","Australia",-37.8136,144.9631,1361,1291,18,2020-04-29,7,4,0,FALSE,TRUE,"AU","AUS","AU-VIC"
"Victoria","Australia",-37.8136,144.9631,1364,1293,18,2020-04-30,3,2,0,FALSE,TRUE,"AU","AUS","AU-VIC"
"Victoria","Australia",-37.8136,144.9631,1371,1300,18,2020-05-01,7,7,0,FALSE,TRUE,"AU","AUS","AU-VIC"
"Victoria","Australia",-37.8136,144.9631,1384,1300,18,2020-05-02,13,0,0,FALSE,TRUE,"AU","AUS","AU-VIC"
"Victoria","Australia",-37.8136,144.9631,1406,1300,18,2020-05-03,22,0,0,FALSE,TRUE,"AU","AUS","AU-VIC"
"Victoria","Australia",-37.8136,144.9631,1423,1311,18,2020-05-04,17,11,0,FALSE,TRUE,"AU","AUS","AU-VIC"
"Victoria","Australia",-37.8136,144.9631,1440,1321,18,2020-05-05,17,10,0,FALSE,TRUE,"AU","AUS","AU-VIC"
"Victoria","Australia",-37.8136,144.9631,1454,1322,18,2020-05-06,14,1,0,FALSE,TRUE,"AU","AUS","AU-VIC"
"Victoria","Australia",-37.8136,144.9631,1467,1327,18,2020-05-07,13,5,0,FALSE,TRUE,"AU","AUS","AU-VIC"
"Victoria","Australia",-37.8136,144.9631,1468,1327,18,2020-05-08,1,0,0,FALSE,TRUE,"AU","AUS","AU-VIC"
"Victoria","Australia",-37.8136,144.9631,1487,1336,18,2020-05-09,19,9,0,FALSE,TRUE,"AU","AUS","AU-VIC"
"Victoria","Australia",-37.8136,144.9631,1496,1346,18,2020-05-10,9,10,0,FALSE,TRUE,"AU","AUS","AU-VIC"
"Victoria","Australia",-37.8136,144.9631,1511,1360,18,2020-05-11,15,14,0,FALSE,TRUE,"AU","AUS","AU-VIC"
"Victoria","Australia",-37.8136,144.9631,1514,1385,18,2020-05-12,3,25,0,FALSE,TRUE,"AU","AUS","AU-VIC"
"Victoria","Australia",-37.8136,144.9631,1521,1385,18,2020-05-13,7,0,0,FALSE,TRUE,"AU","AUS","AU-VIC"
"Victoria","Australia",-37.8136,144.9631,1540,1407,18,2020-05-14,19,22,0,FALSE,TRUE,"AU","AUS","AU-VIC"
"Victoria","Australia",-37.8136,144.9631,1551,1417,18,2020-05-15,11,10,0,FALSE,TRUE,"AU","AUS","AU-VIC"
"Victoria","Australia",-37.8136,144.9631,1558,1417,18,2020-05-16,7,0,0,FALSE,TRUE,"AU","AUS","AU-VIC"
"Victoria","Australia",-37.8136,144.9631,1564,1439,18,2020-05-17,6,22,0,FALSE,TRUE,"AU","AUS","AU-VIC"
"Victoria","Australia",-37.8136,144.9631,1573,1454,18,2020-05-18,9,15,0,FALSE,TRUE,"AU","AUS","AU-VIC"
"Victoria","Australia",-37.8136,144.9631,1573,1454,18,2020-05-19,0,0,0,FALSE,TRUE,"AU","AUS","AU-VIC"
"Victoria","Australia",-37.8136,144.9631,1581,1473,18,2020-05-20,8,19,0,FALSE,TRUE,"AU","AUS","AU-VIC"
"Victoria","Australia",-37.8136,144.9631,1593,1479,18,2020-05-21,12,6,0,FALSE,TRUE,"AU","AUS","AU-VIC"
"Victoria","Australia",-37.8136,144.9631,1593,1479,18,2020-05-22,0,0,0,FALSE,TRUE,"AU","AUS","AU-VIC"
"Victoria","Australia",-37.8136,144.9631,1603,1498,19,2020-05-23,10,19,1,FALSE,TRUE,"AU","AUS","AU-VIC"
"Victoria","Australia",-37.8136,144.9631,1605,1520,19,2020-05-24,2,22,0,FALSE,TRUE,"AU","AUS","AU-VIC"
"Victoria","Australia",-37.8136,144.9631,1610,1533,19,2020-05-25,5,13,0,FALSE,TRUE,"AU","AUS","AU-VIC"
