"Province.State","Country.Region","Lat","Long","confirmed","recovered","deaths","date","confirmed_new","recovered_new","deaths_new","hasErrors","hasParent","country_code","country_code3","territory_code"
"","Burma",21.9162,95.956,0,0,0,2020-01-22,0,0,0,FALSE,FALSE,"BU",,
"","Burma",21.9162,95.956,0,0,0,2020-01-23,0,0,0,FALSE,FALSE,"BU",,
"","Burma",21.9162,95.956,0,0,0,2020-01-24,0,0,0,FALSE,FALSE,"BU",,
"","Burma",21.9162,95.956,0,0,0,2020-01-25,0,0,0,FALSE,FALSE,"BU",,
"","Burma",21.9162,95.956,0,0,0,2020-01-26,0,0,0,FALSE,FALSE,"BU",,
"","Burma",21.9162,95.956,0,0,0,2020-01-27,0,0,0,FALSE,FALSE,"BU",,
"","Burma",21.9162,95.956,0,0,0,2020-01-28,0,0,0,FALSE,FALSE,"BU",,
"","Burma",21.9162,95.956,0,0,0,2020-01-29,0,0,0,FALSE,FALSE,"BU",,
"","Burma",21.9162,95.956,0,0,0,2020-01-30,0,0,0,FALSE,FALSE,"BU",,
"","Burma",21.9162,95.956,0,0,0,2020-01-31,0,0,0,FALSE,FALSE,"BU",,
"","Burma",21.9162,95.956,0,0,0,2020-02-01,0,0,0,FALSE,FALSE,"BU",,
"","Burma",21.9162,95.956,0,0,0,2020-02-02,0,0,0,FALSE,FALSE,"BU",,
"","Burma",21.9162,95.956,0,0,0,2020-02-03,0,0,0,FALSE,FALSE,"BU",,
"","Burma",21.9162,95.956,0,0,0,2020-02-04,0,0,0,FALSE,FALSE,"BU",,
"","Burma",21.9162,95.956,0,0,0,2020-02-05,0,0,0,FALSE,FALSE,"BU",,
"","Burma",21.9162,95.956,0,0,0,2020-02-06,0,0,0,FALSE,FALSE,"BU",,
"","Burma",21.9162,95.956,0,0,0,2020-02-07,0,0,0,FALSE,FALSE,"BU",,
"","Burma",21.9162,95.956,0,0,0,2020-02-08,0,0,0,FALSE,FALSE,"BU",,
"","Burma",21.9162,95.956,0,0,0,2020-02-09,0,0,0,FALSE,FALSE,"BU",,
"","Burma",21.9162,95.956,0,0,0,2020-02-10,0,0,0,FALSE,FALSE,"BU",,
"","Burma",21.9162,95.956,0,0,0,2020-02-11,0,0,0,FALSE,FALSE,"BU",,
"","Burma",21.9162,95.956,0,0,0,2020-02-12,0,0,0,FALSE,FALSE,"BU",,
"","Burma",21.9162,95.956,0,0,0,2020-02-13,0,0,0,FALSE,FALSE,"BU",,
"","Burma",21.9162,95.956,0,0,0,2020-02-14,0,0,0,FALSE,FALSE,"BU",,
"","Burma",21.9162,95.956,0,0,0,2020-02-15,0,0,0,FALSE,FALSE,"BU",,
"","Burma",21.9162,95.956,0,0,0,2020-02-16,0,0,0,FALSE,FALSE,"BU",,
"","Burma",21.9162,95.956,0,0,0,2020-02-17,0,0,0,FALSE,FALSE,"BU",,
"","Burma",21.9162,95.956,0,0,0,2020-02-18,0,0,0,FALSE,FALSE,"BU",,
"","Burma",21.9162,95.956,0,0,0,2020-02-19,0,0,0,FALSE,FALSE,"BU",,
"","Burma",21.9162,95.956,0,0,0,2020-02-20,0,0,0,FALSE,FALSE,"BU",,
"","Burma",21.9162,95.956,0,0,0,2020-02-21,0,0,0,FALSE,FALSE,"BU",,
"","Burma",21.9162,95.956,0,0,0,2020-02-22,0,0,0,FALSE,FALSE,"BU",,
"","Burma",21.9162,95.956,0,0,0,2020-02-23,0,0,0,FALSE,FALSE,"BU",,
"","Burma",21.9162,95.956,0,0,0,2020-02-24,0,0,0,FALSE,FALSE,"BU",,
"","Burma",21.9162,95.956,0,0,0,2020-02-25,0,0,0,FALSE,FALSE,"BU",,
"","Burma",21.9162,95.956,0,0,0,2020-02-26,0,0,0,FALSE,FALSE,"BU",,
"","Burma",21.9162,95.956,0,0,0,2020-02-27,0,0,0,FALSE,FALSE,"BU",,
"","Burma",21.9162,95.956,0,0,0,2020-02-28,0,0,0,FALSE,FALSE,"BU",,
"","Burma",21.9162,95.956,0,0,0,2020-02-29,0,0,0,FALSE,FALSE,"BU",,
"","Burma",21.9162,95.956,0,0,0,2020-03-01,0,0,0,FALSE,FALSE,"BU",,
"","Burma",21.9162,95.956,0,0,0,2020-03-02,0,0,0,FALSE,FALSE,"BU",,
"","Burma",21.9162,95.956,0,0,0,2020-03-03,0,0,0,FALSE,FALSE,"BU",,
"","Burma",21.9162,95.956,0,0,0,2020-03-04,0,0,0,FALSE,FALSE,"BU",,
"","Burma",21.9162,95.956,0,0,0,2020-03-05,0,0,0,FALSE,FALSE,"BU",,
"","Burma",21.9162,95.956,0,0,0,2020-03-06,0,0,0,FALSE,FALSE,"BU",,
"","Burma",21.9162,95.956,0,0,0,2020-03-07,0,0,0,FALSE,FALSE,"BU",,
"","Burma",21.9162,95.956,0,0,0,2020-03-08,0,0,0,FALSE,FALSE,"BU",,
"","Burma",21.9162,95.956,0,0,0,2020-03-09,0,0,0,FALSE,FALSE,"BU",,
"","Burma",21.9162,95.956,0,0,0,2020-03-10,0,0,0,FALSE,FALSE,"BU",,
"","Burma",21.9162,95.956,0,0,0,2020-03-11,0,0,0,FALSE,FALSE,"BU",,
"","Burma",21.9162,95.956,0,0,0,2020-03-12,0,0,0,FALSE,FALSE,"BU",,
"","Burma",21.9162,95.956,0,0,0,2020-03-13,0,0,0,FALSE,FALSE,"BU",,
"","Burma",21.9162,95.956,0,0,0,2020-03-14,0,0,0,FALSE,FALSE,"BU",,
"","Burma",21.9162,95.956,0,0,0,2020-03-15,0,0,0,FALSE,FALSE,"BU",,
"","Burma",21.9162,95.956,0,0,0,2020-03-16,0,0,0,FALSE,FALSE,"BU",,
"","Burma",21.9162,95.956,0,0,0,2020-03-17,0,0,0,FALSE,FALSE,"BU",,
"","Burma",21.9162,95.956,0,0,0,2020-03-18,0,0,0,FALSE,FALSE,"BU",,
"","Burma",21.9162,95.956,0,0,0,2020-03-19,0,0,0,FALSE,FALSE,"BU",,
"","Burma",21.9162,95.956,0,0,0,2020-03-20,0,0,0,FALSE,FALSE,"BU",,
"","Burma",21.9162,95.956,0,0,0,2020-03-21,0,0,0,FALSE,FALSE,"BU",,
"","Burma",21.9162,95.956,0,0,0,2020-03-22,0,0,0,FALSE,FALSE,"BU",,
"","Burma",21.9162,95.956,0,0,0,2020-03-23,0,0,0,FALSE,FALSE,"BU",,
"","Burma",21.9162,95.956,0,0,0,2020-03-24,0,0,0,FALSE,FALSE,"BU",,
"","Burma",21.9162,95.956,0,0,0,2020-03-25,0,0,0,FALSE,FALSE,"BU",,
"","Burma",21.9162,95.956,0,0,0,2020-03-26,0,0,0,FALSE,FALSE,"BU",,
"","Burma",21.9162,95.956,8,0,0,2020-03-27,8,0,0,FALSE,FALSE,"BU",,
"","Burma",21.9162,95.956,8,0,0,2020-03-28,0,0,0,FALSE,FALSE,"BU",,
"","Burma",21.9162,95.956,10,0,0,2020-03-29,2,0,0,FALSE,FALSE,"BU",,
"","Burma",21.9162,95.956,14,0,0,2020-03-30,4,0,0,FALSE,FALSE,"BU",,
"","Burma",21.9162,95.956,15,0,1,2020-03-31,1,0,1,FALSE,FALSE,"BU",,
"","Burma",21.9162,95.956,15,0,1,2020-04-01,0,0,0,FALSE,FALSE,"BU",,
"","Burma",21.9162,95.956,20,0,1,2020-04-02,5,0,0,FALSE,FALSE,"BU",,
"","Burma",21.9162,95.956,20,0,1,2020-04-03,0,0,0,FALSE,FALSE,"BU",,
"","Burma",21.9162,95.956,21,0,1,2020-04-04,1,0,0,FALSE,FALSE,"BU",,
"","Burma",21.9162,95.956,21,0,1,2020-04-05,0,0,0,FALSE,FALSE,"BU",,
"","Burma",21.9162,95.956,22,0,1,2020-04-06,1,0,0,FALSE,FALSE,"BU",,
"","Burma",21.9162,95.956,22,0,1,2020-04-07,0,0,0,FALSE,FALSE,"BU",,
"","Burma",21.9162,95.956,22,0,3,2020-04-08,0,0,2,FALSE,FALSE,"BU",,
"","Burma",21.9162,95.956,23,2,3,2020-04-09,1,2,0,FALSE,FALSE,"BU",,
"","Burma",21.9162,95.956,27,2,3,2020-04-10,4,0,0,FALSE,FALSE,"BU",,
"","Burma",21.9162,95.956,38,2,3,2020-04-11,11,0,0,FALSE,FALSE,"BU",,
"","Burma",21.9162,95.956,41,2,4,2020-04-12,3,0,1,FALSE,FALSE,"BU",,
"","Burma",21.9162,95.956,62,2,4,2020-04-13,21,0,0,FALSE,FALSE,"BU",,
"","Burma",21.9162,95.956,63,2,4,2020-04-14,1,0,0,FALSE,FALSE,"BU",,
"","Burma",21.9162,95.956,74,2,4,2020-04-15,11,0,0,FALSE,FALSE,"BU",,
"","Burma",21.9162,95.956,85,2,4,2020-04-16,11,0,0,FALSE,FALSE,"BU",,
"","Burma",21.9162,95.956,88,5,4,2020-04-17,3,3,0,FALSE,FALSE,"BU",,
"","Burma",21.9162,95.956,98,5,5,2020-04-18,10,0,1,FALSE,FALSE,"BU",,
"","Burma",21.9162,95.956,111,7,5,2020-04-19,13,2,0,FALSE,FALSE,"BU",,
"","Burma",21.9162,95.956,119,7,5,2020-04-20,8,0,0,FALSE,FALSE,"BU",,
"","Burma",21.9162,95.956,121,7,5,2020-04-21,2,0,0,FALSE,FALSE,"BU",,
"","Burma",21.9162,95.956,123,7,5,2020-04-22,2,0,0,FALSE,FALSE,"BU",,
"","Burma",21.9162,95.956,139,9,5,2020-04-23,16,2,0,FALSE,FALSE,"BU",,
"","Burma",21.9162,95.956,144,9,5,2020-04-24,5,0,0,FALSE,FALSE,"BU",,
"","Burma",21.9162,95.956,146,10,5,2020-04-25,2,1,0,FALSE,FALSE,"BU",,
"","Burma",21.9162,95.956,146,10,5,2020-04-26,0,0,0,FALSE,FALSE,"BU",,
"","Burma",21.9162,95.956,146,16,5,2020-04-27,0,6,0,FALSE,FALSE,"BU",,
"","Burma",21.9162,95.956,150,16,5,2020-04-28,4,0,0,FALSE,FALSE,"BU",,
"","Burma",21.9162,95.956,150,27,6,2020-04-29,0,11,1,FALSE,FALSE,"BU",,
"","Burma",21.9162,95.956,151,27,6,2020-04-30,1,0,0,FALSE,FALSE,"BU",,
"","Burma",21.9162,95.956,151,31,6,2020-05-01,0,4,0,FALSE,FALSE,"BU",,
"","Burma",21.9162,95.956,151,37,6,2020-05-02,0,6,0,FALSE,FALSE,"BU",,
"","Burma",21.9162,95.956,155,43,6,2020-05-03,4,6,0,FALSE,FALSE,"BU",,
"","Burma",21.9162,95.956,161,49,6,2020-05-04,6,6,0,FALSE,FALSE,"BU",,
"","Burma",21.9162,95.956,161,49,6,2020-05-05,0,0,0,FALSE,FALSE,"BU",,
"","Burma",21.9162,95.956,161,50,6,2020-05-06,0,1,0,FALSE,FALSE,"BU",,
"","Burma",21.9162,95.956,176,62,6,2020-05-07,15,12,0,FALSE,FALSE,"BU",,
"","Burma",21.9162,95.956,177,67,6,2020-05-08,1,5,0,FALSE,FALSE,"BU",,
"","Burma",21.9162,95.956,178,68,6,2020-05-09,1,1,0,FALSE,FALSE,"BU",,
"","Burma",21.9162,95.956,180,72,6,2020-05-10,2,4,0,FALSE,FALSE,"BU",,
"","Burma",21.9162,95.956,180,74,6,2020-05-11,0,2,0,FALSE,FALSE,"BU",,
"","Burma",21.9162,95.956,180,76,6,2020-05-12,0,2,0,FALSE,FALSE,"BU",,
"","Burma",21.9162,95.956,181,79,6,2020-05-13,1,3,0,FALSE,FALSE,"BU",,
"","Burma",21.9162,95.956,181,84,6,2020-05-14,0,5,0,FALSE,FALSE,"BU",,
"","Burma",21.9162,95.956,182,89,6,2020-05-15,1,5,0,FALSE,FALSE,"BU",,
"","Burma",21.9162,95.956,182,96,6,2020-05-16,0,7,0,FALSE,FALSE,"BU",,
"","Burma",21.9162,95.956,184,97,6,2020-05-17,2,1,0,FALSE,FALSE,"BU",,
"","Burma",21.9162,95.956,191,101,6,2020-05-18,7,4,0,FALSE,FALSE,"BU",,
"","Burma",21.9162,95.956,193,104,6,2020-05-19,2,3,0,FALSE,FALSE,"BU",,
"","Burma",21.9162,95.956,199,108,6,2020-05-20,6,4,0,FALSE,FALSE,"BU",,
"","Burma",21.9162,95.956,199,108,6,2020-05-21,0,0,0,FALSE,FALSE,"BU",,
"","Burma",21.9162,95.956,199,116,6,2020-05-22,0,8,0,FALSE,FALSE,"BU",,
"","Burma",21.9162,95.956,201,120,6,2020-05-23,2,4,0,FALSE,FALSE,"BU",,
"","Burma",21.9162,95.956,201,122,6,2020-05-24,0,2,0,FALSE,FALSE,"BU",,
"","Burma",21.9162,95.956,203,123,6,2020-05-25,2,1,0,FALSE,FALSE,"BU",,
"","Burma",21.9162,95.956,206,124,6,2020-05-26,3,1,0,FALSE,FALSE,"BU",,
"","Burma",21.9162,95.956,206,126,6,2020-05-27,0,2,0,FALSE,FALSE,"BU",,
"","Burma",21.9162,95.956,206,126,6,2020-05-28,0,0,0,FALSE,FALSE,"BU",,
"","Burma",21.9162,95.956,207,130,6,2020-05-29,1,4,0,FALSE,FALSE,"BU",,
"","Burma",21.9162,95.956,224,130,6,2020-05-30,17,0,0,FALSE,FALSE,"BU",,
"","Burma",21.9162,95.956,224,138,6,2020-05-31,0,8,0,FALSE,FALSE,"BU",,
"","Burma",21.9162,95.956,228,138,6,2020-06-01,4,0,0,FALSE,FALSE,"BU",,
"","Burma",21.9162,95.956,232,143,6,2020-06-02,4,5,0,FALSE,FALSE,"BU",,
"","Burma",21.9162,95.956,233,145,6,2020-06-03,1,2,0,FALSE,FALSE,"BU",,
"","Burma",21.9162,95.956,236,148,6,2020-06-04,3,3,0,FALSE,FALSE,"BU",,
"","Burma",21.9162,95.956,236,151,6,2020-06-05,0,3,0,FALSE,FALSE,"BU",,
"","Burma",21.9162,95.956,240,156,6,2020-06-06,4,5,0,FALSE,FALSE,"BU",,
"","Burma",21.9162,95.956,242,156,6,2020-06-07,2,0,0,FALSE,FALSE,"BU",,
"","Burma",21.9162,95.956,244,159,6,2020-06-08,2,3,0,FALSE,FALSE,"BU",,
"","Burma",21.9162,95.956,246,159,6,2020-06-09,2,0,0,FALSE,FALSE,"BU",,
"","Burma",21.9162,95.956,248,165,6,2020-06-10,2,6,0,FALSE,FALSE,"BU",,
"","Burma",21.9162,95.956,260,165,6,2020-06-11,12,0,0,FALSE,FALSE,"BU",,
"","Burma",21.9162,95.956,261,165,6,2020-06-12,1,0,0,FALSE,FALSE,"BU",,
"","Burma",21.9162,95.956,261,167,6,2020-06-13,0,2,0,FALSE,FALSE,"BU",,
"","Burma",21.9162,95.956,261,167,6,2020-06-14,0,0,0,FALSE,FALSE,"BU",,
"","Burma",21.9162,95.956,262,175,6,2020-06-15,1,8,0,FALSE,FALSE,"BU",,
"","Burma",21.9162,95.956,262,179,6,2020-06-16,0,4,0,FALSE,FALSE,"BU",,
"","Burma",21.9162,95.956,262,185,6,2020-06-17,0,6,0,FALSE,FALSE,"BU",,
"","Burma",21.9162,95.956,286,187,6,2020-06-18,24,2,0,FALSE,FALSE,"BU",,
