"Province.State","Country.Region","Lat","Long","confirmed","recovered","deaths","date","confirmed_new","recovered_new","deaths_new","hasErrors","hasParent","country_code","country_code3","territory_code"
"","Canada",56.1304,-106.3468,,0,,2020-01-22,,0,,TRUE,FALSE,"CA","CAN",
"","Canada",56.1304,-106.3468,,0,,2020-01-23,,0,,TRUE,FALSE,"CA","CAN",
"","Canada",56.1304,-106.3468,,0,,2020-01-24,,0,,TRUE,FALSE,"CA","CAN",
"","Canada",56.1304,-106.3468,,0,,2020-01-25,,0,,TRUE,FALSE,"CA","CAN",
"","Canada",56.1304,-106.3468,,0,,2020-01-26,,0,,TRUE,FALSE,"CA","CAN",
"","Canada",56.1304,-106.3468,,0,,2020-01-27,,0,,TRUE,FALSE,"CA","CAN",
"","Canada",56.1304,-106.3468,,0,,2020-01-28,,0,,TRUE,FALSE,"CA","CAN",
"","Canada",56.1304,-106.3468,,0,,2020-01-29,,0,,TRUE,FALSE,"CA","CAN",
"","Canada",56.1304,-106.3468,,0,,2020-01-30,,0,,TRUE,FALSE,"CA","CAN",
"","Canada",56.1304,-106.3468,,0,,2020-01-31,,0,,TRUE,FALSE,"CA","CAN",
"","Canada",56.1304,-106.3468,,0,,2020-02-01,,0,,TRUE,FALSE,"CA","CAN",
"","Canada",56.1304,-106.3468,,0,,2020-02-02,,0,,TRUE,FALSE,"CA","CAN",
"","Canada",56.1304,-106.3468,,0,,2020-02-03,,0,,TRUE,FALSE,"CA","CAN",
"","Canada",56.1304,-106.3468,,0,,2020-02-04,,0,,TRUE,FALSE,"CA","CAN",
"","Canada",56.1304,-106.3468,,0,,2020-02-05,,0,,TRUE,FALSE,"CA","CAN",
"","Canada",56.1304,-106.3468,,0,,2020-02-06,,0,,TRUE,FALSE,"CA","CAN",
"","Canada",56.1304,-106.3468,,0,,2020-02-07,,0,,TRUE,FALSE,"CA","CAN",
"","Canada",56.1304,-106.3468,,0,,2020-02-08,,0,,TRUE,FALSE,"CA","CAN",
"","Canada",56.1304,-106.3468,,0,,2020-02-09,,0,,TRUE,FALSE,"CA","CAN",
"","Canada",56.1304,-106.3468,,0,,2020-02-10,,0,,TRUE,FALSE,"CA","CAN",
"","Canada",56.1304,-106.3468,,0,,2020-02-11,,0,,TRUE,FALSE,"CA","CAN",
"","Canada",56.1304,-106.3468,,1,,2020-02-12,,1,,TRUE,FALSE,"CA","CAN",
"","Canada",56.1304,-106.3468,,1,,2020-02-13,,0,,TRUE,FALSE,"CA","CAN",
"","Canada",56.1304,-106.3468,,1,,2020-02-14,,0,,TRUE,FALSE,"CA","CAN",
"","Canada",56.1304,-106.3468,,1,,2020-02-15,,0,,TRUE,FALSE,"CA","CAN",
"","Canada",56.1304,-106.3468,,1,,2020-02-16,,0,,TRUE,FALSE,"CA","CAN",
"","Canada",56.1304,-106.3468,,1,,2020-02-17,,0,,TRUE,FALSE,"CA","CAN",
"","Canada",56.1304,-106.3468,,1,,2020-02-18,,0,,TRUE,FALSE,"CA","CAN",
"","Canada",56.1304,-106.3468,,1,,2020-02-19,,0,,TRUE,FALSE,"CA","CAN",
"","Canada",56.1304,-106.3468,,1,,2020-02-20,,0,,TRUE,FALSE,"CA","CAN",
"","Canada",56.1304,-106.3468,,3,,2020-02-21,,2,,TRUE,FALSE,"CA","CAN",
"","Canada",56.1304,-106.3468,,3,,2020-02-22,,0,,TRUE,FALSE,"CA","CAN",
"","Canada",56.1304,-106.3468,,3,,2020-02-23,,0,,TRUE,FALSE,"CA","CAN",
"","Canada",56.1304,-106.3468,,3,,2020-02-24,,0,,TRUE,FALSE,"CA","CAN",
"","Canada",56.1304,-106.3468,,3,,2020-02-25,,0,,TRUE,FALSE,"CA","CAN",
"","Canada",56.1304,-106.3468,,3,,2020-02-26,,0,,TRUE,FALSE,"CA","CAN",
"","Canada",56.1304,-106.3468,,6,,2020-02-27,,3,,TRUE,FALSE,"CA","CAN",
"","Canada",56.1304,-106.3468,,6,,2020-02-28,,0,,TRUE,FALSE,"CA","CAN",
"","Canada",56.1304,-106.3468,,6,,2020-02-29,,0,,TRUE,FALSE,"CA","CAN",
"","Canada",56.1304,-106.3468,,6,,2020-03-01,,0,,TRUE,FALSE,"CA","CAN",
"","Canada",56.1304,-106.3468,,6,,2020-03-02,,0,,TRUE,FALSE,"CA","CAN",
"","Canada",56.1304,-106.3468,,6,,2020-03-03,,0,,TRUE,FALSE,"CA","CAN",
"","Canada",56.1304,-106.3468,,6,,2020-03-04,,0,,TRUE,FALSE,"CA","CAN",
"","Canada",56.1304,-106.3468,,6,,2020-03-05,,0,,TRUE,FALSE,"CA","CAN",
"","Canada",56.1304,-106.3468,,6,,2020-03-06,,0,,TRUE,FALSE,"CA","CAN",
"","Canada",56.1304,-106.3468,,8,,2020-03-07,,2,,TRUE,FALSE,"CA","CAN",
"","Canada",56.1304,-106.3468,,8,,2020-03-08,,0,,TRUE,FALSE,"CA","CAN",
"","Canada",56.1304,-106.3468,,8,,2020-03-09,,0,,TRUE,FALSE,"CA","CAN",
"","Canada",56.1304,-106.3468,,8,,2020-03-10,,0,,TRUE,FALSE,"CA","CAN",
"","Canada",56.1304,-106.3468,,8,,2020-03-11,,0,,TRUE,FALSE,"CA","CAN",
"","Canada",56.1304,-106.3468,,8,,2020-03-12,,0,,TRUE,FALSE,"CA","CAN",
"","Canada",56.1304,-106.3468,,8,,2020-03-13,,0,,TRUE,FALSE,"CA","CAN",
"","Canada",56.1304,-106.3468,,8,,2020-03-14,,0,,TRUE,FALSE,"CA","CAN",
"","Canada",56.1304,-106.3468,,8,,2020-03-15,,0,,TRUE,FALSE,"CA","CAN",
"","Canada",56.1304,-106.3468,,9,,2020-03-16,,1,,TRUE,FALSE,"CA","CAN",
"","Canada",56.1304,-106.3468,,9,,2020-03-17,,0,,TRUE,FALSE,"CA","CAN",
"","Canada",56.1304,-106.3468,,9,,2020-03-18,,0,,TRUE,FALSE,"CA","CAN",
"","Canada",56.1304,-106.3468,,9,,2020-03-19,,0,,TRUE,FALSE,"CA","CAN",
"","Canada",56.1304,-106.3468,,9,,2020-03-20,,0,,TRUE,FALSE,"CA","CAN",
"","Canada",56.1304,-106.3468,,10,,2020-03-21,,1,,TRUE,FALSE,"CA","CAN",
"","Canada",56.1304,-106.3468,,10,,2020-03-22,,0,,TRUE,FALSE,"CA","CAN",
"","Canada",56.1304,-106.3468,,10,,2020-03-23,,0,,TRUE,FALSE,"CA","CAN",
"","Canada",56.1304,-106.3468,,110,,2020-03-24,,100,,TRUE,FALSE,"CA","CAN",
"","Canada",56.1304,-106.3468,,183,,2020-03-25,,73,,TRUE,FALSE,"CA","CAN",
"","Canada",56.1304,-106.3468,,184,,2020-03-26,,1,,TRUE,FALSE,"CA","CAN",
"","Canada",56.1304,-106.3468,,256,,2020-03-27,,72,,TRUE,FALSE,"CA","CAN",
"","Canada",56.1304,-106.3468,,466,,2020-03-28,,210,,TRUE,FALSE,"CA","CAN",
"","Canada",56.1304,-106.3468,,466,,2020-03-29,,0,,TRUE,FALSE,"CA","CAN",
"","Canada",56.1304,-106.3468,,466,,2020-03-30,,0,,TRUE,FALSE,"CA","CAN",
"","Canada",56.1304,-106.3468,,1592,,2020-03-31,,1126,,TRUE,FALSE,"CA","CAN",
"","Canada",56.1304,-106.3468,,1324,,2020-04-01,,-268,,TRUE,FALSE,"CA","CAN",
"","Canada",56.1304,-106.3468,,1735,,2020-04-02,,411,,TRUE,FALSE,"CA","CAN",
"","Canada",56.1304,-106.3468,,2175,,2020-04-03,,440,,TRUE,FALSE,"CA","CAN",
"","Canada",56.1304,-106.3468,,2577,,2020-04-04,,402,,TRUE,FALSE,"CA","CAN",
"","Canada",56.1304,-106.3468,,3012,,2020-04-05,,435,,TRUE,FALSE,"CA","CAN",
"","Canada",56.1304,-106.3468,,3256,,2020-04-06,,244,,TRUE,FALSE,"CA","CAN",
"","Canada",56.1304,-106.3468,,3791,,2020-04-07,,535,,TRUE,FALSE,"CA","CAN",
"","Canada",56.1304,-106.3468,,4154,,2020-04-08,,363,,TRUE,FALSE,"CA","CAN",
"","Canada",56.1304,-106.3468,,5162,,2020-04-09,,1008,,TRUE,FALSE,"CA","CAN",
"","Canada",56.1304,-106.3468,,5855,,2020-04-10,,693,,TRUE,FALSE,"CA","CAN",
"","Canada",56.1304,-106.3468,,6589,,2020-04-11,,734,,TRUE,FALSE,"CA","CAN",
"","Canada",56.1304,-106.3468,,7123,,2020-04-12,,534,,TRUE,FALSE,"CA","CAN",
"","Canada",56.1304,-106.3468,,7758,,2020-04-13,,635,,TRUE,FALSE,"CA","CAN",
"","Canada",56.1304,-106.3468,,8210,,2020-04-14,,452,,TRUE,FALSE,"CA","CAN",
"","Canada",56.1304,-106.3468,,8966,,2020-04-15,,756,,TRUE,FALSE,"CA","CAN",
"","Canada",56.1304,-106.3468,,9698,,2020-04-16,,732,,TRUE,FALSE,"CA","CAN",
"","Canada",56.1304,-106.3468,,10545,,2020-04-17,,847,,TRUE,FALSE,"CA","CAN",
"","Canada",56.1304,-106.3468,,10964,,2020-04-18,,419,,TRUE,FALSE,"CA","CAN",
"","Canada",56.1304,-106.3468,,11847,,2020-04-19,,883,,TRUE,FALSE,"CA","CAN",
"","Canada",56.1304,-106.3468,,12543,,2020-04-20,,696,,TRUE,FALSE,"CA","CAN",
"","Canada",56.1304,-106.3468,,13188,,2020-04-21,,645,,TRUE,FALSE,"CA","CAN",
"","Canada",56.1304,-106.3468,,14454,,2020-04-22,,1266,,TRUE,FALSE,"CA","CAN",
"","Canada",56.1304,-106.3468,,14761,,2020-04-23,,307,,TRUE,FALSE,"CA","CAN",
"","Canada",56.1304,-106.3468,,15149,,2020-04-24,,388,,TRUE,FALSE,"CA","CAN",
"","Canada",56.1304,-106.3468,,16013,,2020-04-25,,864,,TRUE,FALSE,"CA","CAN",
"","Canada",56.1304,-106.3468,,16883,,2020-04-26,,870,,TRUE,FALSE,"CA","CAN",
"","Canada",56.1304,-106.3468,,18268,,2020-04-27,,1385,,TRUE,FALSE,"CA","CAN",
"","Canada",56.1304,-106.3468,,19231,,2020-04-28,,963,,TRUE,FALSE,"CA","CAN",
"","Canada",56.1304,-106.3468,,20327,,2020-04-29,,1096,,TRUE,FALSE,"CA","CAN",
"","Canada",56.1304,-106.3468,,21424,,2020-04-30,,1097,,TRUE,FALSE,"CA","CAN",
"","Canada",56.1304,-106.3468,,22764,,2020-05-01,,1340,,TRUE,FALSE,"CA","CAN",
"","Canada",56.1304,-106.3468,,23814,,2020-05-02,,1050,,TRUE,FALSE,"CA","CAN",
"","Canada",56.1304,-106.3468,,24921,,2020-05-03,,1107,,TRUE,FALSE,"CA","CAN",
"","Canada",56.1304,-106.3468,,26030,,2020-05-04,,1109,,TRUE,FALSE,"CA","CAN",
"","Canada",56.1304,-106.3468,,27006,,2020-05-05,,976,,TRUE,FALSE,"CA","CAN",
"","Canada",56.1304,-106.3468,,28184,,2020-05-06,,1178,,TRUE,FALSE,"CA","CAN",
"","Canada",56.1304,-106.3468,,29260,,2020-05-07,,1076,,TRUE,FALSE,"CA","CAN",
"","Canada",56.1304,-106.3468,,30239,,2020-05-08,,979,,TRUE,FALSE,"CA","CAN",
"","Canada",56.1304,-106.3468,,31262,,2020-05-09,,1023,,TRUE,FALSE,"CA","CAN",
"","Canada",56.1304,-106.3468,,32109,,2020-05-10,,847,,TRUE,FALSE,"CA","CAN",
"","Canada",56.1304,-106.3468,,33007,,2020-05-11,,898,,TRUE,FALSE,"CA","CAN",
"","Canada",56.1304,-106.3468,,34055,,2020-05-12,,1048,,TRUE,FALSE,"CA","CAN",
"","Canada",56.1304,-106.3468,,35177,,2020-05-13,,1122,,TRUE,FALSE,"CA","CAN",
"","Canada",56.1304,-106.3468,,36104,,2020-05-14,,927,,TRUE,FALSE,"CA","CAN",
"","Canada",56.1304,-106.3468,,36908,,2020-05-15,,804,,TRUE,FALSE,"CA","CAN",
"","Canada",56.1304,-106.3468,,37832,,2020-05-16,,924,,TRUE,FALSE,"CA","CAN",
"","Canada",56.1304,-106.3468,,38563,,2020-05-17,,731,,TRUE,FALSE,"CA","CAN",
"","Canada",56.1304,-106.3468,,39251,,2020-05-18,,688,,TRUE,FALSE,"CA","CAN",
"","Canada",56.1304,-106.3468,,40069,,2020-05-19,,818,,TRUE,FALSE,"CA","CAN",
"","Canada",56.1304,-106.3468,,40793,,2020-05-20,,724,,TRUE,FALSE,"CA","CAN",
"","Canada",56.1304,-106.3468,,41731,,2020-05-21,,938,,TRUE,FALSE,"CA","CAN",
"","Canada",56.1304,-106.3468,,42608,,2020-05-22,,877,,TRUE,FALSE,"CA","CAN",
"","Canada",56.1304,-106.3468,,43318,,2020-05-23,,710,,TRUE,FALSE,"CA","CAN",
"","Canada",56.1304,-106.3468,,43998,,2020-05-24,,680,,TRUE,FALSE,"CA","CAN",
"","Canada",56.1304,-106.3468,,44651,,2020-05-25,,653,,TRUE,FALSE,"CA","CAN",
"","Canada",56.1304,-106.3468,,45352,,2020-05-26,,701,,TRUE,FALSE,"CA","CAN",
"","Canada",56.1304,-106.3468,,46248,,2020-05-27,,896,,TRUE,FALSE,"CA","CAN",
"","Canada",56.1304,-106.3468,,46961,,2020-05-28,,713,,TRUE,FALSE,"CA","CAN",
"","Canada",56.1304,-106.3468,,47905,,2020-05-29,,944,,TRUE,FALSE,"CA","CAN",
"","Canada",56.1304,-106.3468,,48517,,2020-05-30,,612,,TRUE,FALSE,"CA","CAN",
"","Canada",56.1304,-106.3468,,49213,,2020-05-31,,696,,TRUE,FALSE,"CA","CAN",
"","Canada",56.1304,-106.3468,,50091,,2020-06-01,,878,,TRUE,FALSE,"CA","CAN",
"","Canada",56.1304,-106.3468,,50725,,2020-06-02,,634,,TRUE,FALSE,"CA","CAN",
"","Canada",56.1304,-106.3468,,51506,,2020-06-03,,781,,TRUE,FALSE,"CA","CAN",
"","Canada",56.1304,-106.3468,,52184,,2020-06-04,,678,,TRUE,FALSE,"CA","CAN",
"","Canada",56.1304,-106.3468,,53074,,2020-06-05,,890,,TRUE,FALSE,"CA","CAN",
"","Canada",56.1304,-106.3468,,54087,,2020-06-06,,1013,,TRUE,FALSE,"CA","CAN",
"","Canada",56.1304,-106.3468,,54675,,2020-06-07,,588,,TRUE,FALSE,"CA","CAN",
"","Canada",56.1304,-106.3468,,55343,,2020-06-08,,668,,TRUE,FALSE,"CA","CAN",
"","Canada",56.1304,-106.3468,,56117,,2020-06-09,,774,,TRUE,FALSE,"CA","CAN",
"","Canada",56.1304,-106.3468,,57215,,2020-06-10,,1098,,TRUE,FALSE,"CA","CAN",
"","Canada",56.1304,-106.3468,,58131,,2020-06-11,,916,,TRUE,FALSE,"CA","CAN",
"","Canada",56.1304,-106.3468,,59034,,2020-06-12,,903,,TRUE,FALSE,"CA","CAN",
"","Canada",56.1304,-106.3468,,59851,,2020-06-13,,817,,TRUE,FALSE,"CA","CAN",
"","Canada",56.1304,-106.3468,,60668,,2020-06-14,,817,,TRUE,FALSE,"CA","CAN",
"","Canada",56.1304,-106.3468,,61466,,2020-06-15,,798,,TRUE,FALSE,"CA","CAN",
"","Canada",56.1304,-106.3468,,61899,,2020-06-16,,433,,TRUE,FALSE,"CA","CAN",
"","Canada",56.1304,-106.3468,,63280,,2020-06-17,,1381,,TRUE,FALSE,"CA","CAN",
"","Canada",56.1304,-106.3468,,63782,,2020-06-18,,502,,TRUE,FALSE,"CA","CAN",
"","Canada",56.1304,-106.3468,,64318,,2020-06-19,,536,,TRUE,FALSE,"CA","CAN",
"","Canada",56.1304,-106.3468,,64826,,2020-06-20,,508,,TRUE,FALSE,"CA","CAN",
"","Canada",56.1304,-106.3468,,65249,,2020-06-21,,423,,TRUE,FALSE,"CA","CAN",
"","Canada",56.1304,-106.3468,,65721,,2020-06-22,,472,,TRUE,FALSE,"CA","CAN",
"","Canada",56.1304,-106.3468,,66135,,2020-06-23,,414,,TRUE,FALSE,"CA","CAN",
"","Canada",56.1304,-106.3468,,66533,,2020-06-24,,398,,TRUE,FALSE,"CA","CAN",
"","Canada",56.1304,-106.3468,,66869,,2020-06-25,,336,,TRUE,FALSE,"CA","CAN",
"","Canada",56.1304,-106.3468,,67182,,2020-06-26,,313,,TRUE,FALSE,"CA","CAN",
"","Canada",56.1304,-106.3468,,67445,,2020-06-27,,263,,TRUE,FALSE,"CA","CAN",
"","Canada",56.1304,-106.3468,,67689,,2020-06-28,,244,,TRUE,FALSE,"CA","CAN",
"","Canada",56.1304,-106.3468,,68698,,2020-06-29,,1009,,TRUE,FALSE,"CA","CAN",
"","Canada",56.1304,-106.3468,,69120,,2020-06-30,,422,,TRUE,FALSE,"CA","CAN",
"","Canada",56.1304,-106.3468,,69397,,2020-07-01,,277,,TRUE,FALSE,"CA","CAN",
"","Canada",56.1304,-106.3468,,69872,,2020-07-02,,475,,TRUE,FALSE,"CA","CAN",
"","Canada",56.1304,-106.3468,,70232,,2020-07-03,,360,,TRUE,FALSE,"CA","CAN",
"","Canada",56.1304,-106.3468,,70507,,2020-07-04,,275,,TRUE,FALSE,"CA","CAN",
"","Canada",56.1304,-106.3468,,70772,,2020-07-05,,265,,TRUE,FALSE,"CA","CAN",
"","Canada",56.1304,-106.3468,,71141,,2020-07-06,,369,,TRUE,FALSE,"CA","CAN",
"","Canada",56.1304,-106.3468,,71418,,2020-07-07,,277,,TRUE,FALSE,"CA","CAN",
"","Canada",56.1304,-106.3468,,71805,,2020-07-08,,387,,TRUE,FALSE,"CA","CAN",
"","Canada",56.1304,-106.3468,,72095,,2020-07-09,,290,,TRUE,FALSE,"CA","CAN",
"","Canada",56.1304,-106.3468,,72466,,2020-07-10,,371,,TRUE,FALSE,"CA","CAN",
"","Canada",56.1304,-106.3468,,72784,,2020-07-11,,318,,TRUE,FALSE,"CA","CAN",
"","Canada",56.1304,-106.3468,,72954,,2020-07-12,,170,,TRUE,FALSE,"CA","CAN",
