"Province.State","Country.Region","Lat","Long","confirmed","recovered","deaths","date","confirmed_new","recovered_new","deaths_new","hasErrors","hasParent","country_code","country_code3","territory_code"
"","Switzerland",46.8182,8.2275,0,0,0,2020-01-22,0,0,0,FALSE,FALSE,"CH","CHE",
"","Switzerland",46.8182,8.2275,0,0,0,2020-01-23,0,0,0,FALSE,FALSE,"CH","CHE",
"","Switzerland",46.8182,8.2275,0,0,0,2020-01-24,0,0,0,FALSE,FALSE,"CH","CHE",
"","Switzerland",46.8182,8.2275,0,0,0,2020-01-25,0,0,0,FALSE,FALSE,"CH","CHE",
"","Switzerland",46.8182,8.2275,0,0,0,2020-01-26,0,0,0,FALSE,FALSE,"CH","CHE",
"","Switzerland",46.8182,8.2275,0,0,0,2020-01-27,0,0,0,FALSE,FALSE,"CH","CHE",
"","Switzerland",46.8182,8.2275,0,0,0,2020-01-28,0,0,0,FALSE,FALSE,"CH","CHE",
"","Switzerland",46.8182,8.2275,0,0,0,2020-01-29,0,0,0,FALSE,FALSE,"CH","CHE",
"","Switzerland",46.8182,8.2275,0,0,0,2020-01-30,0,0,0,FALSE,FALSE,"CH","CHE",
"","Switzerland",46.8182,8.2275,0,0,0,2020-01-31,0,0,0,FALSE,FALSE,"CH","CHE",
"","Switzerland",46.8182,8.2275,0,0,0,2020-02-01,0,0,0,FALSE,FALSE,"CH","CHE",
"","Switzerland",46.8182,8.2275,0,0,0,2020-02-02,0,0,0,FALSE,FALSE,"CH","CHE",
"","Switzerland",46.8182,8.2275,0,0,0,2020-02-03,0,0,0,FALSE,FALSE,"CH","CHE",
"","Switzerland",46.8182,8.2275,0,0,0,2020-02-04,0,0,0,FALSE,FALSE,"CH","CHE",
"","Switzerland",46.8182,8.2275,0,0,0,2020-02-05,0,0,0,FALSE,FALSE,"CH","CHE",
"","Switzerland",46.8182,8.2275,0,0,0,2020-02-06,0,0,0,FALSE,FALSE,"CH","CHE",
"","Switzerland",46.8182,8.2275,0,0,0,2020-02-07,0,0,0,FALSE,FALSE,"CH","CHE",
"","Switzerland",46.8182,8.2275,0,0,0,2020-02-08,0,0,0,FALSE,FALSE,"CH","CHE",
"","Switzerland",46.8182,8.2275,0,0,0,2020-02-09,0,0,0,FALSE,FALSE,"CH","CHE",
"","Switzerland",46.8182,8.2275,0,0,0,2020-02-10,0,0,0,FALSE,FALSE,"CH","CHE",
"","Switzerland",46.8182,8.2275,0,0,0,2020-02-11,0,0,0,FALSE,FALSE,"CH","CHE",
"","Switzerland",46.8182,8.2275,0,0,0,2020-02-12,0,0,0,FALSE,FALSE,"CH","CHE",
"","Switzerland",46.8182,8.2275,0,0,0,2020-02-13,0,0,0,FALSE,FALSE,"CH","CHE",
"","Switzerland",46.8182,8.2275,0,0,0,2020-02-14,0,0,0,FALSE,FALSE,"CH","CHE",
"","Switzerland",46.8182,8.2275,0,0,0,2020-02-15,0,0,0,FALSE,FALSE,"CH","CHE",
"","Switzerland",46.8182,8.2275,0,0,0,2020-02-16,0,0,0,FALSE,FALSE,"CH","CHE",
"","Switzerland",46.8182,8.2275,0,0,0,2020-02-17,0,0,0,FALSE,FALSE,"CH","CHE",
"","Switzerland",46.8182,8.2275,0,0,0,2020-02-18,0,0,0,FALSE,FALSE,"CH","CHE",
"","Switzerland",46.8182,8.2275,0,0,0,2020-02-19,0,0,0,FALSE,FALSE,"CH","CHE",
"","Switzerland",46.8182,8.2275,0,0,0,2020-02-20,0,0,0,FALSE,FALSE,"CH","CHE",
"","Switzerland",46.8182,8.2275,0,0,0,2020-02-21,0,0,0,FALSE,FALSE,"CH","CHE",
"","Switzerland",46.8182,8.2275,0,0,0,2020-02-22,0,0,0,FALSE,FALSE,"CH","CHE",
"","Switzerland",46.8182,8.2275,0,0,0,2020-02-23,0,0,0,FALSE,FALSE,"CH","CHE",
"","Switzerland",46.8182,8.2275,0,0,0,2020-02-24,0,0,0,FALSE,FALSE,"CH","CHE",
"","Switzerland",46.8182,8.2275,1,0,0,2020-02-25,1,0,0,FALSE,FALSE,"CH","CHE",
"","Switzerland",46.8182,8.2275,1,0,0,2020-02-26,0,0,0,FALSE,FALSE,"CH","CHE",
"","Switzerland",46.8182,8.2275,8,0,0,2020-02-27,7,0,0,FALSE,FALSE,"CH","CHE",
"","Switzerland",46.8182,8.2275,8,0,0,2020-02-28,0,0,0,FALSE,FALSE,"CH","CHE",
"","Switzerland",46.8182,8.2275,18,0,0,2020-02-29,10,0,0,FALSE,FALSE,"CH","CHE",
"","Switzerland",46.8182,8.2275,27,0,0,2020-03-01,9,0,0,FALSE,FALSE,"CH","CHE",
"","Switzerland",46.8182,8.2275,42,0,0,2020-03-02,15,0,0,FALSE,FALSE,"CH","CHE",
"","Switzerland",46.8182,8.2275,56,2,0,2020-03-03,14,2,0,FALSE,FALSE,"CH","CHE",
"","Switzerland",46.8182,8.2275,90,3,0,2020-03-04,34,1,0,FALSE,FALSE,"CH","CHE",
"","Switzerland",46.8182,8.2275,114,3,1,2020-03-05,24,0,1,FALSE,FALSE,"CH","CHE",
"","Switzerland",46.8182,8.2275,214,3,1,2020-03-06,100,0,0,FALSE,FALSE,"CH","CHE",
"","Switzerland",46.8182,8.2275,268,3,1,2020-03-07,54,0,0,FALSE,FALSE,"CH","CHE",
"","Switzerland",46.8182,8.2275,337,3,2,2020-03-08,69,0,1,FALSE,FALSE,"CH","CHE",
"","Switzerland",46.8182,8.2275,374,3,2,2020-03-09,37,0,0,FALSE,FALSE,"CH","CHE",
"","Switzerland",46.8182,8.2275,491,3,3,2020-03-10,117,0,1,FALSE,FALSE,"CH","CHE",
"","Switzerland",46.8182,8.2275,652,4,4,2020-03-11,161,1,1,FALSE,FALSE,"CH","CHE",
"","Switzerland",46.8182,8.2275,652,4,4,2020-03-12,0,0,0,FALSE,FALSE,"CH","CHE",
"","Switzerland",46.8182,8.2275,1139,4,11,2020-03-13,487,0,7,FALSE,FALSE,"CH","CHE",
"","Switzerland",46.8182,8.2275,1359,4,13,2020-03-14,220,0,2,FALSE,FALSE,"CH","CHE",
"","Switzerland",46.8182,8.2275,2200,4,14,2020-03-15,841,0,1,FALSE,FALSE,"CH","CHE",
"","Switzerland",46.8182,8.2275,2200,4,14,2020-03-16,0,0,0,FALSE,FALSE,"CH","CHE",
"","Switzerland",46.8182,8.2275,2700,4,27,2020-03-17,500,0,13,FALSE,FALSE,"CH","CHE",
"","Switzerland",46.8182,8.2275,3028,15,28,2020-03-18,328,11,1,FALSE,FALSE,"CH","CHE",
"","Switzerland",46.8182,8.2275,4075,15,41,2020-03-19,1047,0,13,FALSE,FALSE,"CH","CHE",
"","Switzerland",46.8182,8.2275,5294,15,54,2020-03-20,1219,0,13,FALSE,FALSE,"CH","CHE",
"","Switzerland",46.8182,8.2275,6575,15,75,2020-03-21,1281,0,21,FALSE,FALSE,"CH","CHE",
"","Switzerland",46.8182,8.2275,7474,131,98,2020-03-22,899,116,23,FALSE,FALSE,"CH","CHE",
"","Switzerland",46.8182,8.2275,8795,131,120,2020-03-23,1321,0,22,FALSE,FALSE,"CH","CHE",
"","Switzerland",46.8182,8.2275,9877,131,122,2020-03-24,1082,0,2,FALSE,FALSE,"CH","CHE",
"","Switzerland",46.8182,8.2275,10897,131,153,2020-03-25,1020,0,31,FALSE,FALSE,"CH","CHE",
"","Switzerland",46.8182,8.2275,11811,131,191,2020-03-26,914,0,38,FALSE,FALSE,"CH","CHE",
"","Switzerland",46.8182,8.2275,12928,1530,231,2020-03-27,1117,1399,40,FALSE,FALSE,"CH","CHE",
"","Switzerland",46.8182,8.2275,14076,1530,264,2020-03-28,1148,0,33,FALSE,FALSE,"CH","CHE",
"","Switzerland",46.8182,8.2275,14829,1595,300,2020-03-29,753,65,36,FALSE,FALSE,"CH","CHE",
"","Switzerland",46.8182,8.2275,15922,1823,359,2020-03-30,1093,228,59,FALSE,FALSE,"CH","CHE",
"","Switzerland",46.8182,8.2275,16605,1823,433,2020-03-31,683,0,74,FALSE,FALSE,"CH","CHE",
"","Switzerland",46.8182,8.2275,17768,2967,488,2020-04-01,1163,1144,55,FALSE,FALSE,"CH","CHE",
"","Switzerland",46.8182,8.2275,18827,4013,536,2020-04-02,1059,1046,48,FALSE,FALSE,"CH","CHE",
"","Switzerland",46.8182,8.2275,19606,4846,591,2020-04-03,779,833,55,FALSE,FALSE,"CH","CHE",
"","Switzerland",46.8182,8.2275,20505,6415,666,2020-04-04,899,1569,75,FALSE,FALSE,"CH","CHE",
"","Switzerland",46.8182,8.2275,21100,6415,715,2020-04-05,595,0,49,FALSE,FALSE,"CH","CHE",
"","Switzerland",46.8182,8.2275,21657,8056,765,2020-04-06,557,1641,50,FALSE,FALSE,"CH","CHE",
"","Switzerland",46.8182,8.2275,22253,8704,821,2020-04-07,596,648,56,FALSE,FALSE,"CH","CHE",
"","Switzerland",46.8182,8.2275,23280,9800,895,2020-04-08,1027,1096,74,FALSE,FALSE,"CH","CHE",
"","Switzerland",46.8182,8.2275,24051,10600,948,2020-04-09,771,800,53,FALSE,FALSE,"CH","CHE",
"","Switzerland",46.8182,8.2275,24551,11100,1002,2020-04-10,500,500,54,FALSE,FALSE,"CH","CHE",
"","Switzerland",46.8182,8.2275,25107,12100,1036,2020-04-11,556,1000,34,FALSE,FALSE,"CH","CHE",
"","Switzerland",46.8182,8.2275,25415,12700,1106,2020-04-12,308,600,70,FALSE,FALSE,"CH","CHE",
"","Switzerland",46.8182,8.2275,25688,13700,1138,2020-04-13,273,1000,32,FALSE,FALSE,"CH","CHE",
"","Switzerland",46.8182,8.2275,25936,13700,1174,2020-04-14,248,0,36,FALSE,FALSE,"CH","CHE",
"","Switzerland",46.8182,8.2275,26336,15400,1239,2020-04-15,400,1700,65,FALSE,FALSE,"CH","CHE",
"","Switzerland",46.8182,8.2275,26732,15900,1281,2020-04-16,396,500,42,FALSE,FALSE,"CH","CHE",
"","Switzerland",46.8182,8.2275,27078,16400,1327,2020-04-17,346,500,46,FALSE,FALSE,"CH","CHE",
"","Switzerland",46.8182,8.2275,27404,17100,1368,2020-04-18,326,700,41,FALSE,FALSE,"CH","CHE",
"","Switzerland",46.8182,8.2275,27740,17800,1393,2020-04-19,336,700,25,FALSE,FALSE,"CH","CHE",
"","Switzerland",46.8182,8.2275,27944,18600,1429,2020-04-20,204,800,36,FALSE,FALSE,"CH","CHE",
"","Switzerland",46.8182,8.2275,28063,19400,1478,2020-04-21,119,800,49,FALSE,FALSE,"CH","CHE",
"","Switzerland",46.8182,8.2275,28268,19900,1509,2020-04-22,205,500,31,FALSE,FALSE,"CH","CHE",
"","Switzerland",46.8182,8.2275,28496,20600,1549,2020-04-23,228,700,40,FALSE,FALSE,"CH","CHE",
"","Switzerland",46.8182,8.2275,28677,21000,1589,2020-04-24,181,400,40,FALSE,FALSE,"CH","CHE",
"","Switzerland",46.8182,8.2275,28894,21300,1599,2020-04-25,217,300,10,FALSE,FALSE,"CH","CHE",
"","Switzerland",46.8182,8.2275,29061,21800,1610,2020-04-26,167,500,11,FALSE,FALSE,"CH","CHE",
"","Switzerland",46.8182,8.2275,29164,22200,1665,2020-04-27,103,400,55,FALSE,FALSE,"CH","CHE",
"","Switzerland",46.8182,8.2275,29264,22600,1699,2020-04-28,100,400,34,FALSE,FALSE,"CH","CHE",
"","Switzerland",46.8182,8.2275,29407,22600,1716,2020-04-29,143,0,17,FALSE,FALSE,"CH","CHE",
"","Switzerland",46.8182,8.2275,29586,23400,1737,2020-04-30,179,800,21,FALSE,FALSE,"CH","CHE",
"","Switzerland",46.8182,8.2275,29705,23900,1754,2020-05-01,119,500,17,FALSE,FALSE,"CH","CHE",
"","Switzerland",46.8182,8.2275,29817,24200,1762,2020-05-02,112,300,8,FALSE,FALSE,"CH","CHE",
"","Switzerland",46.8182,8.2275,29905,24500,1762,2020-05-03,88,300,0,FALSE,FALSE,"CH","CHE",
"","Switzerland",46.8182,8.2275,29981,25200,1784,2020-05-04,76,700,22,FALSE,FALSE,"CH","CHE",
"","Switzerland",46.8182,8.2275,30009,25400,1795,2020-05-05,28,200,11,FALSE,FALSE,"CH","CHE",
"","Switzerland",46.8182,8.2275,30060,25700,1805,2020-05-06,51,300,10,FALSE,FALSE,"CH","CHE",
"","Switzerland",46.8182,8.2275,30126,25900,1810,2020-05-07,66,200,5,FALSE,FALSE,"CH","CHE",
"","Switzerland",46.8182,8.2275,30207,26100,1823,2020-05-08,81,200,13,FALSE,FALSE,"CH","CHE",
"","Switzerland",46.8182,8.2275,30251,26400,1830,2020-05-09,44,300,7,FALSE,FALSE,"CH","CHE",
"","Switzerland",46.8182,8.2275,30305,26600,1833,2020-05-10,54,200,3,FALSE,FALSE,"CH","CHE",
"","Switzerland",46.8182,8.2275,30344,26800,1845,2020-05-11,39,200,12,FALSE,FALSE,"CH","CHE",
"","Switzerland",46.8182,8.2275,30380,26800,1867,2020-05-12,36,0,22,FALSE,FALSE,"CH","CHE",
"","Switzerland",46.8182,8.2275,30413,27100,1870,2020-05-13,33,300,3,FALSE,FALSE,"CH","CHE",
"","Switzerland",46.8182,8.2275,30463,27100,1872,2020-05-14,50,0,2,FALSE,FALSE,"CH","CHE",
"","Switzerland",46.8182,8.2275,30514,27100,1878,2020-05-15,51,0,6,FALSE,FALSE,"CH","CHE",
"","Switzerland",46.8182,8.2275,30572,27400,1879,2020-05-16,58,300,1,FALSE,FALSE,"CH","CHE",
"","Switzerland",46.8182,8.2275,30587,27500,1881,2020-05-17,15,100,2,FALSE,FALSE,"CH","CHE",
"","Switzerland",46.8182,8.2275,30597,27600,1886,2020-05-18,10,100,5,FALSE,FALSE,"CH","CHE",
