"Province.State","Country.Region","Lat","Long","confirmed","recovered","deaths","date","confirmed_new","recovered_new","deaths_new","hasErrors","hasParent","country_code","country_code3","territory_code"
"Hebei","China",39.549,116.1306,1,0,0,2020-01-22,1,0,0,FALSE,TRUE,"CN","CHN","CN-HE"
"Hebei","China",39.549,116.1306,1,0,1,2020-01-23,0,0,1,FALSE,TRUE,"CN","CHN","CN-HE"
"Hebei","China",39.549,116.1306,2,0,1,2020-01-24,1,0,0,FALSE,TRUE,"CN","CHN","CN-HE"
"Hebei","China",39.549,116.1306,8,0,1,2020-01-25,6,0,0,FALSE,TRUE,"CN","CHN","CN-HE"
"Hebei","China",39.549,116.1306,13,0,1,2020-01-26,5,0,0,FALSE,TRUE,"CN","CHN","CN-HE"
"Hebei","China",39.549,116.1306,18,0,1,2020-01-27,5,0,0,FALSE,TRUE,"CN","CHN","CN-HE"
"Hebei","China",39.549,116.1306,33,0,1,2020-01-28,15,0,0,FALSE,TRUE,"CN","CHN","CN-HE"
"Hebei","China",39.549,116.1306,48,0,1,2020-01-29,15,0,0,FALSE,TRUE,"CN","CHN","CN-HE"
"Hebei","China",39.549,116.1306,65,0,1,2020-01-30,17,0,0,FALSE,TRUE,"CN","CHN","CN-HE"
"Hebei","China",39.549,116.1306,82,0,1,2020-01-31,17,0,0,FALSE,TRUE,"CN","CHN","CN-HE"
"Hebei","China",39.549,116.1306,96,0,1,2020-02-01,14,0,0,FALSE,TRUE,"CN","CHN","CN-HE"
"Hebei","China",39.549,116.1306,104,3,1,2020-02-02,8,3,0,FALSE,TRUE,"CN","CHN","CN-HE"
"Hebei","China",39.549,116.1306,113,3,1,2020-02-03,9,0,0,FALSE,TRUE,"CN","CHN","CN-HE"
"Hebei","China",39.549,116.1306,126,4,1,2020-02-04,13,1,0,FALSE,TRUE,"CN","CHN","CN-HE"
"Hebei","China",39.549,116.1306,135,6,1,2020-02-05,9,2,0,FALSE,TRUE,"CN","CHN","CN-HE"
"Hebei","China",39.549,116.1306,157,13,1,2020-02-06,22,7,0,FALSE,TRUE,"CN","CHN","CN-HE"
"Hebei","China",39.549,116.1306,172,22,1,2020-02-07,15,9,0,FALSE,TRUE,"CN","CHN","CN-HE"
"Hebei","China",39.549,116.1306,195,30,1,2020-02-08,23,8,0,FALSE,TRUE,"CN","CHN","CN-HE"
"Hebei","China",39.549,116.1306,206,34,2,2020-02-09,11,4,1,FALSE,TRUE,"CN","CHN","CN-HE"
"Hebei","China",39.549,116.1306,218,41,2,2020-02-10,12,7,0,FALSE,TRUE,"CN","CHN","CN-HE"
"Hebei","China",39.549,116.1306,239,48,2,2020-02-11,21,7,0,FALSE,TRUE,"CN","CHN","CN-HE"
"Hebei","China",39.549,116.1306,251,54,2,2020-02-12,12,6,0,FALSE,TRUE,"CN","CHN","CN-HE"
"Hebei","China",39.549,116.1306,265,68,3,2020-02-13,14,14,1,FALSE,TRUE,"CN","CHN","CN-HE"
"Hebei","China",39.549,116.1306,283,87,3,2020-02-14,18,19,0,FALSE,TRUE,"CN","CHN","CN-HE"
"Hebei","China",39.549,116.1306,291,101,3,2020-02-15,8,14,0,FALSE,TRUE,"CN","CHN","CN-HE"
"Hebei","China",39.549,116.1306,300,105,3,2020-02-16,9,4,0,FALSE,TRUE,"CN","CHN","CN-HE"
"Hebei","China",39.549,116.1306,301,122,3,2020-02-17,1,17,0,FALSE,TRUE,"CN","CHN","CN-HE"
"Hebei","China",39.549,116.1306,306,136,4,2020-02-18,5,14,1,FALSE,TRUE,"CN","CHN","CN-HE"
"Hebei","China",39.549,116.1306,306,152,4,2020-02-19,0,16,0,FALSE,TRUE,"CN","CHN","CN-HE"
"Hebei","China",39.549,116.1306,307,169,5,2020-02-20,1,17,1,FALSE,TRUE,"CN","CHN","CN-HE"
"Hebei","China",39.549,116.1306,308,184,5,2020-02-21,1,15,0,FALSE,TRUE,"CN","CHN","CN-HE"
"Hebei","China",39.549,116.1306,309,203,6,2020-02-22,1,19,1,FALSE,TRUE,"CN","CHN","CN-HE"
"Hebei","China",39.549,116.1306,311,219,6,2020-02-23,2,16,0,FALSE,TRUE,"CN","CHN","CN-HE"
"Hebei","China",39.549,116.1306,311,234,6,2020-02-24,0,15,0,FALSE,TRUE,"CN","CHN","CN-HE"
"Hebei","China",39.549,116.1306,311,248,6,2020-02-25,0,14,0,FALSE,TRUE,"CN","CHN","CN-HE"
"Hebei","China",39.549,116.1306,312,261,6,2020-02-26,1,13,0,FALSE,TRUE,"CN","CHN","CN-HE"
"Hebei","China",39.549,116.1306,317,274,6,2020-02-27,5,13,0,FALSE,TRUE,"CN","CHN","CN-HE"
"Hebei","China",39.549,116.1306,318,277,6,2020-02-28,1,3,0,FALSE,TRUE,"CN","CHN","CN-HE"
"Hebei","China",39.549,116.1306,318,282,6,2020-02-29,0,5,0,FALSE,TRUE,"CN","CHN","CN-HE"
"Hebei","China",39.549,116.1306,318,294,6,2020-03-01,0,12,0,FALSE,TRUE,"CN","CHN","CN-HE"
"Hebei","China",39.549,116.1306,318,296,6,2020-03-02,0,2,0,FALSE,TRUE,"CN","CHN","CN-HE"
"Hebei","China",39.549,116.1306,318,300,6,2020-03-03,0,4,0,FALSE,TRUE,"CN","CHN","CN-HE"
"Hebei","China",39.549,116.1306,318,301,6,2020-03-04,0,1,0,FALSE,TRUE,"CN","CHN","CN-HE"
"Hebei","China",39.549,116.1306,318,304,6,2020-03-05,0,3,0,FALSE,TRUE,"CN","CHN","CN-HE"
"Hebei","China",39.549,116.1306,318,305,6,2020-03-06,0,1,0,FALSE,TRUE,"CN","CHN","CN-HE"
"Hebei","China",39.549,116.1306,318,307,6,2020-03-07,0,2,0,FALSE,TRUE,"CN","CHN","CN-HE"
"Hebei","China",39.549,116.1306,318,307,6,2020-03-08,0,0,0,FALSE,TRUE,"CN","CHN","CN-HE"
"Hebei","China",39.549,116.1306,318,307,6,2020-03-09,0,0,0,FALSE,TRUE,"CN","CHN","CN-HE"
"Hebei","China",39.549,116.1306,318,307,6,2020-03-10,0,0,0,FALSE,TRUE,"CN","CHN","CN-HE"
"Hebei","China",39.549,116.1306,318,307,6,2020-03-11,0,0,0,FALSE,TRUE,"CN","CHN","CN-HE"
"Hebei","China",39.549,116.1306,318,308,6,2020-03-12,0,1,0,FALSE,TRUE,"CN","CHN","CN-HE"
"Hebei","China",39.549,116.1306,318,310,6,2020-03-13,0,2,0,FALSE,TRUE,"CN","CHN","CN-HE"
"Hebei","China",39.549,116.1306,318,310,6,2020-03-14,0,0,0,FALSE,TRUE,"CN","CHN","CN-HE"
"Hebei","China",39.549,116.1306,318,310,6,2020-03-15,0,0,0,FALSE,TRUE,"CN","CHN","CN-HE"
"Hebei","China",39.549,116.1306,318,310,6,2020-03-16,0,0,0,FALSE,TRUE,"CN","CHN","CN-HE"
"Hebei","China",39.549,116.1306,318,310,6,2020-03-17,0,0,0,FALSE,TRUE,"CN","CHN","CN-HE"
"Hebei","China",39.549,116.1306,318,310,6,2020-03-18,0,0,0,FALSE,TRUE,"CN","CHN","CN-HE"
"Hebei","China",39.549,116.1306,318,310,6,2020-03-19,0,0,0,FALSE,TRUE,"CN","CHN","CN-HE"
"Hebei","China",39.549,116.1306,318,310,6,2020-03-20,0,0,0,FALSE,TRUE,"CN","CHN","CN-HE"
"Hebei","China",39.549,116.1306,318,310,6,2020-03-21,0,0,0,FALSE,TRUE,"CN","CHN","CN-HE"
"Hebei","China",39.549,116.1306,319,310,6,2020-03-22,1,0,0,FALSE,TRUE,"CN","CHN","CN-HE"
"Hebei","China",39.549,116.1306,319,310,6,2020-03-23,0,0,0,FALSE,TRUE,"CN","CHN","CN-HE"
"Hebei","China",39.549,116.1306,319,310,6,2020-03-24,0,0,0,FALSE,TRUE,"CN","CHN","CN-HE"
"Hebei","China",39.549,116.1306,319,310,6,2020-03-25,0,0,0,FALSE,TRUE,"CN","CHN","CN-HE"
"Hebei","China",39.549,116.1306,319,310,6,2020-03-26,0,0,0,FALSE,TRUE,"CN","CHN","CN-HE"
"Hebei","China",39.549,116.1306,319,310,6,2020-03-27,0,0,0,FALSE,TRUE,"CN","CHN","CN-HE"
"Hebei","China",39.549,116.1306,319,310,6,2020-03-28,0,0,0,FALSE,TRUE,"CN","CHN","CN-HE"
"Hebei","China",39.549,116.1306,319,310,6,2020-03-29,0,0,0,FALSE,TRUE,"CN","CHN","CN-HE"
"Hebei","China",39.549,116.1306,321,310,6,2020-03-30,2,0,0,FALSE,TRUE,"CN","CHN","CN-HE"
"Hebei","China",39.549,116.1306,321,310,6,2020-03-31,0,0,0,FALSE,TRUE,"CN","CHN","CN-HE"
"Hebei","China",39.549,116.1306,323,310,6,2020-04-01,2,0,0,FALSE,TRUE,"CN","CHN","CN-HE"
"Hebei","China",39.549,116.1306,325,310,6,2020-04-02,2,0,0,FALSE,TRUE,"CN","CHN","CN-HE"
"Hebei","China",39.549,116.1306,326,310,6,2020-04-03,1,0,0,FALSE,TRUE,"CN","CHN","CN-HE"
"Hebei","China",39.549,116.1306,326,310,6,2020-04-04,0,0,0,FALSE,TRUE,"CN","CHN","CN-HE"
"Hebei","China",39.549,116.1306,327,310,6,2020-04-05,1,0,0,FALSE,TRUE,"CN","CHN","CN-HE"
"Hebei","China",39.549,116.1306,327,310,6,2020-04-06,0,0,0,FALSE,TRUE,"CN","CHN","CN-HE"
"Hebei","China",39.549,116.1306,327,312,6,2020-04-07,0,2,0,FALSE,TRUE,"CN","CHN","CN-HE"
"Hebei","China",39.549,116.1306,327,312,6,2020-04-08,0,0,0,FALSE,TRUE,"CN","CHN","CN-HE"
"Hebei","China",39.549,116.1306,327,313,6,2020-04-09,0,1,0,FALSE,TRUE,"CN","CHN","CN-HE"
"Hebei","China",39.549,116.1306,327,313,6,2020-04-10,0,0,0,FALSE,TRUE,"CN","CHN","CN-HE"
"Hebei","China",39.549,116.1306,327,313,6,2020-04-11,0,0,0,FALSE,TRUE,"CN","CHN","CN-HE"
"Hebei","China",39.549,116.1306,327,313,6,2020-04-12,0,0,0,FALSE,TRUE,"CN","CHN","CN-HE"
"Hebei","China",39.549,116.1306,327,313,6,2020-04-13,0,0,0,FALSE,TRUE,"CN","CHN","CN-HE"
"Hebei","China",39.549,116.1306,327,314,6,2020-04-14,0,1,0,FALSE,TRUE,"CN","CHN","CN-HE"
"Hebei","China",39.549,116.1306,327,314,6,2020-04-15,0,0,0,FALSE,TRUE,"CN","CHN","CN-HE"
"Hebei","China",39.549,116.1306,328,315,6,2020-04-16,1,1,0,FALSE,TRUE,"CN","CHN","CN-HE"
"Hebei","China",39.549,116.1306,328,316,6,2020-04-17,0,1,0,FALSE,TRUE,"CN","CHN","CN-HE"
"Hebei","China",39.549,116.1306,328,316,6,2020-04-18,0,0,0,FALSE,TRUE,"CN","CHN","CN-HE"
"Hebei","China",39.549,116.1306,328,316,6,2020-04-19,0,0,0,FALSE,TRUE,"CN","CHN","CN-HE"
"Hebei","China",39.549,116.1306,328,317,6,2020-04-20,0,1,0,FALSE,TRUE,"CN","CHN","CN-HE"
"Hebei","China",39.549,116.1306,328,317,6,2020-04-21,0,0,0,FALSE,TRUE,"CN","CHN","CN-HE"
"Hebei","China",39.549,116.1306,328,317,6,2020-04-22,0,0,0,FALSE,TRUE,"CN","CHN","CN-HE"
"Hebei","China",39.549,116.1306,328,317,6,2020-04-23,0,0,0,FALSE,TRUE,"CN","CHN","CN-HE"
"Hebei","China",39.549,116.1306,328,318,6,2020-04-24,0,1,0,FALSE,TRUE,"CN","CHN","CN-HE"
"Hebei","China",39.549,116.1306,328,318,6,2020-04-25,0,0,0,FALSE,TRUE,"CN","CHN","CN-HE"
"Hebei","China",39.549,116.1306,328,318,6,2020-04-26,0,0,0,FALSE,TRUE,"CN","CHN","CN-HE"
"Hebei","China",39.549,116.1306,328,318,6,2020-04-27,0,0,0,FALSE,TRUE,"CN","CHN","CN-HE"
"Hebei","China",39.549,116.1306,328,318,6,2020-04-28,0,0,0,FALSE,TRUE,"CN","CHN","CN-HE"
"Hebei","China",39.549,116.1306,328,318,6,2020-04-29,0,0,0,FALSE,TRUE,"CN","CHN","CN-HE"
"Hebei","China",39.549,116.1306,328,318,6,2020-04-30,0,0,0,FALSE,TRUE,"CN","CHN","CN-HE"
"Hebei","China",39.549,116.1306,328,318,6,2020-05-01,0,0,0,FALSE,TRUE,"CN","CHN","CN-HE"
"Hebei","China",39.549,116.1306,328,318,6,2020-05-02,0,0,0,FALSE,TRUE,"CN","CHN","CN-HE"
"Hebei","China",39.549,116.1306,328,318,6,2020-05-03,0,0,0,FALSE,TRUE,"CN","CHN","CN-HE"
"Hebei","China",39.549,116.1306,328,320,6,2020-05-04,0,2,0,FALSE,TRUE,"CN","CHN","CN-HE"
"Hebei","China",39.549,116.1306,328,320,6,2020-05-05,0,0,0,FALSE,TRUE,"CN","CHN","CN-HE"
"Hebei","China",39.549,116.1306,328,320,6,2020-05-06,0,0,0,FALSE,TRUE,"CN","CHN","CN-HE"
"Hebei","China",39.549,116.1306,328,320,6,2020-05-07,0,0,0,FALSE,TRUE,"CN","CHN","CN-HE"
"Hebei","China",39.549,116.1306,328,320,6,2020-05-08,0,0,0,FALSE,TRUE,"CN","CHN","CN-HE"
"Hebei","China",39.549,116.1306,328,321,6,2020-05-09,0,1,0,FALSE,TRUE,"CN","CHN","CN-HE"
"Hebei","China",39.549,116.1306,328,321,6,2020-05-10,0,0,0,FALSE,TRUE,"CN","CHN","CN-HE"
"Hebei","China",39.549,116.1306,328,321,6,2020-05-11,0,0,0,FALSE,TRUE,"CN","CHN","CN-HE"
"Hebei","China",39.549,116.1306,328,321,6,2020-05-12,0,0,0,FALSE,TRUE,"CN","CHN","CN-HE"
"Hebei","China",39.549,116.1306,328,321,6,2020-05-13,0,0,0,FALSE,TRUE,"CN","CHN","CN-HE"
"Hebei","China",39.549,116.1306,328,321,6,2020-05-14,0,0,0,FALSE,TRUE,"CN","CHN","CN-HE"
"Hebei","China",39.549,116.1306,328,321,6,2020-05-15,0,0,0,FALSE,TRUE,"CN","CHN","CN-HE"
"Hebei","China",39.549,116.1306,328,321,6,2020-05-16,0,0,0,FALSE,TRUE,"CN","CHN","CN-HE"
"Hebei","China",39.549,116.1306,328,322,6,2020-05-17,0,1,0,FALSE,TRUE,"CN","CHN","CN-HE"
"Hebei","China",39.549,116.1306,328,322,6,2020-05-18,0,0,0,FALSE,TRUE,"CN","CHN","CN-HE"
"Hebei","China",39.549,116.1306,328,322,6,2020-05-19,0,0,0,FALSE,TRUE,"CN","CHN","CN-HE"
"Hebei","China",39.549,116.1306,328,322,6,2020-05-20,0,0,0,FALSE,TRUE,"CN","CHN","CN-HE"
"Hebei","China",39.549,116.1306,328,322,6,2020-05-21,0,0,0,FALSE,TRUE,"CN","CHN","CN-HE"
"Hebei","China",39.549,116.1306,328,322,6,2020-05-22,0,0,0,FALSE,TRUE,"CN","CHN","CN-HE"
"Hebei","China",39.549,116.1306,328,322,6,2020-05-23,0,0,0,FALSE,TRUE,"CN","CHN","CN-HE"
"Hebei","China",39.549,116.1306,328,322,6,2020-05-24,0,0,0,FALSE,TRUE,"CN","CHN","CN-HE"
"Hebei","China",39.549,116.1306,328,322,6,2020-05-25,0,0,0,FALSE,TRUE,"CN","CHN","CN-HE"
"Hebei","China",39.549,116.1306,328,322,6,2020-05-26,0,0,0,FALSE,TRUE,"CN","CHN","CN-HE"
"Hebei","China",39.549,116.1306,328,322,6,2020-05-27,0,0,0,FALSE,TRUE,"CN","CHN","CN-HE"
"Hebei","China",39.549,116.1306,328,322,6,2020-05-28,0,0,0,FALSE,TRUE,"CN","CHN","CN-HE"
"Hebei","China",39.549,116.1306,328,322,6,2020-05-29,0,0,0,FALSE,TRUE,"CN","CHN","CN-HE"
"Hebei","China",39.549,116.1306,328,322,6,2020-05-30,0,0,0,FALSE,TRUE,"CN","CHN","CN-HE"
"Hebei","China",39.549,116.1306,328,322,6,2020-05-31,0,0,0,FALSE,TRUE,"CN","CHN","CN-HE"
"Hebei","China",39.549,116.1306,328,322,6,2020-06-01,0,0,0,FALSE,TRUE,"CN","CHN","CN-HE"
"Hebei","China",39.549,116.1306,328,322,6,2020-06-02,0,0,0,FALSE,TRUE,"CN","CHN","CN-HE"
"Hebei","China",39.549,116.1306,328,322,6,2020-06-03,0,0,0,FALSE,TRUE,"CN","CHN","CN-HE"
"Hebei","China",39.549,116.1306,328,322,6,2020-06-04,0,0,0,FALSE,TRUE,"CN","CHN","CN-HE"
"Hebei","China",39.549,116.1306,328,322,6,2020-06-05,0,0,0,FALSE,TRUE,"CN","CHN","CN-HE"
"Hebei","China",39.549,116.1306,328,322,6,2020-06-06,0,0,0,FALSE,TRUE,"CN","CHN","CN-HE"
"Hebei","China",39.549,116.1306,328,322,6,2020-06-07,0,0,0,FALSE,TRUE,"CN","CHN","CN-HE"
"Hebei","China",39.549,116.1306,328,322,6,2020-06-08,0,0,0,FALSE,TRUE,"CN","CHN","CN-HE"
"Hebei","China",39.549,116.1306,328,322,6,2020-06-09,0,0,0,FALSE,TRUE,"CN","CHN","CN-HE"
"Hebei","China",39.549,116.1306,328,322,6,2020-06-10,0,0,0,FALSE,TRUE,"CN","CHN","CN-HE"
"Hebei","China",39.549,116.1306,328,322,6,2020-06-11,0,0,0,FALSE,TRUE,"CN","CHN","CN-HE"
"Hebei","China",39.549,116.1306,328,322,6,2020-06-12,0,0,0,FALSE,TRUE,"CN","CHN","CN-HE"
"Hebei","China",39.549,116.1306,328,322,6,2020-06-13,0,0,0,FALSE,TRUE,"CN","CHN","CN-HE"
"Hebei","China",39.549,116.1306,331,322,6,2020-06-14,3,0,0,FALSE,TRUE,"CN","CHN","CN-HE"
"Hebei","China",39.549,116.1306,335,322,6,2020-06-15,4,0,0,FALSE,TRUE,"CN","CHN","CN-HE"
"Hebei","China",39.549,116.1306,336,322,6,2020-06-16,1,0,0,FALSE,TRUE,"CN","CHN","CN-HE"
"Hebei","China",39.549,116.1306,338,322,6,2020-06-17,2,0,0,FALSE,TRUE,"CN","CHN","CN-HE"
"Hebei","China",39.549,116.1306,340,322,6,2020-06-18,2,0,0,FALSE,TRUE,"CN","CHN","CN-HE"
"Hebei","China",39.549,116.1306,340,322,6,2020-06-19,0,0,0,FALSE,TRUE,"CN","CHN","CN-HE"
"Hebei","China",39.549,116.1306,344,322,6,2020-06-20,4,0,0,FALSE,TRUE,"CN","CHN","CN-HE"
"Hebei","China",39.549,116.1306,346,322,6,2020-06-21,2,0,0,FALSE,TRUE,"CN","CHN","CN-HE"
"Hebei","China",39.549,116.1306,346,323,6,2020-06-22,0,1,0,FALSE,TRUE,"CN","CHN","CN-HE"
"Hebei","China",39.549,116.1306,348,323,6,2020-06-23,2,0,0,FALSE,TRUE,"CN","CHN","CN-HE"
