"Province.State","Country.Region","Lat","Long","confirmed","recovered","deaths","date","confirmed_new","recovered_new","deaths_new","hasErrors","hasParent","country_code","country_code3","territory_code"
"","Dominican Republic",18.7357,-70.1627,0,0,0,2020-01-22,0,0,0,FALSE,FALSE,"DO","DOM",
"","Dominican Republic",18.7357,-70.1627,0,0,0,2020-01-23,0,0,0,FALSE,FALSE,"DO","DOM",
"","Dominican Republic",18.7357,-70.1627,0,0,0,2020-01-24,0,0,0,FALSE,FALSE,"DO","DOM",
"","Dominican Republic",18.7357,-70.1627,0,0,0,2020-01-25,0,0,0,FALSE,FALSE,"DO","DOM",
"","Dominican Republic",18.7357,-70.1627,0,0,0,2020-01-26,0,0,0,FALSE,FALSE,"DO","DOM",
"","Dominican Republic",18.7357,-70.1627,0,0,0,2020-01-27,0,0,0,FALSE,FALSE,"DO","DOM",
"","Dominican Republic",18.7357,-70.1627,0,0,0,2020-01-28,0,0,0,FALSE,FALSE,"DO","DOM",
"","Dominican Republic",18.7357,-70.1627,0,0,0,2020-01-29,0,0,0,FALSE,FALSE,"DO","DOM",
"","Dominican Republic",18.7357,-70.1627,0,0,0,2020-01-30,0,0,0,FALSE,FALSE,"DO","DOM",
"","Dominican Republic",18.7357,-70.1627,0,0,0,2020-01-31,0,0,0,FALSE,FALSE,"DO","DOM",
"","Dominican Republic",18.7357,-70.1627,0,0,0,2020-02-01,0,0,0,FALSE,FALSE,"DO","DOM",
"","Dominican Republic",18.7357,-70.1627,0,0,0,2020-02-02,0,0,0,FALSE,FALSE,"DO","DOM",
"","Dominican Republic",18.7357,-70.1627,0,0,0,2020-02-03,0,0,0,FALSE,FALSE,"DO","DOM",
"","Dominican Republic",18.7357,-70.1627,0,0,0,2020-02-04,0,0,0,FALSE,FALSE,"DO","DOM",
"","Dominican Republic",18.7357,-70.1627,0,0,0,2020-02-05,0,0,0,FALSE,FALSE,"DO","DOM",
"","Dominican Republic",18.7357,-70.1627,0,0,0,2020-02-06,0,0,0,FALSE,FALSE,"DO","DOM",
"","Dominican Republic",18.7357,-70.1627,0,0,0,2020-02-07,0,0,0,FALSE,FALSE,"DO","DOM",
"","Dominican Republic",18.7357,-70.1627,0,0,0,2020-02-08,0,0,0,FALSE,FALSE,"DO","DOM",
"","Dominican Republic",18.7357,-70.1627,0,0,0,2020-02-09,0,0,0,FALSE,FALSE,"DO","DOM",
"","Dominican Republic",18.7357,-70.1627,0,0,0,2020-02-10,0,0,0,FALSE,FALSE,"DO","DOM",
"","Dominican Republic",18.7357,-70.1627,0,0,0,2020-02-11,0,0,0,FALSE,FALSE,"DO","DOM",
"","Dominican Republic",18.7357,-70.1627,0,0,0,2020-02-12,0,0,0,FALSE,FALSE,"DO","DOM",
"","Dominican Republic",18.7357,-70.1627,0,0,0,2020-02-13,0,0,0,FALSE,FALSE,"DO","DOM",
"","Dominican Republic",18.7357,-70.1627,0,0,0,2020-02-14,0,0,0,FALSE,FALSE,"DO","DOM",
"","Dominican Republic",18.7357,-70.1627,0,0,0,2020-02-15,0,0,0,FALSE,FALSE,"DO","DOM",
"","Dominican Republic",18.7357,-70.1627,0,0,0,2020-02-16,0,0,0,FALSE,FALSE,"DO","DOM",
"","Dominican Republic",18.7357,-70.1627,0,0,0,2020-02-17,0,0,0,FALSE,FALSE,"DO","DOM",
"","Dominican Republic",18.7357,-70.1627,0,0,0,2020-02-18,0,0,0,FALSE,FALSE,"DO","DOM",
"","Dominican Republic",18.7357,-70.1627,0,0,0,2020-02-19,0,0,0,FALSE,FALSE,"DO","DOM",
"","Dominican Republic",18.7357,-70.1627,0,0,0,2020-02-20,0,0,0,FALSE,FALSE,"DO","DOM",
"","Dominican Republic",18.7357,-70.1627,0,0,0,2020-02-21,0,0,0,FALSE,FALSE,"DO","DOM",
"","Dominican Republic",18.7357,-70.1627,0,0,0,2020-02-22,0,0,0,FALSE,FALSE,"DO","DOM",
"","Dominican Republic",18.7357,-70.1627,0,0,0,2020-02-23,0,0,0,FALSE,FALSE,"DO","DOM",
"","Dominican Republic",18.7357,-70.1627,0,0,0,2020-02-24,0,0,0,FALSE,FALSE,"DO","DOM",
"","Dominican Republic",18.7357,-70.1627,0,0,0,2020-02-25,0,0,0,FALSE,FALSE,"DO","DOM",
"","Dominican Republic",18.7357,-70.1627,0,0,0,2020-02-26,0,0,0,FALSE,FALSE,"DO","DOM",
"","Dominican Republic",18.7357,-70.1627,0,0,0,2020-02-27,0,0,0,FALSE,FALSE,"DO","DOM",
"","Dominican Republic",18.7357,-70.1627,0,0,0,2020-02-28,0,0,0,FALSE,FALSE,"DO","DOM",
"","Dominican Republic",18.7357,-70.1627,0,0,0,2020-02-29,0,0,0,FALSE,FALSE,"DO","DOM",
"","Dominican Republic",18.7357,-70.1627,1,0,0,2020-03-01,1,0,0,FALSE,FALSE,"DO","DOM",
"","Dominican Republic",18.7357,-70.1627,1,0,0,2020-03-02,0,0,0,FALSE,FALSE,"DO","DOM",
"","Dominican Republic",18.7357,-70.1627,1,0,0,2020-03-03,0,0,0,FALSE,FALSE,"DO","DOM",
"","Dominican Republic",18.7357,-70.1627,1,0,0,2020-03-04,0,0,0,FALSE,FALSE,"DO","DOM",
"","Dominican Republic",18.7357,-70.1627,1,0,0,2020-03-05,0,0,0,FALSE,FALSE,"DO","DOM",
"","Dominican Republic",18.7357,-70.1627,2,0,0,2020-03-06,1,0,0,FALSE,FALSE,"DO","DOM",
"","Dominican Republic",18.7357,-70.1627,2,0,0,2020-03-07,0,0,0,FALSE,FALSE,"DO","DOM",
"","Dominican Republic",18.7357,-70.1627,5,0,0,2020-03-08,3,0,0,FALSE,FALSE,"DO","DOM",
"","Dominican Republic",18.7357,-70.1627,5,0,0,2020-03-09,0,0,0,FALSE,FALSE,"DO","DOM",
"","Dominican Republic",18.7357,-70.1627,5,0,0,2020-03-10,0,0,0,FALSE,FALSE,"DO","DOM",
"","Dominican Republic",18.7357,-70.1627,5,0,0,2020-03-11,0,0,0,FALSE,FALSE,"DO","DOM",
"","Dominican Republic",18.7357,-70.1627,5,0,0,2020-03-12,0,0,0,FALSE,FALSE,"DO","DOM",
"","Dominican Republic",18.7357,-70.1627,5,0,0,2020-03-13,0,0,0,FALSE,FALSE,"DO","DOM",
"","Dominican Republic",18.7357,-70.1627,11,0,0,2020-03-14,6,0,0,FALSE,FALSE,"DO","DOM",
"","Dominican Republic",18.7357,-70.1627,11,0,0,2020-03-15,0,0,0,FALSE,FALSE,"DO","DOM",
"","Dominican Republic",18.7357,-70.1627,11,0,0,2020-03-16,0,0,0,FALSE,FALSE,"DO","DOM",
"","Dominican Republic",18.7357,-70.1627,21,0,1,2020-03-17,10,0,1,FALSE,FALSE,"DO","DOM",
"","Dominican Republic",18.7357,-70.1627,21,0,1,2020-03-18,0,0,0,FALSE,FALSE,"DO","DOM",
"","Dominican Republic",18.7357,-70.1627,34,0,2,2020-03-19,13,0,1,FALSE,FALSE,"DO","DOM",
"","Dominican Republic",18.7357,-70.1627,72,0,2,2020-03-20,38,0,0,FALSE,FALSE,"DO","DOM",
"","Dominican Republic",18.7357,-70.1627,112,0,2,2020-03-21,40,0,0,FALSE,FALSE,"DO","DOM",
"","Dominican Republic",18.7357,-70.1627,202,0,3,2020-03-22,90,0,1,FALSE,FALSE,"DO","DOM",
"","Dominican Republic",18.7357,-70.1627,245,0,3,2020-03-23,43,0,0,FALSE,FALSE,"DO","DOM",
"","Dominican Republic",18.7357,-70.1627,312,3,6,2020-03-24,67,3,3,FALSE,FALSE,"DO","DOM",
"","Dominican Republic",18.7357,-70.1627,392,3,10,2020-03-25,80,0,4,FALSE,FALSE,"DO","DOM",
"","Dominican Republic",18.7357,-70.1627,488,3,10,2020-03-26,96,0,0,FALSE,FALSE,"DO","DOM",
"","Dominican Republic",18.7357,-70.1627,581,3,20,2020-03-27,93,0,10,FALSE,FALSE,"DO","DOM",
"","Dominican Republic",18.7357,-70.1627,719,3,28,2020-03-28,138,0,8,FALSE,FALSE,"DO","DOM",
"","Dominican Republic",18.7357,-70.1627,859,3,39,2020-03-29,140,0,11,FALSE,FALSE,"DO","DOM",
"","Dominican Republic",18.7357,-70.1627,901,4,42,2020-03-30,42,1,3,FALSE,FALSE,"DO","DOM",
"","Dominican Republic",18.7357,-70.1627,1109,5,51,2020-03-31,208,1,9,FALSE,FALSE,"DO","DOM",
"","Dominican Republic",18.7357,-70.1627,1284,9,57,2020-04-01,175,4,6,FALSE,FALSE,"DO","DOM",
"","Dominican Republic",18.7357,-70.1627,1380,16,60,2020-04-02,96,7,3,FALSE,FALSE,"DO","DOM",
"","Dominican Republic",18.7357,-70.1627,1488,16,68,2020-04-03,108,0,8,FALSE,FALSE,"DO","DOM",
"","Dominican Republic",18.7357,-70.1627,1488,16,68,2020-04-04,0,0,0,FALSE,FALSE,"DO","DOM",
"","Dominican Republic",18.7357,-70.1627,1745,17,82,2020-04-05,257,1,14,FALSE,FALSE,"DO","DOM",
"","Dominican Republic",18.7357,-70.1627,1828,33,86,2020-04-06,83,16,4,FALSE,FALSE,"DO","DOM",
"","Dominican Republic",18.7357,-70.1627,1956,36,98,2020-04-07,128,3,12,FALSE,FALSE,"DO","DOM",
"","Dominican Republic",18.7357,-70.1627,2111,50,108,2020-04-08,155,14,10,FALSE,FALSE,"DO","DOM",
"","Dominican Republic",18.7357,-70.1627,2349,80,118,2020-04-09,238,30,10,FALSE,FALSE,"DO","DOM",
"","Dominican Republic",18.7357,-70.1627,2620,98,126,2020-04-10,271,18,8,FALSE,FALSE,"DO","DOM",
"","Dominican Republic",18.7357,-70.1627,2759,108,135,2020-04-11,139,10,9,FALSE,FALSE,"DO","DOM",
"","Dominican Republic",18.7357,-70.1627,2967,131,173,2020-04-12,208,23,38,FALSE,FALSE,"DO","DOM",
"","Dominican Republic",18.7357,-70.1627,3167,152,177,2020-04-13,200,21,4,FALSE,FALSE,"DO","DOM",
"","Dominican Republic",18.7357,-70.1627,3286,162,183,2020-04-14,119,10,6,FALSE,FALSE,"DO","DOM",
"","Dominican Republic",18.7357,-70.1627,3614,208,189,2020-04-15,328,46,6,FALSE,FALSE,"DO","DOM",
"","Dominican Republic",18.7357,-70.1627,3755,215,196,2020-04-16,141,7,7,FALSE,FALSE,"DO","DOM",
"","Dominican Republic",18.7357,-70.1627,4126,268,200,2020-04-17,371,53,4,FALSE,FALSE,"DO","DOM",
"","Dominican Republic",18.7357,-70.1627,4335,312,217,2020-04-18,209,44,17,FALSE,FALSE,"DO","DOM",
"","Dominican Republic",18.7357,-70.1627,4680,363,226,2020-04-19,345,51,9,FALSE,FALSE,"DO","DOM",
"","Dominican Republic",18.7357,-70.1627,4964,416,235,2020-04-20,284,53,9,FALSE,FALSE,"DO","DOM",
"","Dominican Republic",18.7357,-70.1627,5044,463,245,2020-04-21,80,47,10,FALSE,FALSE,"DO","DOM",
"","Dominican Republic",18.7357,-70.1627,5300,581,260,2020-04-22,256,118,15,FALSE,FALSE,"DO","DOM",
"","Dominican Republic",18.7357,-70.1627,5543,581,265,2020-04-23,243,0,5,FALSE,FALSE,"DO","DOM",
"","Dominican Republic",18.7357,-70.1627,5749,763,267,2020-04-24,206,182,2,FALSE,FALSE,"DO","DOM",
"","Dominican Republic",18.7357,-70.1627,5926,822,273,2020-04-25,177,59,6,FALSE,FALSE,"DO","DOM",
"","Dominican Republic",18.7357,-70.1627,6135,910,278,2020-04-26,209,88,5,FALSE,FALSE,"DO","DOM",
"","Dominican Republic",18.7357,-70.1627,6293,993,282,2020-04-27,158,83,4,FALSE,FALSE,"DO","DOM",
"","Dominican Republic",18.7357,-70.1627,6416,1165,286,2020-04-28,123,172,4,FALSE,FALSE,"DO","DOM",
"","Dominican Republic",18.7357,-70.1627,6652,1228,293,2020-04-29,236,63,7,FALSE,FALSE,"DO","DOM",
"","Dominican Republic",18.7357,-70.1627,6972,1301,301,2020-04-30,320,73,8,FALSE,FALSE,"DO","DOM",
"","Dominican Republic",18.7357,-70.1627,7288,1387,313,2020-05-01,316,86,12,FALSE,FALSE,"DO","DOM",
"","Dominican Republic",18.7357,-70.1627,7578,1481,326,2020-05-02,290,94,13,FALSE,FALSE,"DO","DOM",
"","Dominican Republic",18.7357,-70.1627,7954,1606,333,2020-05-03,376,125,7,FALSE,FALSE,"DO","DOM",
"","Dominican Republic",18.7357,-70.1627,8235,1771,346,2020-05-04,281,165,13,FALSE,FALSE,"DO","DOM",
"","Dominican Republic",18.7357,-70.1627,8480,1905,354,2020-05-05,245,134,8,FALSE,FALSE,"DO","DOM",
"","Dominican Republic",18.7357,-70.1627,8807,1960,362,2020-05-06,327,55,8,FALSE,FALSE,"DO","DOM",
"","Dominican Republic",18.7357,-70.1627,9095,2064,373,2020-05-07,288,104,11,FALSE,FALSE,"DO","DOM",
"","Dominican Republic",18.7357,-70.1627,9376,2286,380,2020-05-08,281,222,7,FALSE,FALSE,"DO","DOM",
"","Dominican Republic",18.7357,-70.1627,9882,2584,385,2020-05-09,506,298,5,FALSE,FALSE,"DO","DOM",
"","Dominican Republic",18.7357,-70.1627,10347,2763,388,2020-05-10,465,179,3,FALSE,FALSE,"DO","DOM",
"","Dominican Republic",18.7357,-70.1627,10634,2870,393,2020-05-11,287,107,5,FALSE,FALSE,"DO","DOM",
"","Dominican Republic",18.7357,-70.1627,10900,3221,402,2020-05-12,266,351,9,FALSE,FALSE,"DO","DOM",
"","Dominican Republic",18.7357,-70.1627,11196,3221,409,2020-05-13,296,0,7,FALSE,FALSE,"DO","DOM",
"","Dominican Republic",18.7357,-70.1627,11320,3351,422,2020-05-14,124,130,13,FALSE,FALSE,"DO","DOM",
"","Dominican Republic",18.7357,-70.1627,11739,3557,424,2020-05-15,419,206,2,FALSE,FALSE,"DO","DOM",
"","Dominican Republic",18.7357,-70.1627,12110,3726,428,2020-05-16,371,169,4,FALSE,FALSE,"DO","DOM",
"","Dominican Republic",18.7357,-70.1627,12314,5847,428,2020-05-17,204,2121,0,FALSE,FALSE,"DO","DOM",
"","Dominican Republic",18.7357,-70.1627,12725,6613,434,2020-05-18,411,766,6,FALSE,FALSE,"DO","DOM",
"","Dominican Republic",18.7357,-70.1627,13223,6613,441,2020-05-19,498,0,7,FALSE,FALSE,"DO","DOM",
"","Dominican Republic",18.7357,-70.1627,13477,7142,446,2020-05-20,254,529,5,FALSE,FALSE,"DO","DOM",
"","Dominican Republic",18.7357,-70.1627,13657,7366,448,2020-05-21,180,224,2,FALSE,FALSE,"DO","DOM",
"","Dominican Republic",18.7357,-70.1627,13989,7572,456,2020-05-22,332,206,8,FALSE,FALSE,"DO","DOM",
"","Dominican Republic",18.7357,-70.1627,14422,7854,458,2020-05-23,433,282,2,FALSE,FALSE,"DO","DOM",
"","Dominican Republic",18.7357,-70.1627,14801,8133,458,2020-05-24,379,279,0,FALSE,FALSE,"DO","DOM",
"","Dominican Republic",18.7357,-70.1627,15073,8285,460,2020-05-25,272,152,2,FALSE,FALSE,"DO","DOM",
"","Dominican Republic",18.7357,-70.1627,15264,8534,468,2020-05-26,191,249,8,FALSE,FALSE,"DO","DOM",
"","Dominican Republic",18.7357,-70.1627,15723,8790,474,2020-05-27,459,256,6,FALSE,FALSE,"DO","DOM",
"","Dominican Republic",18.7357,-70.1627,16068,8952,485,2020-05-28,345,162,11,FALSE,FALSE,"DO","DOM",
"","Dominican Republic",18.7357,-70.1627,16531,9266,488,2020-05-29,463,314,3,FALSE,FALSE,"DO","DOM",
"","Dominican Republic",18.7357,-70.1627,16908,9557,498,2020-05-30,377,291,10,FALSE,FALSE,"DO","DOM",
"","Dominican Republic",18.7357,-70.1627,17285,10559,502,2020-05-31,377,1002,4,FALSE,FALSE,"DO","DOM",
"","Dominican Republic",18.7357,-70.1627,17572,10893,502,2020-06-01,287,334,0,FALSE,FALSE,"DO","DOM",
"","Dominican Republic",18.7357,-70.1627,17752,11075,515,2020-06-02,180,182,13,FALSE,FALSE,"DO","DOM",
"","Dominican Republic",18.7357,-70.1627,18040,11224,516,2020-06-03,288,149,1,FALSE,FALSE,"DO","DOM",
"","Dominican Republic",18.7357,-70.1627,18319,11474,520,2020-06-04,279,250,4,FALSE,FALSE,"DO","DOM",
"","Dominican Republic",18.7357,-70.1627,18708,11736,525,2020-06-05,389,262,5,FALSE,FALSE,"DO","DOM",
"","Dominican Republic",18.7357,-70.1627,19195,11919,536,2020-06-06,487,183,11,FALSE,FALSE,"DO","DOM",
"","Dominican Republic",18.7357,-70.1627,19600,12007,538,2020-06-07,405,88,2,FALSE,FALSE,"DO","DOM",
"","Dominican Republic",18.7357,-70.1627,20126,12158,539,2020-06-08,526,151,1,FALSE,FALSE,"DO","DOM",
"","Dominican Republic",18.7357,-70.1627,20415,12208,544,2020-06-09,289,50,5,FALSE,FALSE,"DO","DOM",
"","Dominican Republic",18.7357,-70.1627,20808,12318,550,2020-06-10,393,110,6,FALSE,FALSE,"DO","DOM",
"","Dominican Republic",18.7357,-70.1627,21437,12541,561,2020-06-11,629,223,11,FALSE,FALSE,"DO","DOM",
"","Dominican Republic",18.7357,-70.1627,22008,12754,568,2020-06-12,571,213,7,FALSE,FALSE,"DO","DOM",
"","Dominican Republic",18.7357,-70.1627,22572,13084,577,2020-06-13,564,330,9,FALSE,FALSE,"DO","DOM",
"","Dominican Republic",18.7357,-70.1627,22962,13320,592,2020-06-14,390,236,15,FALSE,FALSE,"DO","DOM",
"","Dominican Republic",18.7357,-70.1627,23271,14025,605,2020-06-15,309,705,13,FALSE,FALSE,"DO","DOM",
"","Dominican Republic",18.7357,-70.1627,23686,14133,615,2020-06-16,415,108,10,FALSE,FALSE,"DO","DOM",
"","Dominican Republic",18.7357,-70.1627,24105,14216,633,2020-06-17,419,83,18,FALSE,FALSE,"DO","DOM",
"","Dominican Republic",18.7357,-70.1627,24645,14293,635,2020-06-18,540,77,2,FALSE,FALSE,"DO","DOM",
"","Dominican Republic",18.7357,-70.1627,25068,14605,647,2020-06-19,423,312,12,FALSE,FALSE,"DO","DOM",
"","Dominican Republic",18.7357,-70.1627,25778,14957,655,2020-06-20,710,352,8,FALSE,FALSE,"DO","DOM",
"","Dominican Republic",18.7357,-70.1627,26677,15138,662,2020-06-21,899,181,7,FALSE,FALSE,"DO","DOM",
"","Dominican Republic",18.7357,-70.1627,27370,15338,669,2020-06-22,693,200,7,FALSE,FALSE,"DO","DOM",
"","Dominican Republic",18.7357,-70.1627,27936,15551,675,2020-06-23,566,213,6,FALSE,FALSE,"DO","DOM",
"","Dominican Republic",18.7357,-70.1627,28631,16006,691,2020-06-24,695,455,16,FALSE,FALSE,"DO","DOM",
"","Dominican Republic",18.7357,-70.1627,29141,16223,698,2020-06-25,510,217,7,FALSE,FALSE,"DO","DOM",
"","Dominican Republic",18.7357,-70.1627,29764,16357,712,2020-06-26,623,134,14,FALSE,FALSE,"DO","DOM",
"","Dominican Republic",18.7357,-70.1627,30619,16666,718,2020-06-27,855,309,6,FALSE,FALSE,"DO","DOM",
"","Dominican Republic",18.7357,-70.1627,31373,17142,726,2020-06-28,754,476,8,FALSE,FALSE,"DO","DOM",
"","Dominican Republic",18.7357,-70.1627,31816,17280,733,2020-06-29,443,138,7,FALSE,FALSE,"DO","DOM",
"","Dominican Republic",18.7357,-70.1627,32568,17580,747,2020-06-30,752,300,14,FALSE,FALSE,"DO","DOM",
"","Dominican Republic",18.7357,-70.1627,33387,17904,754,2020-07-01,819,324,7,FALSE,FALSE,"DO","DOM",
"","Dominican Republic",18.7357,-70.1627,34197,18141,765,2020-07-02,810,237,11,FALSE,FALSE,"DO","DOM",
"","Dominican Republic",18.7357,-70.1627,35148,18392,775,2020-07-03,951,251,10,FALSE,FALSE,"DO","DOM",
"","Dominican Republic",18.7357,-70.1627,36184,18602,786,2020-07-04,1036,210,11,FALSE,FALSE,"DO","DOM",
"","Dominican Republic",18.7357,-70.1627,37425,18943,794,2020-07-05,1241,341,8,FALSE,FALSE,"DO","DOM",
"","Dominican Republic",18.7357,-70.1627,38128,19489,804,2020-07-06,703,546,10,FALSE,FALSE,"DO","DOM",
"","Dominican Republic",18.7357,-70.1627,38430,19564,821,2020-07-07,302,75,17,FALSE,FALSE,"DO","DOM",
"","Dominican Republic",18.7357,-70.1627,39588,20056,829,2020-07-08,1158,492,8,FALSE,FALSE,"DO","DOM",
"","Dominican Republic",18.7357,-70.1627,40790,20426,842,2020-07-09,1202,370,13,FALSE,FALSE,"DO","DOM",
"","Dominican Republic",18.7357,-70.1627,41915,20830,864,2020-07-10,1125,404,22,FALSE,FALSE,"DO","DOM",
"","Dominican Republic",18.7357,-70.1627,43114,20996,880,2020-07-11,1199,166,16,FALSE,FALSE,"DO","DOM",
"","Dominican Republic",18.7357,-70.1627,44532,21459,897,2020-07-12,1418,463,17,FALSE,FALSE,"DO","DOM",
"","Dominican Republic",18.7357,-70.1627,45506,22441,903,2020-07-13,974,982,6,FALSE,FALSE,"DO","DOM",
"","Dominican Republic",18.7357,-70.1627,46305,23134,910,2020-07-14,799,693,7,FALSE,FALSE,"DO","DOM",
"","Dominican Republic",18.7357,-70.1627,47671,23459,929,2020-07-15,1366,325,19,FALSE,FALSE,"DO","DOM",
"","Dominican Republic",18.7357,-70.1627,48743,23636,941,2020-07-16,1072,177,12,FALSE,FALSE,"DO","DOM",
"","Dominican Republic",18.7357,-70.1627,50113,24423,942,2020-07-17,1370,787,1,FALSE,FALSE,"DO","DOM",
"","Dominican Republic",18.7357,-70.1627,51519,24607,971,2020-07-18,1406,184,29,FALSE,FALSE,"DO","DOM",
