"Province.State","Country.Region","Lat","Long","confirmed","recovered","deaths","date","confirmed_new","recovered_new","deaths_new","hasErrors","hasParent","country_code","country_code3","territory_code"
"","Egypt",26.820553,30.802498,0,0,0,2020-01-22,0,0,0,FALSE,FALSE,"EG","EGY",
"","Egypt",26.820553,30.802498,0,0,0,2020-01-23,0,0,0,FALSE,FALSE,"EG","EGY",
"","Egypt",26.820553,30.802498,0,0,0,2020-01-24,0,0,0,FALSE,FALSE,"EG","EGY",
"","Egypt",26.820553,30.802498,0,0,0,2020-01-25,0,0,0,FALSE,FALSE,"EG","EGY",
"","Egypt",26.820553,30.802498,0,0,0,2020-01-26,0,0,0,FALSE,FALSE,"EG","EGY",
"","Egypt",26.820553,30.802498,0,0,0,2020-01-27,0,0,0,FALSE,FALSE,"EG","EGY",
"","Egypt",26.820553,30.802498,0,0,0,2020-01-28,0,0,0,FALSE,FALSE,"EG","EGY",
"","Egypt",26.820553,30.802498,0,0,0,2020-01-29,0,0,0,FALSE,FALSE,"EG","EGY",
"","Egypt",26.820553,30.802498,0,0,0,2020-01-30,0,0,0,FALSE,FALSE,"EG","EGY",
"","Egypt",26.820553,30.802498,0,0,0,2020-01-31,0,0,0,FALSE,FALSE,"EG","EGY",
"","Egypt",26.820553,30.802498,0,0,0,2020-02-01,0,0,0,FALSE,FALSE,"EG","EGY",
"","Egypt",26.820553,30.802498,0,0,0,2020-02-02,0,0,0,FALSE,FALSE,"EG","EGY",
"","Egypt",26.820553,30.802498,0,0,0,2020-02-03,0,0,0,FALSE,FALSE,"EG","EGY",
"","Egypt",26.820553,30.802498,0,0,0,2020-02-04,0,0,0,FALSE,FALSE,"EG","EGY",
"","Egypt",26.820553,30.802498,0,0,0,2020-02-05,0,0,0,FALSE,FALSE,"EG","EGY",
"","Egypt",26.820553,30.802498,0,0,0,2020-02-06,0,0,0,FALSE,FALSE,"EG","EGY",
"","Egypt",26.820553,30.802498,0,0,0,2020-02-07,0,0,0,FALSE,FALSE,"EG","EGY",
"","Egypt",26.820553,30.802498,0,0,0,2020-02-08,0,0,0,FALSE,FALSE,"EG","EGY",
"","Egypt",26.820553,30.802498,0,0,0,2020-02-09,0,0,0,FALSE,FALSE,"EG","EGY",
"","Egypt",26.820553,30.802498,0,0,0,2020-02-10,0,0,0,FALSE,FALSE,"EG","EGY",
"","Egypt",26.820553,30.802498,0,0,0,2020-02-11,0,0,0,FALSE,FALSE,"EG","EGY",
"","Egypt",26.820553,30.802498,0,0,0,2020-02-12,0,0,0,FALSE,FALSE,"EG","EGY",
"","Egypt",26.820553,30.802498,0,0,0,2020-02-13,0,0,0,FALSE,FALSE,"EG","EGY",
"","Egypt",26.820553,30.802498,1,0,0,2020-02-14,1,0,0,FALSE,FALSE,"EG","EGY",
"","Egypt",26.820553,30.802498,1,0,0,2020-02-15,0,0,0,FALSE,FALSE,"EG","EGY",
"","Egypt",26.820553,30.802498,1,0,0,2020-02-16,0,0,0,FALSE,FALSE,"EG","EGY",
"","Egypt",26.820553,30.802498,1,0,0,2020-02-17,0,0,0,FALSE,FALSE,"EG","EGY",
"","Egypt",26.820553,30.802498,1,0,0,2020-02-18,0,0,0,FALSE,FALSE,"EG","EGY",
"","Egypt",26.820553,30.802498,1,0,0,2020-02-19,0,0,0,FALSE,FALSE,"EG","EGY",
"","Egypt",26.820553,30.802498,1,0,0,2020-02-20,0,0,0,FALSE,FALSE,"EG","EGY",
"","Egypt",26.820553,30.802498,1,0,0,2020-02-21,0,0,0,FALSE,FALSE,"EG","EGY",
"","Egypt",26.820553,30.802498,1,0,0,2020-02-22,0,0,0,FALSE,FALSE,"EG","EGY",
"","Egypt",26.820553,30.802498,1,0,0,2020-02-23,0,0,0,FALSE,FALSE,"EG","EGY",
"","Egypt",26.820553,30.802498,1,0,0,2020-02-24,0,0,0,FALSE,FALSE,"EG","EGY",
"","Egypt",26.820553,30.802498,1,0,0,2020-02-25,0,0,0,FALSE,FALSE,"EG","EGY",
"","Egypt",26.820553,30.802498,1,0,0,2020-02-26,0,0,0,FALSE,FALSE,"EG","EGY",
"","Egypt",26.820553,30.802498,1,0,0,2020-02-27,0,0,0,FALSE,FALSE,"EG","EGY",
"","Egypt",26.820553,30.802498,1,1,0,2020-02-28,0,1,0,FALSE,FALSE,"EG","EGY",
"","Egypt",26.820553,30.802498,1,1,0,2020-02-29,0,0,0,FALSE,FALSE,"EG","EGY",
"","Egypt",26.820553,30.802498,2,1,0,2020-03-01,1,0,0,FALSE,FALSE,"EG","EGY",
"","Egypt",26.820553,30.802498,2,1,0,2020-03-02,0,0,0,FALSE,FALSE,"EG","EGY",
"","Egypt",26.820553,30.802498,2,1,0,2020-03-03,0,0,0,FALSE,FALSE,"EG","EGY",
"","Egypt",26.820553,30.802498,2,1,0,2020-03-04,0,0,0,FALSE,FALSE,"EG","EGY",
"","Egypt",26.820553,30.802498,3,1,0,2020-03-05,1,0,0,FALSE,FALSE,"EG","EGY",
"","Egypt",26.820553,30.802498,15,1,0,2020-03-06,12,0,0,FALSE,FALSE,"EG","EGY",
"","Egypt",26.820553,30.802498,15,1,0,2020-03-07,0,0,0,FALSE,FALSE,"EG","EGY",
"","Egypt",26.820553,30.802498,49,1,1,2020-03-08,34,0,1,FALSE,FALSE,"EG","EGY",
"","Egypt",26.820553,30.802498,55,1,1,2020-03-09,6,0,0,FALSE,FALSE,"EG","EGY",
"","Egypt",26.820553,30.802498,59,1,1,2020-03-10,4,0,0,FALSE,FALSE,"EG","EGY",
"","Egypt",26.820553,30.802498,60,27,1,2020-03-11,1,26,0,FALSE,FALSE,"EG","EGY",
"","Egypt",26.820553,30.802498,67,27,1,2020-03-12,7,0,0,FALSE,FALSE,"EG","EGY",
"","Egypt",26.820553,30.802498,80,27,2,2020-03-13,13,0,1,FALSE,FALSE,"EG","EGY",
"","Egypt",26.820553,30.802498,109,27,2,2020-03-14,29,0,0,FALSE,FALSE,"EG","EGY",
"","Egypt",26.820553,30.802498,110,21,2,2020-03-15,1,-6,0,FALSE,FALSE,"EG","EGY",
"","Egypt",26.820553,30.802498,150,27,2,2020-03-16,40,6,0,FALSE,FALSE,"EG","EGY",
"","Egypt",26.820553,30.802498,196,32,4,2020-03-17,46,5,2,FALSE,FALSE,"EG","EGY",
"","Egypt",26.820553,30.802498,196,32,6,2020-03-18,0,0,2,FALSE,FALSE,"EG","EGY",
"","Egypt",26.820553,30.802498,256,32,6,2020-03-19,60,0,0,FALSE,FALSE,"EG","EGY",
"","Egypt",26.820553,30.802498,285,39,8,2020-03-20,29,7,2,FALSE,FALSE,"EG","EGY",
"","Egypt",26.820553,30.802498,294,41,10,2020-03-21,9,2,2,FALSE,FALSE,"EG","EGY",
"","Egypt",26.820553,30.802498,327,56,14,2020-03-22,33,15,4,FALSE,FALSE,"EG","EGY",
"","Egypt",26.820553,30.802498,366,56,19,2020-03-23,39,0,5,FALSE,FALSE,"EG","EGY",
"","Egypt",26.820553,30.802498,402,80,20,2020-03-24,36,24,1,FALSE,FALSE,"EG","EGY",
"","Egypt",26.820553,30.802498,456,95,21,2020-03-25,54,15,1,FALSE,FALSE,"EG","EGY",
"","Egypt",26.820553,30.802498,495,102,24,2020-03-26,39,7,3,FALSE,FALSE,"EG","EGY",
"","Egypt",26.820553,30.802498,536,116,30,2020-03-27,41,14,6,FALSE,FALSE,"EG","EGY",
"","Egypt",26.820553,30.802498,576,121,36,2020-03-28,40,5,6,FALSE,FALSE,"EG","EGY",
"","Egypt",26.820553,30.802498,609,132,40,2020-03-29,33,11,4,FALSE,FALSE,"EG","EGY",
"","Egypt",26.820553,30.802498,656,150,41,2020-03-30,47,18,1,FALSE,FALSE,"EG","EGY",
"","Egypt",26.820553,30.802498,710,157,46,2020-03-31,54,7,5,FALSE,FALSE,"EG","EGY",
"","Egypt",26.820553,30.802498,779,179,52,2020-04-01,69,22,6,FALSE,FALSE,"EG","EGY",
"","Egypt",26.820553,30.802498,865,201,58,2020-04-02,86,22,6,FALSE,FALSE,"EG","EGY",
"","Egypt",26.820553,30.802498,985,216,66,2020-04-03,120,15,8,FALSE,FALSE,"EG","EGY",
"","Egypt",26.820553,30.802498,1070,241,71,2020-04-04,85,25,5,FALSE,FALSE,"EG","EGY",
"","Egypt",26.820553,30.802498,1173,247,78,2020-04-05,103,6,7,FALSE,FALSE,"EG","EGY",
"","Egypt",26.820553,30.802498,1322,259,85,2020-04-06,149,12,7,FALSE,FALSE,"EG","EGY",
"","Egypt",26.820553,30.802498,1450,276,94,2020-04-07,128,17,9,FALSE,FALSE,"EG","EGY",
"","Egypt",26.820553,30.802498,1560,305,103,2020-04-08,110,29,9,FALSE,FALSE,"EG","EGY",
"","Egypt",26.820553,30.802498,1699,348,118,2020-04-09,139,43,15,FALSE,FALSE,"EG","EGY",
"","Egypt",26.820553,30.802498,1794,384,135,2020-04-10,95,36,17,FALSE,FALSE,"EG","EGY",
"","Egypt",26.820553,30.802498,1939,426,146,2020-04-11,145,42,11,FALSE,FALSE,"EG","EGY",
"","Egypt",26.820553,30.802498,2065,589,159,2020-04-12,126,163,13,FALSE,FALSE,"EG","EGY",
"","Egypt",26.820553,30.802498,2190,589,164,2020-04-13,125,0,5,FALSE,FALSE,"EG","EGY",
"","Egypt",26.820553,30.802498,2350,589,178,2020-04-14,160,0,14,FALSE,FALSE,"EG","EGY",
"","Egypt",26.820553,30.802498,2505,589,183,2020-04-15,155,0,5,FALSE,FALSE,"EG","EGY",
"","Egypt",26.820553,30.802498,2673,596,196,2020-04-16,168,7,13,FALSE,FALSE,"EG","EGY",
"","Egypt",26.820553,30.802498,2844,646,205,2020-04-17,171,50,9,FALSE,FALSE,"EG","EGY",
"","Egypt",26.820553,30.802498,3032,701,224,2020-04-18,188,55,19,FALSE,FALSE,"EG","EGY",
"","Egypt",26.820553,30.802498,3144,732,239,2020-04-19,112,31,15,FALSE,FALSE,"EG","EGY",
"","Egypt",26.820553,30.802498,3333,821,250,2020-04-20,189,89,11,FALSE,FALSE,"EG","EGY",
"","Egypt",26.820553,30.802498,3490,870,264,2020-04-21,157,49,14,FALSE,FALSE,"EG","EGY",
"","Egypt",26.820553,30.802498,3659,935,276,2020-04-22,169,65,12,FALSE,FALSE,"EG","EGY",
"","Egypt",26.820553,30.802498,3891,1004,287,2020-04-23,232,69,11,FALSE,FALSE,"EG","EGY",
"","Egypt",26.820553,30.802498,4092,1075,294,2020-04-24,201,71,7,FALSE,FALSE,"EG","EGY",
"","Egypt",26.820553,30.802498,4319,1114,307,2020-04-25,227,39,13,FALSE,FALSE,"EG","EGY",
"","Egypt",26.820553,30.802498,4534,1176,317,2020-04-26,215,62,10,FALSE,FALSE,"EG","EGY",
"","Egypt",26.820553,30.802498,4782,1236,337,2020-04-27,248,60,20,FALSE,FALSE,"EG","EGY",
"","Egypt",26.820553,30.802498,5042,1304,359,2020-04-28,260,68,22,FALSE,FALSE,"EG","EGY",
"","Egypt",26.820553,30.802498,5268,1335,380,2020-04-29,226,31,21,FALSE,FALSE,"EG","EGY",
"","Egypt",26.820553,30.802498,5537,1381,392,2020-04-30,269,46,12,FALSE,FALSE,"EG","EGY",
"","Egypt",26.820553,30.802498,5895,1460,406,2020-05-01,358,79,14,FALSE,FALSE,"EG","EGY",
"","Egypt",26.820553,30.802498,6193,1522,415,2020-05-02,298,62,9,FALSE,FALSE,"EG","EGY",
"","Egypt",26.820553,30.802498,6465,1562,429,2020-05-03,272,40,14,FALSE,FALSE,"EG","EGY",
"","Egypt",26.820553,30.802498,6813,1632,436,2020-05-04,348,70,7,FALSE,FALSE,"EG","EGY",
"","Egypt",26.820553,30.802498,7201,1730,452,2020-05-05,388,98,16,FALSE,FALSE,"EG","EGY",
"","Egypt",26.820553,30.802498,7588,1815,469,2020-05-06,387,85,17,FALSE,FALSE,"EG","EGY",
"","Egypt",26.820553,30.802498,7981,1887,482,2020-05-07,393,72,13,FALSE,FALSE,"EG","EGY",
"","Egypt",26.820553,30.802498,8476,1945,503,2020-05-08,495,58,21,FALSE,FALSE,"EG","EGY",
"","Egypt",26.820553,30.802498,8964,2002,514,2020-05-09,488,57,11,FALSE,FALSE,"EG","EGY",
"","Egypt",26.820553,30.802498,9400,2075,525,2020-05-10,436,73,11,FALSE,FALSE,"EG","EGY",
"","Egypt",26.820553,30.802498,9746,2172,533,2020-05-11,346,97,8,FALSE,FALSE,"EG","EGY",
"","Egypt",26.820553,30.802498,10093,2326,544,2020-05-12,347,154,11,FALSE,FALSE,"EG","EGY",
"","Egypt",26.820553,30.802498,10431,2486,556,2020-05-13,338,160,12,FALSE,FALSE,"EG","EGY",
"","Egypt",26.820553,30.802498,10829,2626,571,2020-05-14,398,140,15,FALSE,FALSE,"EG","EGY",
"","Egypt",26.820553,30.802498,11228,2799,592,2020-05-15,399,173,21,FALSE,FALSE,"EG","EGY",
"","Egypt",26.820553,30.802498,11719,2950,612,2020-05-16,491,151,20,FALSE,FALSE,"EG","EGY",
"","Egypt",26.820553,30.802498,12229,3172,630,2020-05-17,510,222,18,FALSE,FALSE,"EG","EGY",
"","Egypt",26.820553,30.802498,12764,3440,645,2020-05-18,535,268,15,FALSE,FALSE,"EG","EGY",
"","Egypt",26.820553,30.802498,13484,3742,659,2020-05-19,720,302,14,FALSE,FALSE,"EG","EGY",
"","Egypt",26.820553,30.802498,14229,3994,680,2020-05-20,745,252,21,FALSE,FALSE,"EG","EGY",
"","Egypt",26.820553,30.802498,15003,4217,696,2020-05-21,774,223,16,FALSE,FALSE,"EG","EGY",
"","Egypt",26.820553,30.802498,15786,4374,707,2020-05-22,783,157,11,FALSE,FALSE,"EG","EGY",
"","Egypt",26.820553,30.802498,16513,4628,735,2020-05-23,727,254,28,FALSE,FALSE,"EG","EGY",
"","Egypt",26.820553,30.802498,17265,4807,764,2020-05-24,752,179,29,FALSE,FALSE,"EG","EGY",
"","Egypt",26.820553,30.802498,17967,4900,783,2020-05-25,702,93,19,FALSE,FALSE,"EG","EGY",
"","Egypt",26.820553,30.802498,18756,5027,797,2020-05-26,789,127,14,FALSE,FALSE,"EG","EGY",
"","Egypt",26.820553,30.802498,19666,5205,816,2020-05-27,910,178,19,FALSE,FALSE,"EG","EGY",
"","Egypt",26.820553,30.802498,20793,5359,845,2020-05-28,1127,154,29,FALSE,FALSE,"EG","EGY",
"","Egypt",26.820553,30.802498,22082,5511,879,2020-05-29,1289,152,34,FALSE,FALSE,"EG","EGY",
"","Egypt",26.820553,30.802498,23449,5693,913,2020-05-30,1367,182,34,FALSE,FALSE,"EG","EGY",
"","Egypt",26.820553,30.802498,24985,6037,959,2020-05-31,1536,344,46,FALSE,FALSE,"EG","EGY",
"","Egypt",26.820553,30.802498,26384,6447,1005,2020-06-01,1399,410,46,FALSE,FALSE,"EG","EGY",
"","Egypt",26.820553,30.802498,27536,6827,1052,2020-06-02,1152,380,47,FALSE,FALSE,"EG","EGY",
"","Egypt",26.820553,30.802498,28615,7350,1088,2020-06-03,1079,523,36,FALSE,FALSE,"EG","EGY",
"","Egypt",26.820553,30.802498,29767,7756,1126,2020-06-04,1152,406,38,FALSE,FALSE,"EG","EGY",
"","Egypt",26.820553,30.802498,31115,8158,1166,2020-06-05,1348,402,40,FALSE,FALSE,"EG","EGY",
"","Egypt",26.820553,30.802498,32612,8538,1198,2020-06-06,1497,380,32,FALSE,FALSE,"EG","EGY",
"","Egypt",26.820553,30.802498,34079,8961,1237,2020-06-07,1467,423,39,FALSE,FALSE,"EG","EGY",
"","Egypt",26.820553,30.802498,35444,9375,1271,2020-06-08,1365,414,34,FALSE,FALSE,"EG","EGY",
"","Egypt",26.820553,30.802498,36829,9786,1306,2020-06-09,1385,411,35,FALSE,FALSE,"EG","EGY",
"","Egypt",26.820553,30.802498,38284,10289,1342,2020-06-10,1455,503,36,FALSE,FALSE,"EG","EGY",
"","Egypt",26.820553,30.802498,39726,10691,1377,2020-06-11,1442,402,35,FALSE,FALSE,"EG","EGY",
"","Egypt",26.820553,30.802498,41303,11108,1422,2020-06-12,1577,417,45,FALSE,FALSE,"EG","EGY",
"","Egypt",26.820553,30.802498,42980,11529,1484,2020-06-13,1677,421,62,FALSE,FALSE,"EG","EGY",
"","Egypt",26.820553,30.802498,44598,11931,1575,2020-06-14,1618,402,91,FALSE,FALSE,"EG","EGY",
"","Egypt",26.820553,30.802498,46289,12329,1672,2020-06-15,1691,398,97,FALSE,FALSE,"EG","EGY",
"","Egypt",26.820553,30.802498,47856,12730,1766,2020-06-16,1567,401,94,FALSE,FALSE,"EG","EGY",
"","Egypt",26.820553,30.802498,49219,13141,1850,2020-06-17,1363,411,84,FALSE,FALSE,"EG","EGY",
"","Egypt",26.820553,30.802498,50437,13528,1938,2020-06-18,1218,387,88,FALSE,FALSE,"EG","EGY",
"","Egypt",26.820553,30.802498,52211,13928,2017,2020-06-19,1774,400,79,FALSE,FALSE,"EG","EGY",
"","Egypt",26.820553,30.802498,53758,14327,2106,2020-06-20,1547,399,89,FALSE,FALSE,"EG","EGY",
"","Egypt",26.820553,30.802498,55233,14736,2193,2020-06-21,1475,409,87,FALSE,FALSE,"EG","EGY",
"","Egypt",26.820553,30.802498,56809,15133,2278,2020-06-22,1576,397,85,FALSE,FALSE,"EG","EGY",
"","Egypt",26.820553,30.802498,58141,15535,2365,2020-06-23,1332,402,87,FALSE,FALSE,"EG","EGY",
"","Egypt",26.820553,30.802498,59561,15935,2450,2020-06-24,1420,400,85,FALSE,FALSE,"EG","EGY",
"","Egypt",26.820553,30.802498,61130,16338,2533,2020-06-25,1569,403,83,FALSE,FALSE,"EG","EGY",
"","Egypt",26.820553,30.802498,62755,16737,2620,2020-06-26,1625,399,87,FALSE,FALSE,"EG","EGY",
"","Egypt",26.820553,30.802498,63923,17140,2708,2020-06-27,1168,403,88,FALSE,FALSE,"EG","EGY",
"","Egypt",26.820553,30.802498,65188,17539,2789,2020-06-28,1265,399,81,FALSE,FALSE,"EG","EGY",
"","Egypt",26.820553,30.802498,66754,17951,2872,2020-06-29,1566,412,83,FALSE,FALSE,"EG","EGY",
"","Egypt",26.820553,30.802498,68311,18460,2953,2020-06-30,1557,509,81,FALSE,FALSE,"EG","EGY",
"","Egypt",26.820553,30.802498,69814,18881,3034,2020-07-01,1503,421,81,FALSE,FALSE,"EG","EGY",
"","Egypt",26.820553,30.802498,71299,19288,3120,2020-07-02,1485,407,86,FALSE,FALSE,"EG","EGY",
"","Egypt",26.820553,30.802498,72711,19690,3201,2020-07-03,1412,402,81,FALSE,FALSE,"EG","EGY",
"","Egypt",26.820553,30.802498,74035,20103,3280,2020-07-04,1324,413,79,FALSE,FALSE,"EG","EGY",
"","Egypt",26.820553,30.802498,75253,20726,3343,2020-07-05,1218,623,63,FALSE,FALSE,"EG","EGY",
"","Egypt",26.820553,30.802498,76222,21238,3422,2020-07-06,969,512,79,FALSE,FALSE,"EG","EGY",
"","Egypt",26.820553,30.802498,77279,21718,3489,2020-07-07,1057,480,67,FALSE,FALSE,"EG","EGY",
"","Egypt",26.820553,30.802498,78304,22241,3564,2020-07-08,1025,523,75,FALSE,FALSE,"EG","EGY",
"","Egypt",26.820553,30.802498,79254,22753,3617,2020-07-09,950,512,53,FALSE,FALSE,"EG","EGY",
"","Egypt",26.820553,30.802498,80235,23274,3702,2020-07-10,981,521,85,FALSE,FALSE,"EG","EGY",
"","Egypt",26.820553,30.802498,81158,23876,3769,2020-07-11,923,602,67,FALSE,FALSE,"EG","EGY",
"","Egypt",26.820553,30.802498,82070,24419,3858,2020-07-12,912,543,89,FALSE,FALSE,"EG","EGY",
"","Egypt",26.820553,30.802498,83001,24975,3935,2020-07-13,931,556,77,FALSE,FALSE,"EG","EGY",
"","Egypt",26.820553,30.802498,83930,25544,4008,2020-07-14,929,569,73,FALSE,FALSE,"EG","EGY",
