"","Province.State","Country.Region","Lat","Long","confirmed","recovered","deaths","date","area","confirmed_new","recovered_new","deaths_new","hasErrors"
"1","","Estonia",58.5953,25.0136,0,0,0,2020-01-22,"Estonia_",0,0,0,FALSE
"2","","Estonia",58.5953,25.0136,0,0,0,2020-01-23,"Estonia_",0,0,0,FALSE
"3","","Estonia",58.5953,25.0136,0,0,0,2020-01-24,"Estonia_",0,0,0,FALSE
"4","","Estonia",58.5953,25.0136,0,0,0,2020-01-25,"Estonia_",0,0,0,FALSE
"5","","Estonia",58.5953,25.0136,0,0,0,2020-01-26,"Estonia_",0,0,0,FALSE
"6","","Estonia",58.5953,25.0136,0,0,0,2020-01-27,"Estonia_",0,0,0,FALSE
"7","","Estonia",58.5953,25.0136,0,0,0,2020-01-28,"Estonia_",0,0,0,FALSE
"8","","Estonia",58.5953,25.0136,0,0,0,2020-01-29,"Estonia_",0,0,0,FALSE
"9","","Estonia",58.5953,25.0136,0,0,0,2020-01-30,"Estonia_",0,0,0,FALSE
"10","","Estonia",58.5953,25.0136,0,0,0,2020-01-31,"Estonia_",0,0,0,FALSE
"11","","Estonia",58.5953,25.0136,0,0,0,2020-02-01,"Estonia_",0,0,0,FALSE
"12","","Estonia",58.5953,25.0136,0,0,0,2020-02-02,"Estonia_",0,0,0,FALSE
"13","","Estonia",58.5953,25.0136,0,0,0,2020-02-03,"Estonia_",0,0,0,FALSE
"14","","Estonia",58.5953,25.0136,0,0,0,2020-02-04,"Estonia_",0,0,0,FALSE
"15","","Estonia",58.5953,25.0136,0,0,0,2020-02-05,"Estonia_",0,0,0,FALSE
"16","","Estonia",58.5953,25.0136,0,0,0,2020-02-06,"Estonia_",0,0,0,FALSE
"17","","Estonia",58.5953,25.0136,0,0,0,2020-02-07,"Estonia_",0,0,0,FALSE
"18","","Estonia",58.5953,25.0136,0,0,0,2020-02-08,"Estonia_",0,0,0,FALSE
"19","","Estonia",58.5953,25.0136,0,0,0,2020-02-09,"Estonia_",0,0,0,FALSE
"20","","Estonia",58.5953,25.0136,0,0,0,2020-02-10,"Estonia_",0,0,0,FALSE
"21","","Estonia",58.5953,25.0136,0,0,0,2020-02-11,"Estonia_",0,0,0,FALSE
"22","","Estonia",58.5953,25.0136,0,0,0,2020-02-12,"Estonia_",0,0,0,FALSE
"23","","Estonia",58.5953,25.0136,0,0,0,2020-02-13,"Estonia_",0,0,0,FALSE
"24","","Estonia",58.5953,25.0136,0,0,0,2020-02-14,"Estonia_",0,0,0,FALSE
"25","","Estonia",58.5953,25.0136,0,0,0,2020-02-15,"Estonia_",0,0,0,FALSE
"26","","Estonia",58.5953,25.0136,0,0,0,2020-02-16,"Estonia_",0,0,0,FALSE
"27","","Estonia",58.5953,25.0136,0,0,0,2020-02-17,"Estonia_",0,0,0,FALSE
"28","","Estonia",58.5953,25.0136,0,0,0,2020-02-18,"Estonia_",0,0,0,FALSE
"29","","Estonia",58.5953,25.0136,0,0,0,2020-02-19,"Estonia_",0,0,0,FALSE
"30","","Estonia",58.5953,25.0136,0,0,0,2020-02-20,"Estonia_",0,0,0,FALSE
"31","","Estonia",58.5953,25.0136,0,0,0,2020-02-21,"Estonia_",0,0,0,FALSE
"32","","Estonia",58.5953,25.0136,0,0,0,2020-02-22,"Estonia_",0,0,0,FALSE
"33","","Estonia",58.5953,25.0136,0,0,0,2020-02-23,"Estonia_",0,0,0,FALSE
"34","","Estonia",58.5953,25.0136,0,0,0,2020-02-24,"Estonia_",0,0,0,FALSE
"35","","Estonia",58.5953,25.0136,0,0,0,2020-02-25,"Estonia_",0,0,0,FALSE
"36","","Estonia",58.5953,25.0136,0,0,0,2020-02-26,"Estonia_",0,0,0,FALSE
"37","","Estonia",58.5953,25.0136,1,0,0,2020-02-27,"Estonia_",1,0,0,FALSE
"38","","Estonia",58.5953,25.0136,1,0,0,2020-02-28,"Estonia_",0,0,0,FALSE
"39","","Estonia",58.5953,25.0136,1,0,0,2020-02-29,"Estonia_",0,0,0,FALSE
"40","","Estonia",58.5953,25.0136,1,0,0,2020-03-01,"Estonia_",0,0,0,FALSE
"41","","Estonia",58.5953,25.0136,1,0,0,2020-03-02,"Estonia_",0,0,0,FALSE
"42","","Estonia",58.5953,25.0136,2,0,0,2020-03-03,"Estonia_",1,0,0,FALSE
"43","","Estonia",58.5953,25.0136,2,0,0,2020-03-04,"Estonia_",0,0,0,FALSE
"44","","Estonia",58.5953,25.0136,3,0,0,2020-03-05,"Estonia_",1,0,0,FALSE
"45","","Estonia",58.5953,25.0136,10,0,0,2020-03-06,"Estonia_",7,0,0,FALSE
"46","","Estonia",58.5953,25.0136,10,0,0,2020-03-07,"Estonia_",0,0,0,FALSE
"47","","Estonia",58.5953,25.0136,10,0,0,2020-03-08,"Estonia_",0,0,0,FALSE
"48","","Estonia",58.5953,25.0136,10,0,0,2020-03-09,"Estonia_",0,0,0,FALSE
"49","","Estonia",58.5953,25.0136,12,0,0,2020-03-10,"Estonia_",2,0,0,FALSE
"50","","Estonia",58.5953,25.0136,16,0,0,2020-03-11,"Estonia_",4,0,0,FALSE
"51","","Estonia",58.5953,25.0136,16,0,0,2020-03-12,"Estonia_",0,0,0,FALSE
"52","","Estonia",58.5953,25.0136,79,0,0,2020-03-13,"Estonia_",63,0,0,FALSE
"53","","Estonia",58.5953,25.0136,115,0,0,2020-03-14,"Estonia_",36,0,0,FALSE
"54","","Estonia",58.5953,25.0136,171,1,0,2020-03-15,"Estonia_",56,1,0,FALSE
"55","","Estonia",58.5953,25.0136,205,1,0,2020-03-16,"Estonia_",34,0,0,FALSE
"56","","Estonia",58.5953,25.0136,225,1,0,2020-03-17,"Estonia_",20,0,0,FALSE
"57","","Estonia",58.5953,25.0136,258,1,0,2020-03-18,"Estonia_",33,0,0,FALSE
"58","","Estonia",58.5953,25.0136,267,1,0,2020-03-19,"Estonia_",9,0,0,FALSE
"59","","Estonia",58.5953,25.0136,283,1,0,2020-03-20,"Estonia_",16,0,0,FALSE
"60","","Estonia",58.5953,25.0136,306,1,0,2020-03-21,"Estonia_",23,0,0,FALSE
"61","","Estonia",58.5953,25.0136,326,2,0,2020-03-22,"Estonia_",20,1,0,FALSE
"62","","Estonia",58.5953,25.0136,352,2,0,2020-03-23,"Estonia_",26,0,0,FALSE
"63","","Estonia",58.5953,25.0136,369,7,0,2020-03-24,"Estonia_",17,5,0,FALSE
"64","","Estonia",58.5953,25.0136,404,8,1,2020-03-25,"Estonia_",35,1,1,FALSE
"65","","Estonia",58.5953,25.0136,538,8,1,2020-03-26,"Estonia_",134,0,0,FALSE
"66","","Estonia",58.5953,25.0136,575,11,1,2020-03-27,"Estonia_",37,3,0,FALSE
"67","","Estonia",58.5953,25.0136,645,20,1,2020-03-28,"Estonia_",70,9,0,FALSE
"68","","Estonia",58.5953,25.0136,679,20,3,2020-03-29,"Estonia_",34,0,2,FALSE
"69","","Estonia",58.5953,25.0136,715,20,3,2020-03-30,"Estonia_",36,0,0,FALSE
"70","","Estonia",58.5953,25.0136,745,26,4,2020-03-31,"Estonia_",30,6,1,FALSE
"71","","Estonia",58.5953,25.0136,779,33,5,2020-04-01,"Estonia_",34,7,1,FALSE
"72","","Estonia",58.5953,25.0136,858,45,11,2020-04-02,"Estonia_",79,12,6,FALSE
"73","","Estonia",58.5953,25.0136,961,48,12,2020-04-03,"Estonia_",103,3,1,FALSE
"74","","Estonia",58.5953,25.0136,1039,59,13,2020-04-04,"Estonia_",78,11,1,FALSE
"75","","Estonia",58.5953,25.0136,1097,62,15,2020-04-05,"Estonia_",58,3,2,FALSE
"76","","Estonia",58.5953,25.0136,1108,62,19,2020-04-06,"Estonia_",11,0,4,FALSE
