"Province.State","Country.Region","Lat","Long","confirmed","recovered","deaths","date","confirmed_new","recovered_new","deaths_new","hasErrors","hasParent","country_code","country_code3","territory_code"
"","Finland",61.92411,25.748151,0,0,0,2020-01-22,0,0,0,FALSE,FALSE,"FI","FIN",
"","Finland",61.92411,25.748151,0,0,0,2020-01-23,0,0,0,FALSE,FALSE,"FI","FIN",
"","Finland",61.92411,25.748151,0,0,0,2020-01-24,0,0,0,FALSE,FALSE,"FI","FIN",
"","Finland",61.92411,25.748151,0,0,0,2020-01-25,0,0,0,FALSE,FALSE,"FI","FIN",
"","Finland",61.92411,25.748151,0,0,0,2020-01-26,0,0,0,FALSE,FALSE,"FI","FIN",
"","Finland",61.92411,25.748151,0,0,0,2020-01-27,0,0,0,FALSE,FALSE,"FI","FIN",
"","Finland",61.92411,25.748151,0,0,0,2020-01-28,0,0,0,FALSE,FALSE,"FI","FIN",
"","Finland",61.92411,25.748151,1,0,0,2020-01-29,1,0,0,FALSE,FALSE,"FI","FIN",
"","Finland",61.92411,25.748151,1,0,0,2020-01-30,0,0,0,FALSE,FALSE,"FI","FIN",
"","Finland",61.92411,25.748151,1,0,0,2020-01-31,0,0,0,FALSE,FALSE,"FI","FIN",
"","Finland",61.92411,25.748151,1,0,0,2020-02-01,0,0,0,FALSE,FALSE,"FI","FIN",
"","Finland",61.92411,25.748151,1,0,0,2020-02-02,0,0,0,FALSE,FALSE,"FI","FIN",
"","Finland",61.92411,25.748151,1,0,0,2020-02-03,0,0,0,FALSE,FALSE,"FI","FIN",
"","Finland",61.92411,25.748151,1,0,0,2020-02-04,0,0,0,FALSE,FALSE,"FI","FIN",
"","Finland",61.92411,25.748151,1,0,0,2020-02-05,0,0,0,FALSE,FALSE,"FI","FIN",
"","Finland",61.92411,25.748151,1,0,0,2020-02-06,0,0,0,FALSE,FALSE,"FI","FIN",
"","Finland",61.92411,25.748151,1,0,0,2020-02-07,0,0,0,FALSE,FALSE,"FI","FIN",
"","Finland",61.92411,25.748151,1,0,0,2020-02-08,0,0,0,FALSE,FALSE,"FI","FIN",
"","Finland",61.92411,25.748151,1,0,0,2020-02-09,0,0,0,FALSE,FALSE,"FI","FIN",
"","Finland",61.92411,25.748151,1,0,0,2020-02-10,0,0,0,FALSE,FALSE,"FI","FIN",
"","Finland",61.92411,25.748151,1,0,0,2020-02-11,0,0,0,FALSE,FALSE,"FI","FIN",
"","Finland",61.92411,25.748151,1,1,0,2020-02-12,0,1,0,FALSE,FALSE,"FI","FIN",
"","Finland",61.92411,25.748151,1,1,0,2020-02-13,0,0,0,FALSE,FALSE,"FI","FIN",
"","Finland",61.92411,25.748151,1,1,0,2020-02-14,0,0,0,FALSE,FALSE,"FI","FIN",
"","Finland",61.92411,25.748151,1,1,0,2020-02-15,0,0,0,FALSE,FALSE,"FI","FIN",
"","Finland",61.92411,25.748151,1,1,0,2020-02-16,0,0,0,FALSE,FALSE,"FI","FIN",
"","Finland",61.92411,25.748151,1,1,0,2020-02-17,0,0,0,FALSE,FALSE,"FI","FIN",
"","Finland",61.92411,25.748151,1,1,0,2020-02-18,0,0,0,FALSE,FALSE,"FI","FIN",
"","Finland",61.92411,25.748151,1,1,0,2020-02-19,0,0,0,FALSE,FALSE,"FI","FIN",
"","Finland",61.92411,25.748151,1,1,0,2020-02-20,0,0,0,FALSE,FALSE,"FI","FIN",
"","Finland",61.92411,25.748151,1,1,0,2020-02-21,0,0,0,FALSE,FALSE,"FI","FIN",
"","Finland",61.92411,25.748151,1,1,0,2020-02-22,0,0,0,FALSE,FALSE,"FI","FIN",
"","Finland",61.92411,25.748151,1,1,0,2020-02-23,0,0,0,FALSE,FALSE,"FI","FIN",
"","Finland",61.92411,25.748151,1,1,0,2020-02-24,0,0,0,FALSE,FALSE,"FI","FIN",
"","Finland",61.92411,25.748151,1,1,0,2020-02-25,0,0,0,FALSE,FALSE,"FI","FIN",
"","Finland",61.92411,25.748151,2,1,0,2020-02-26,1,0,0,FALSE,FALSE,"FI","FIN",
"","Finland",61.92411,25.748151,2,1,0,2020-02-27,0,0,0,FALSE,FALSE,"FI","FIN",
"","Finland",61.92411,25.748151,2,1,0,2020-02-28,0,0,0,FALSE,FALSE,"FI","FIN",
"","Finland",61.92411,25.748151,3,1,0,2020-02-29,1,0,0,FALSE,FALSE,"FI","FIN",
"","Finland",61.92411,25.748151,6,1,0,2020-03-01,3,0,0,FALSE,FALSE,"FI","FIN",
"","Finland",61.92411,25.748151,6,1,0,2020-03-02,0,0,0,FALSE,FALSE,"FI","FIN",
"","Finland",61.92411,25.748151,6,1,0,2020-03-03,0,0,0,FALSE,FALSE,"FI","FIN",
"","Finland",61.92411,25.748151,6,1,0,2020-03-04,0,0,0,FALSE,FALSE,"FI","FIN",
"","Finland",61.92411,25.748151,12,1,0,2020-03-05,6,0,0,FALSE,FALSE,"FI","FIN",
"","Finland",61.92411,25.748151,15,1,0,2020-03-06,3,0,0,FALSE,FALSE,"FI","FIN",
"","Finland",61.92411,25.748151,15,1,0,2020-03-07,0,0,0,FALSE,FALSE,"FI","FIN",
"","Finland",61.92411,25.748151,23,1,0,2020-03-08,8,0,0,FALSE,FALSE,"FI","FIN",
"","Finland",61.92411,25.748151,30,1,0,2020-03-09,7,0,0,FALSE,FALSE,"FI","FIN",
"","Finland",61.92411,25.748151,40,1,0,2020-03-10,10,0,0,FALSE,FALSE,"FI","FIN",
"","Finland",61.92411,25.748151,59,1,0,2020-03-11,19,0,0,FALSE,FALSE,"FI","FIN",
"","Finland",61.92411,25.748151,59,1,0,2020-03-12,0,0,0,FALSE,FALSE,"FI","FIN",
"","Finland",61.92411,25.748151,155,1,0,2020-03-13,96,0,0,FALSE,FALSE,"FI","FIN",
"","Finland",61.92411,25.748151,225,1,0,2020-03-14,70,0,0,FALSE,FALSE,"FI","FIN",
"","Finland",61.92411,25.748151,244,10,0,2020-03-15,19,9,0,FALSE,FALSE,"FI","FIN",
"","Finland",61.92411,25.748151,277,10,0,2020-03-16,33,0,0,FALSE,FALSE,"FI","FIN",
"","Finland",61.92411,25.748151,321,10,0,2020-03-17,44,0,0,FALSE,FALSE,"FI","FIN",
"","Finland",61.92411,25.748151,336,10,0,2020-03-18,15,0,0,FALSE,FALSE,"FI","FIN",
"","Finland",61.92411,25.748151,400,10,0,2020-03-19,64,0,0,FALSE,FALSE,"FI","FIN",
"","Finland",61.92411,25.748151,450,10,0,2020-03-20,50,0,0,FALSE,FALSE,"FI","FIN",
"","Finland",61.92411,25.748151,523,10,1,2020-03-21,73,0,1,FALSE,FALSE,"FI","FIN",
"","Finland",61.92411,25.748151,626,10,1,2020-03-22,103,0,0,FALSE,FALSE,"FI","FIN",
"","Finland",61.92411,25.748151,700,10,1,2020-03-23,74,0,0,FALSE,FALSE,"FI","FIN",
"","Finland",61.92411,25.748151,792,10,1,2020-03-24,92,0,0,FALSE,FALSE,"FI","FIN",
"","Finland",61.92411,25.748151,880,10,3,2020-03-25,88,0,2,FALSE,FALSE,"FI","FIN",
"","Finland",61.92411,25.748151,958,10,5,2020-03-26,78,0,2,FALSE,FALSE,"FI","FIN",
"","Finland",61.92411,25.748151,1041,10,7,2020-03-27,83,0,2,FALSE,FALSE,"FI","FIN",
"","Finland",61.92411,25.748151,1167,10,9,2020-03-28,126,0,2,FALSE,FALSE,"FI","FIN",
"","Finland",61.92411,25.748151,1240,10,11,2020-03-29,73,0,2,FALSE,FALSE,"FI","FIN",
"","Finland",61.92411,25.748151,1352,10,13,2020-03-30,112,0,2,FALSE,FALSE,"FI","FIN",
"","Finland",61.92411,25.748151,1418,10,17,2020-03-31,66,0,4,FALSE,FALSE,"FI","FIN",
"","Finland",61.92411,25.748151,1446,10,17,2020-04-01,28,0,0,FALSE,FALSE,"FI","FIN",
"","Finland",61.92411,25.748151,1518,300,19,2020-04-02,72,290,2,FALSE,FALSE,"FI","FIN",
"","Finland",61.92411,25.748151,1615,300,20,2020-04-03,97,0,1,FALSE,FALSE,"FI","FIN",
"","Finland",61.92411,25.748151,1882,300,25,2020-04-04,267,0,5,FALSE,FALSE,"FI","FIN",
"","Finland",61.92411,25.748151,1927,300,28,2020-04-05,45,0,3,FALSE,FALSE,"FI","FIN",
"","Finland",61.92411,25.748151,2176,300,27,2020-04-06,249,0,-1,FALSE,FALSE,"FI","FIN",
"","Finland",61.92411,25.748151,2308,300,34,2020-04-07,132,0,7,FALSE,FALSE,"FI","FIN",
"","Finland",61.92411,25.748151,2487,300,40,2020-04-08,179,0,6,FALSE,FALSE,"FI","FIN",
"","Finland",61.92411,25.748151,2605,300,42,2020-04-09,118,0,2,FALSE,FALSE,"FI","FIN",
"","Finland",61.92411,25.748151,2769,300,48,2020-04-10,164,0,6,FALSE,FALSE,"FI","FIN",
"","Finland",61.92411,25.748151,2905,300,49,2020-04-11,136,0,1,FALSE,FALSE,"FI","FIN",
"","Finland",61.92411,25.748151,2974,300,56,2020-04-12,69,0,7,FALSE,FALSE,"FI","FIN",
"","Finland",61.92411,25.748151,3064,300,59,2020-04-13,90,0,3,FALSE,FALSE,"FI","FIN",
"","Finland",61.92411,25.748151,3161,300,64,2020-04-14,97,0,5,FALSE,FALSE,"FI","FIN",
"","Finland",61.92411,25.748151,3237,300,72,2020-04-15,76,0,8,FALSE,FALSE,"FI","FIN",
"","Finland",61.92411,25.748151,3369,1700,75,2020-04-16,132,1400,3,FALSE,FALSE,"FI","FIN",
"","Finland",61.92411,25.748151,3489,1700,82,2020-04-17,120,0,7,FALSE,FALSE,"FI","FIN",
"","Finland",61.92411,25.748151,3681,1700,90,2020-04-18,192,0,8,FALSE,FALSE,"FI","FIN",
"","Finland",61.92411,25.748151,3783,1700,94,2020-04-19,102,0,4,FALSE,FALSE,"FI","FIN",
"","Finland",61.92411,25.748151,3868,2000,98,2020-04-20,85,300,4,FALSE,FALSE,"FI","FIN",
"","Finland",61.92411,25.748151,4014,2000,141,2020-04-21,146,0,43,FALSE,FALSE,"FI","FIN",
"","Finland",61.92411,25.748151,4129,2000,149,2020-04-22,115,0,8,FALSE,FALSE,"FI","FIN",
"","Finland",61.92411,25.748151,4284,2000,172,2020-04-23,155,0,23,FALSE,FALSE,"FI","FIN",
"","Finland",61.92411,25.748151,4395,2500,177,2020-04-24,111,500,5,FALSE,FALSE,"FI","FIN",
"","Finland",61.92411,25.748151,4475,2500,186,2020-04-25,80,0,9,FALSE,FALSE,"FI","FIN",
"","Finland",61.92411,25.748151,4576,2500,190,2020-04-26,101,0,4,FALSE,FALSE,"FI","FIN",
"","Finland",61.92411,25.748151,4695,2500,193,2020-04-27,119,0,3,FALSE,FALSE,"FI","FIN",
"","Finland",61.92411,25.748151,4740,2800,199,2020-04-28,45,300,6,FALSE,FALSE,"FI","FIN",
"","Finland",61.92411,25.748151,4906,2800,206,2020-04-29,166,0,7,FALSE,FALSE,"FI","FIN",
"","Finland",61.92411,25.748151,4995,3000,211,2020-04-30,89,200,5,FALSE,FALSE,"FI","FIN",
"","Finland",61.92411,25.748151,5051,3000,218,2020-05-01,56,0,7,FALSE,FALSE,"FI","FIN",
"","Finland",61.92411,25.748151,5176,3000,220,2020-05-02,125,0,2,FALSE,FALSE,"FI","FIN",
"","Finland",61.92411,25.748151,5254,3000,230,2020-05-03,78,0,10,FALSE,FALSE,"FI","FIN",
"","Finland",61.92411,25.748151,5327,3500,240,2020-05-04,73,500,10,FALSE,FALSE,"FI","FIN",
"","Finland",61.92411,25.748151,5412,3500,246,2020-05-05,85,0,6,FALSE,FALSE,"FI","FIN",
"","Finland",61.92411,25.748151,5573,3500,252,2020-05-06,161,0,6,FALSE,FALSE,"FI","FIN",
"","Finland",61.92411,25.748151,5673,3500,255,2020-05-07,100,0,3,FALSE,FALSE,"FI","FIN",
"","Finland",61.92411,25.748151,5738,4000,260,2020-05-08,65,500,5,FALSE,FALSE,"FI","FIN",
"","Finland",61.92411,25.748151,5880,4000,265,2020-05-09,142,0,5,FALSE,FALSE,"FI","FIN",
"","Finland",61.92411,25.748151,5962,4000,267,2020-05-10,82,0,2,FALSE,FALSE,"FI","FIN",
"","Finland",61.92411,25.748151,5984,4000,271,2020-05-11,22,0,4,FALSE,FALSE,"FI","FIN",
"","Finland",61.92411,25.748151,6003,4300,275,2020-05-12,19,300,4,FALSE,FALSE,"FI","FIN",
"","Finland",61.92411,25.748151,6054,4300,284,2020-05-13,51,0,9,FALSE,FALSE,"FI","FIN",
"","Finland",61.92411,25.748151,6145,4300,287,2020-05-14,91,0,3,FALSE,FALSE,"FI","FIN",
"","Finland",61.92411,25.748151,6228,5000,293,2020-05-15,83,700,6,FALSE,FALSE,"FI","FIN",
"","Finland",61.92411,25.748151,6286,5000,297,2020-05-16,58,0,4,FALSE,FALSE,"FI","FIN",
"","Finland",61.92411,25.748151,6347,5000,298,2020-05-17,61,0,1,FALSE,FALSE,"FI","FIN",
"","Finland",61.92411,25.748151,6380,5000,300,2020-05-18,33,0,2,FALSE,FALSE,"FI","FIN",
"","Finland",61.92411,25.748151,6399,5000,301,2020-05-19,19,0,1,FALSE,FALSE,"FI","FIN",
"","Finland",61.92411,25.748151,6443,4800,304,2020-05-20,44,-200,3,FALSE,FALSE,"FI","FIN",
"","Finland",61.92411,25.748151,6493,4800,306,2020-05-21,50,0,2,FALSE,FALSE,"FI","FIN",
"","Finland",61.92411,25.748151,6537,4800,306,2020-05-22,44,0,0,FALSE,FALSE,"FI","FIN",
"","Finland",61.92411,25.748151,6568,4800,306,2020-05-23,31,0,0,FALSE,FALSE,"FI","FIN",
"","Finland",61.92411,25.748151,6579,4800,307,2020-05-24,11,0,1,FALSE,FALSE,"FI","FIN",
"","Finland",61.92411,25.748151,6599,5100,308,2020-05-25,20,300,1,FALSE,FALSE,"FI","FIN",
"","Finland",61.92411,25.748151,6628,5100,312,2020-05-26,29,0,4,FALSE,FALSE,"FI","FIN",
"","Finland",61.92411,25.748151,6692,5100,313,2020-05-27,64,0,1,FALSE,FALSE,"FI","FIN",
"","Finland",61.92411,25.748151,6743,5500,313,2020-05-28,51,400,0,FALSE,FALSE,"FI","FIN",
"","Finland",61.92411,25.748151,6776,5500,314,2020-05-29,33,0,1,FALSE,FALSE,"FI","FIN",
"","Finland",61.92411,25.748151,6826,5500,316,2020-05-30,50,0,2,FALSE,FALSE,"FI","FIN",
"","Finland",61.92411,25.748151,6859,5500,320,2020-05-31,33,0,4,FALSE,FALSE,"FI","FIN",
"","Finland",61.92411,25.748151,6885,5500,318,2020-06-01,26,0,-2,FALSE,FALSE,"FI","FIN",
"","Finland",61.92411,25.748151,6887,5500,320,2020-06-02,2,0,2,FALSE,FALSE,"FI","FIN",
"","Finland",61.92411,25.748151,6911,5500,321,2020-06-03,24,0,1,FALSE,FALSE,"FI","FIN",
"","Finland",61.92411,25.748151,6911,5800,322,2020-06-04,0,300,1,FALSE,FALSE,"FI","FIN",
"","Finland",61.92411,25.748151,6941,5800,322,2020-06-05,30,0,0,FALSE,FALSE,"FI","FIN",
"","Finland",61.92411,25.748151,6964,5800,322,2020-06-06,23,0,0,FALSE,FALSE,"FI","FIN",
"","Finland",61.92411,25.748151,6981,5800,323,2020-06-07,17,0,1,FALSE,FALSE,"FI","FIN",
"","Finland",61.92411,25.748151,7001,5800,323,2020-06-08,20,0,0,FALSE,FALSE,"FI","FIN",
"","Finland",61.92411,25.748151,7025,5800,324,2020-06-09,24,0,1,FALSE,FALSE,"FI","FIN",
"","Finland",61.92411,25.748151,7040,5800,324,2020-06-10,15,0,0,FALSE,FALSE,"FI","FIN",
"","Finland",61.92411,25.748151,7064,6200,325,2020-06-11,24,400,1,FALSE,FALSE,"FI","FIN",
"","Finland",61.92411,25.748151,7073,6200,325,2020-06-12,9,0,0,FALSE,FALSE,"FI","FIN",
"","Finland",61.92411,25.748151,7087,6200,325,2020-06-13,14,0,0,FALSE,FALSE,"FI","FIN",
"","Finland",61.92411,25.748151,7104,6200,326,2020-06-14,17,0,1,FALSE,FALSE,"FI","FIN",
"","Finland",61.92411,25.748151,7108,6200,326,2020-06-15,4,0,0,FALSE,FALSE,"FI","FIN",
"","Finland",61.92411,25.748151,7112,6200,326,2020-06-16,4,0,0,FALSE,FALSE,"FI","FIN",
"","Finland",61.92411,25.748151,7117,6200,326,2020-06-17,5,0,0,FALSE,FALSE,"FI","FIN",
"","Finland",61.92411,25.748151,7119,6200,326,2020-06-18,2,0,0,FALSE,FALSE,"FI","FIN",
"","Finland",61.92411,25.748151,7133,6200,326,2020-06-19,14,0,0,FALSE,FALSE,"FI","FIN",
"","Finland",61.92411,25.748151,7142,6200,326,2020-06-20,9,0,0,FALSE,FALSE,"FI","FIN",
"","Finland",61.92411,25.748151,7143,6200,326,2020-06-21,1,0,0,FALSE,FALSE,"FI","FIN",
"","Finland",61.92411,25.748151,7144,6400,327,2020-06-22,1,200,1,FALSE,FALSE,"FI","FIN",
"","Finland",61.92411,25.748151,7155,6400,327,2020-06-23,11,0,0,FALSE,FALSE,"FI","FIN",
"","Finland",61.92411,25.748151,7167,6600,327,2020-06-24,12,200,0,FALSE,FALSE,"FI","FIN",
"","Finland",61.92411,25.748151,7172,6600,327,2020-06-25,5,0,0,FALSE,FALSE,"FI","FIN",
"","Finland",61.92411,25.748151,7191,6600,328,2020-06-26,19,0,1,FALSE,FALSE,"FI","FIN",
"","Finland",61.92411,25.748151,7198,6600,328,2020-06-27,7,0,0,FALSE,FALSE,"FI","FIN",
"","Finland",61.92411,25.748151,7198,6600,328,2020-06-28,0,0,0,FALSE,FALSE,"FI","FIN",
"","Finland",61.92411,25.748151,7209,6600,328,2020-06-29,11,0,0,FALSE,FALSE,"FI","FIN",
"","Finland",61.92411,25.748151,7214,6600,328,2020-06-30,5,0,0,FALSE,FALSE,"FI","FIN",
"","Finland",61.92411,25.748151,7236,6700,328,2020-07-01,22,100,0,FALSE,FALSE,"FI","FIN",
"","Finland",61.92411,25.748151,7241,6700,328,2020-07-02,5,0,0,FALSE,FALSE,"FI","FIN",
"","Finland",61.92411,25.748151,7242,6700,329,2020-07-03,1,0,1,FALSE,FALSE,"FI","FIN",
"","Finland",61.92411,25.748151,7248,6700,329,2020-07-04,6,0,0,FALSE,FALSE,"FI","FIN",
"","Finland",61.92411,25.748151,7253,6700,329,2020-07-05,5,0,0,FALSE,FALSE,"FI","FIN",
"","Finland",61.92411,25.748151,7257,6700,329,2020-07-06,4,0,0,FALSE,FALSE,"FI","FIN",
"","Finland",61.92411,25.748151,7262,6700,329,2020-07-07,5,0,0,FALSE,FALSE,"FI","FIN",
"","Finland",61.92411,25.748151,7265,6800,329,2020-07-08,3,100,0,FALSE,FALSE,"FI","FIN",
"","Finland",61.92411,25.748151,7273,6800,329,2020-07-09,8,0,0,FALSE,FALSE,"FI","FIN",
"","Finland",61.92411,25.748151,7279,6800,329,2020-07-10,6,0,0,FALSE,FALSE,"FI","FIN",
"","Finland",61.92411,25.748151,7291,6800,329,2020-07-11,12,0,0,FALSE,FALSE,"FI","FIN",
"","Finland",61.92411,25.748151,7294,6800,329,2020-07-12,3,0,0,FALSE,FALSE,"FI","FIN",
"","Finland",61.92411,25.748151,7295,6800,329,2020-07-13,1,0,0,FALSE,FALSE,"FI","FIN",
"","Finland",61.92411,25.748151,7301,6800,329,2020-07-14,6,0,0,FALSE,FALSE,"FI","FIN",
"","Finland",61.92411,25.748151,7296,6880,328,2020-07-15,-5,80,-1,FALSE,FALSE,"FI","FIN",
"","Finland",61.92411,25.748151,7293,6880,328,2020-07-16,-3,0,0,FALSE,FALSE,"FI","FIN",
"","Finland",61.92411,25.748151,7301,6880,328,2020-07-17,8,0,0,FALSE,FALSE,"FI","FIN",
"","Finland",61.92411,25.748151,7318,6880,328,2020-07-18,17,0,0,FALSE,FALSE,"FI","FIN",
