"Province.State","Country.Region","Lat","Long","confirmed","recovered","deaths","date","confirmed_new","recovered_new","deaths_new","hasErrors","hasParent","country_code","country_code3","territory_code"
"","Croatia",45.1,15.2,0,0,0,2020-01-22,0,0,0,FALSE,FALSE,"HR","HRV",
"","Croatia",45.1,15.2,0,0,0,2020-01-23,0,0,0,FALSE,FALSE,"HR","HRV",
"","Croatia",45.1,15.2,0,0,0,2020-01-24,0,0,0,FALSE,FALSE,"HR","HRV",
"","Croatia",45.1,15.2,0,0,0,2020-01-25,0,0,0,FALSE,FALSE,"HR","HRV",
"","Croatia",45.1,15.2,0,0,0,2020-01-26,0,0,0,FALSE,FALSE,"HR","HRV",
"","Croatia",45.1,15.2,0,0,0,2020-01-27,0,0,0,FALSE,FALSE,"HR","HRV",
"","Croatia",45.1,15.2,0,0,0,2020-01-28,0,0,0,FALSE,FALSE,"HR","HRV",
"","Croatia",45.1,15.2,0,0,0,2020-01-29,0,0,0,FALSE,FALSE,"HR","HRV",
"","Croatia",45.1,15.2,0,0,0,2020-01-30,0,0,0,FALSE,FALSE,"HR","HRV",
"","Croatia",45.1,15.2,0,0,0,2020-01-31,0,0,0,FALSE,FALSE,"HR","HRV",
"","Croatia",45.1,15.2,0,0,0,2020-02-01,0,0,0,FALSE,FALSE,"HR","HRV",
"","Croatia",45.1,15.2,0,0,0,2020-02-02,0,0,0,FALSE,FALSE,"HR","HRV",
"","Croatia",45.1,15.2,0,0,0,2020-02-03,0,0,0,FALSE,FALSE,"HR","HRV",
"","Croatia",45.1,15.2,0,0,0,2020-02-04,0,0,0,FALSE,FALSE,"HR","HRV",
"","Croatia",45.1,15.2,0,0,0,2020-02-05,0,0,0,FALSE,FALSE,"HR","HRV",
"","Croatia",45.1,15.2,0,0,0,2020-02-06,0,0,0,FALSE,FALSE,"HR","HRV",
"","Croatia",45.1,15.2,0,0,0,2020-02-07,0,0,0,FALSE,FALSE,"HR","HRV",
"","Croatia",45.1,15.2,0,0,0,2020-02-08,0,0,0,FALSE,FALSE,"HR","HRV",
"","Croatia",45.1,15.2,0,0,0,2020-02-09,0,0,0,FALSE,FALSE,"HR","HRV",
"","Croatia",45.1,15.2,0,0,0,2020-02-10,0,0,0,FALSE,FALSE,"HR","HRV",
"","Croatia",45.1,15.2,0,0,0,2020-02-11,0,0,0,FALSE,FALSE,"HR","HRV",
"","Croatia",45.1,15.2,0,0,0,2020-02-12,0,0,0,FALSE,FALSE,"HR","HRV",
"","Croatia",45.1,15.2,0,0,0,2020-02-13,0,0,0,FALSE,FALSE,"HR","HRV",
"","Croatia",45.1,15.2,0,0,0,2020-02-14,0,0,0,FALSE,FALSE,"HR","HRV",
"","Croatia",45.1,15.2,0,0,0,2020-02-15,0,0,0,FALSE,FALSE,"HR","HRV",
"","Croatia",45.1,15.2,0,0,0,2020-02-16,0,0,0,FALSE,FALSE,"HR","HRV",
"","Croatia",45.1,15.2,0,0,0,2020-02-17,0,0,0,FALSE,FALSE,"HR","HRV",
"","Croatia",45.1,15.2,0,0,0,2020-02-18,0,0,0,FALSE,FALSE,"HR","HRV",
"","Croatia",45.1,15.2,0,0,0,2020-02-19,0,0,0,FALSE,FALSE,"HR","HRV",
"","Croatia",45.1,15.2,0,0,0,2020-02-20,0,0,0,FALSE,FALSE,"HR","HRV",
"","Croatia",45.1,15.2,0,0,0,2020-02-21,0,0,0,FALSE,FALSE,"HR","HRV",
"","Croatia",45.1,15.2,0,0,0,2020-02-22,0,0,0,FALSE,FALSE,"HR","HRV",
"","Croatia",45.1,15.2,0,0,0,2020-02-23,0,0,0,FALSE,FALSE,"HR","HRV",
"","Croatia",45.1,15.2,0,0,0,2020-02-24,0,0,0,FALSE,FALSE,"HR","HRV",
"","Croatia",45.1,15.2,1,0,0,2020-02-25,1,0,0,FALSE,FALSE,"HR","HRV",
"","Croatia",45.1,15.2,3,0,0,2020-02-26,2,0,0,FALSE,FALSE,"HR","HRV",
"","Croatia",45.1,15.2,3,0,0,2020-02-27,0,0,0,FALSE,FALSE,"HR","HRV",
"","Croatia",45.1,15.2,5,0,0,2020-02-28,2,0,0,FALSE,FALSE,"HR","HRV",
"","Croatia",45.1,15.2,6,0,0,2020-02-29,1,0,0,FALSE,FALSE,"HR","HRV",
"","Croatia",45.1,15.2,7,0,0,2020-03-01,1,0,0,FALSE,FALSE,"HR","HRV",
"","Croatia",45.1,15.2,7,0,0,2020-03-02,0,0,0,FALSE,FALSE,"HR","HRV",
"","Croatia",45.1,15.2,9,0,0,2020-03-03,2,0,0,FALSE,FALSE,"HR","HRV",
"","Croatia",45.1,15.2,10,0,0,2020-03-04,1,0,0,FALSE,FALSE,"HR","HRV",
"","Croatia",45.1,15.2,10,0,0,2020-03-05,0,0,0,FALSE,FALSE,"HR","HRV",
"","Croatia",45.1,15.2,11,0,0,2020-03-06,1,0,0,FALSE,FALSE,"HR","HRV",
"","Croatia",45.1,15.2,12,0,0,2020-03-07,1,0,0,FALSE,FALSE,"HR","HRV",
"","Croatia",45.1,15.2,12,0,0,2020-03-08,0,0,0,FALSE,FALSE,"HR","HRV",
"","Croatia",45.1,15.2,12,0,0,2020-03-09,0,0,0,FALSE,FALSE,"HR","HRV",
"","Croatia",45.1,15.2,14,0,0,2020-03-10,2,0,0,FALSE,FALSE,"HR","HRV",
"","Croatia",45.1,15.2,19,0,0,2020-03-11,5,0,0,FALSE,FALSE,"HR","HRV",
"","Croatia",45.1,15.2,19,0,0,2020-03-12,0,0,0,FALSE,FALSE,"HR","HRV",
"","Croatia",45.1,15.2,32,1,0,2020-03-13,13,1,0,FALSE,FALSE,"HR","HRV",
"","Croatia",45.1,15.2,38,1,0,2020-03-14,6,0,0,FALSE,FALSE,"HR","HRV",
"","Croatia",45.1,15.2,49,1,0,2020-03-15,11,0,0,FALSE,FALSE,"HR","HRV",
"","Croatia",45.1,15.2,57,2,0,2020-03-16,8,1,0,FALSE,FALSE,"HR","HRV",
"","Croatia",45.1,15.2,65,4,0,2020-03-17,8,2,0,FALSE,FALSE,"HR","HRV",
"","Croatia",45.1,15.2,81,4,0,2020-03-18,16,0,0,FALSE,FALSE,"HR","HRV",
"","Croatia",45.1,15.2,105,5,1,2020-03-19,24,1,1,FALSE,FALSE,"HR","HRV",
"","Croatia",45.1,15.2,128,5,1,2020-03-20,23,0,0,FALSE,FALSE,"HR","HRV",
"","Croatia",45.1,15.2,206,5,1,2020-03-21,78,0,0,FALSE,FALSE,"HR","HRV",
"","Croatia",45.1,15.2,254,5,1,2020-03-22,48,0,0,FALSE,FALSE,"HR","HRV",
"","Croatia",45.1,15.2,315,5,1,2020-03-23,61,0,0,FALSE,FALSE,"HR","HRV",
"","Croatia",45.1,15.2,382,5,1,2020-03-24,67,0,0,FALSE,FALSE,"HR","HRV",
"","Croatia",45.1,15.2,442,22,1,2020-03-25,60,17,0,FALSE,FALSE,"HR","HRV",
"","Croatia",45.1,15.2,495,22,3,2020-03-26,53,0,2,FALSE,FALSE,"HR","HRV",
"","Croatia",45.1,15.2,586,37,3,2020-03-27,91,15,0,FALSE,FALSE,"HR","HRV",
"","Croatia",45.1,15.2,657,45,5,2020-03-28,71,8,2,FALSE,FALSE,"HR","HRV",
"","Croatia",45.1,15.2,713,52,6,2020-03-29,56,7,1,FALSE,FALSE,"HR","HRV",
"","Croatia",45.1,15.2,790,67,6,2020-03-30,77,15,0,FALSE,FALSE,"HR","HRV",
"","Croatia",45.1,15.2,867,67,6,2020-03-31,77,0,0,FALSE,FALSE,"HR","HRV",
"","Croatia",45.1,15.2,963,73,6,2020-04-01,96,6,0,FALSE,FALSE,"HR","HRV",
"","Croatia",45.1,15.2,1011,88,7,2020-04-02,48,15,1,FALSE,FALSE,"HR","HRV",
"","Croatia",45.1,15.2,1079,92,8,2020-04-03,68,4,1,FALSE,FALSE,"HR","HRV",
"","Croatia",45.1,15.2,1126,119,12,2020-04-04,47,27,4,FALSE,FALSE,"HR","HRV",
"","Croatia",45.1,15.2,1182,125,15,2020-04-05,56,6,3,FALSE,FALSE,"HR","HRV",
"","Croatia",45.1,15.2,1222,130,16,2020-04-06,40,5,1,FALSE,FALSE,"HR","HRV",
"","Croatia",45.1,15.2,1282,167,18,2020-04-07,60,37,2,FALSE,FALSE,"HR","HRV",
"","Croatia",45.1,15.2,1343,179,19,2020-04-08,61,12,1,FALSE,FALSE,"HR","HRV",
"","Croatia",45.1,15.2,1407,219,20,2020-04-09,64,40,1,FALSE,FALSE,"HR","HRV",
"","Croatia",45.1,15.2,1495,231,21,2020-04-10,88,12,1,FALSE,FALSE,"HR","HRV",
"","Croatia",45.1,15.2,1534,323,21,2020-04-11,39,92,0,FALSE,FALSE,"HR","HRV",
"","Croatia",45.1,15.2,1600,373,23,2020-04-12,66,50,2,FALSE,FALSE,"HR","HRV",
"","Croatia",45.1,15.2,1650,400,25,2020-04-13,50,27,2,FALSE,FALSE,"HR","HRV",
"","Croatia",45.1,15.2,1704,415,31,2020-04-14,54,15,6,FALSE,FALSE,"HR","HRV",
"","Croatia",45.1,15.2,1741,473,33,2020-04-15,37,58,2,FALSE,FALSE,"HR","HRV",
"","Croatia",45.1,15.2,1791,529,35,2020-04-16,50,56,2,FALSE,FALSE,"HR","HRV",
"","Croatia",45.1,15.2,1814,600,36,2020-04-17,23,71,1,FALSE,FALSE,"HR","HRV",
"","Croatia",45.1,15.2,1832,615,39,2020-04-18,18,15,3,FALSE,FALSE,"HR","HRV",
"","Croatia",45.1,15.2,1871,709,47,2020-04-19,39,94,8,FALSE,FALSE,"HR","HRV",
"","Croatia",45.1,15.2,1881,771,47,2020-04-20,10,62,0,FALSE,FALSE,"HR","HRV",
"","Croatia",45.1,15.2,1908,801,48,2020-04-21,27,30,1,FALSE,FALSE,"HR","HRV",
"","Croatia",45.1,15.2,1950,869,48,2020-04-22,42,68,0,FALSE,FALSE,"HR","HRV",
"","Croatia",45.1,15.2,1981,883,50,2020-04-23,31,14,2,FALSE,FALSE,"HR","HRV",
"","Croatia",45.1,15.2,2009,982,51,2020-04-24,28,99,1,FALSE,FALSE,"HR","HRV",
"","Croatia",45.1,15.2,2016,1034,54,2020-04-25,7,52,3,FALSE,FALSE,"HR","HRV",
"","Croatia",45.1,15.2,2030,1103,55,2020-04-26,14,69,1,FALSE,FALSE,"HR","HRV",
"","Croatia",45.1,15.2,2039,1166,59,2020-04-27,9,63,4,FALSE,FALSE,"HR","HRV",
"","Croatia",45.1,15.2,2047,1232,63,2020-04-28,8,66,4,FALSE,FALSE,"HR","HRV",
"","Croatia",45.1,15.2,2062,1288,67,2020-04-29,15,56,4,FALSE,FALSE,"HR","HRV",
"","Croatia",45.1,15.2,2076,1348,69,2020-04-30,14,60,2,FALSE,FALSE,"HR","HRV",
"","Croatia",45.1,15.2,2085,1421,75,2020-05-01,9,73,6,FALSE,FALSE,"HR","HRV",
"","Croatia",45.1,15.2,2088,1463,77,2020-05-02,3,42,2,FALSE,FALSE,"HR","HRV",
"","Croatia",45.1,15.2,2096,1489,79,2020-05-03,8,26,2,FALSE,FALSE,"HR","HRV",
"","Croatia",45.1,15.2,2101,1522,80,2020-05-04,5,33,1,FALSE,FALSE,"HR","HRV",
"","Croatia",45.1,15.2,2112,1560,83,2020-05-05,11,38,3,FALSE,FALSE,"HR","HRV",
"","Croatia",45.1,15.2,2119,1601,85,2020-05-06,7,41,2,FALSE,FALSE,"HR","HRV",
"","Croatia",45.1,15.2,2125,1641,86,2020-05-07,6,40,1,FALSE,FALSE,"HR","HRV",
"","Croatia",45.1,15.2,2161,1689,86,2020-05-08,36,48,0,FALSE,FALSE,"HR","HRV",
"","Croatia",45.1,15.2,2176,1726,87,2020-05-09,15,37,1,FALSE,FALSE,"HR","HRV",
"","Croatia",45.1,15.2,2187,1764,90,2020-05-10,11,38,3,FALSE,FALSE,"HR","HRV",
"","Croatia",45.1,15.2,2196,1784,91,2020-05-11,9,20,1,FALSE,FALSE,"HR","HRV",
"","Croatia",45.1,15.2,2207,1808,91,2020-05-12,11,24,0,FALSE,FALSE,"HR","HRV",
"","Croatia",45.1,15.2,2213,1834,94,2020-05-13,6,26,3,FALSE,FALSE,"HR","HRV",
"","Croatia",45.1,15.2,2221,1850,94,2020-05-14,8,16,0,FALSE,FALSE,"HR","HRV",
"","Croatia",45.1,15.2,2222,1869,95,2020-05-15,1,19,1,FALSE,FALSE,"HR","HRV",
"","Croatia",45.1,15.2,2224,1913,95,2020-05-16,2,44,0,FALSE,FALSE,"HR","HRV",
"","Croatia",45.1,15.2,2226,1936,95,2020-05-17,2,23,0,FALSE,FALSE,"HR","HRV",
"","Croatia",45.1,15.2,2228,1946,95,2020-05-18,2,10,0,FALSE,FALSE,"HR","HRV",
"","Croatia",45.1,15.2,2232,1967,96,2020-05-19,4,21,1,FALSE,FALSE,"HR","HRV",
"","Croatia",45.1,15.2,2234,1978,96,2020-05-20,2,11,0,FALSE,FALSE,"HR","HRV",
"","Croatia",45.1,15.2,2237,1978,97,2020-05-21,3,0,1,FALSE,FALSE,"HR","HRV",
"","Croatia",45.1,15.2,2243,2011,99,2020-05-22,6,33,2,FALSE,FALSE,"HR","HRV",
"","Croatia",45.1,15.2,2243,2023,99,2020-05-23,0,12,0,FALSE,FALSE,"HR","HRV",
"","Croatia",45.1,15.2,2244,2027,99,2020-05-24,1,4,0,FALSE,FALSE,"HR","HRV",
"","Croatia",45.1,15.2,2244,2035,100,2020-05-25,0,8,1,FALSE,FALSE,"HR","HRV",
"","Croatia",45.1,15.2,2244,2046,101,2020-05-26,0,11,1,FALSE,FALSE,"HR","HRV",
"","Croatia",45.1,15.2,2244,2047,101,2020-05-27,0,1,0,FALSE,FALSE,"HR","HRV",
"","Croatia",45.1,15.2,2245,2051,102,2020-05-28,1,4,1,FALSE,FALSE,"HR","HRV",
"","Croatia",45.1,15.2,2245,2059,103,2020-05-29,0,8,1,FALSE,FALSE,"HR","HRV",
"","Croatia",45.1,15.2,2246,2063,103,2020-05-30,1,4,0,FALSE,FALSE,"HR","HRV",
"","Croatia",45.1,15.2,2246,2072,103,2020-05-31,0,9,0,FALSE,FALSE,"HR","HRV",
"","Croatia",45.1,15.2,2246,2077,103,2020-06-01,0,5,0,FALSE,FALSE,"HR","HRV",
"","Croatia",45.1,15.2,2246,2088,103,2020-06-02,0,11,0,FALSE,FALSE,"HR","HRV",
"","Croatia",45.1,15.2,2246,2095,103,2020-06-03,0,7,0,FALSE,FALSE,"HR","HRV",
"","Croatia",45.1,15.2,2247,2105,103,2020-06-04,1,10,0,FALSE,FALSE,"HR","HRV",
"","Croatia",45.1,15.2,2247,2113,103,2020-06-05,0,8,0,FALSE,FALSE,"HR","HRV",
"","Croatia",45.1,15.2,2247,2121,104,2020-06-06,0,8,1,FALSE,FALSE,"HR","HRV",
"","Croatia",45.1,15.2,2247,2126,104,2020-06-07,0,5,0,FALSE,FALSE,"HR","HRV",
"","Croatia",45.1,15.2,2247,2128,104,2020-06-08,0,2,0,FALSE,FALSE,"HR","HRV",
"","Croatia",45.1,15.2,2247,2130,106,2020-06-09,0,2,2,FALSE,FALSE,"HR","HRV",
"","Croatia",45.1,15.2,2249,2130,106,2020-06-10,2,0,0,FALSE,FALSE,"HR","HRV",
"","Croatia",45.1,15.2,2249,2132,106,2020-06-11,0,2,0,FALSE,FALSE,"HR","HRV",
"","Croatia",45.1,15.2,2249,2133,107,2020-06-12,0,1,1,FALSE,FALSE,"HR","HRV",
"","Croatia",45.1,15.2,2251,2134,107,2020-06-13,2,1,0,FALSE,FALSE,"HR","HRV",
"","Croatia",45.1,15.2,2252,2134,107,2020-06-14,1,0,0,FALSE,FALSE,"HR","HRV",
"","Croatia",45.1,15.2,2254,2140,107,2020-06-15,2,6,0,FALSE,FALSE,"HR","HRV",
"","Croatia",45.1,15.2,2255,2140,107,2020-06-16,1,0,0,FALSE,FALSE,"HR","HRV",
"","Croatia",45.1,15.2,2258,2141,107,2020-06-17,3,1,0,FALSE,FALSE,"HR","HRV",
"","Croatia",45.1,15.2,2269,2142,107,2020-06-18,11,1,0,FALSE,FALSE,"HR","HRV",
"","Croatia",45.1,15.2,2280,2142,107,2020-06-19,11,0,0,FALSE,FALSE,"HR","HRV",
"","Croatia",45.1,15.2,2299,2142,107,2020-06-20,19,0,0,FALSE,FALSE,"HR","HRV",
"","Croatia",45.1,15.2,2317,2142,107,2020-06-21,18,0,0,FALSE,FALSE,"HR","HRV",
"","Croatia",45.1,15.2,2336,2142,107,2020-06-22,19,0,0,FALSE,FALSE,"HR","HRV",
"","Croatia",45.1,15.2,2366,2142,107,2020-06-23,30,0,0,FALSE,FALSE,"HR","HRV",
