"Province.State","Country.Region","Lat","Long","confirmed","recovered","deaths","date","confirmed_new","recovered_new","deaths_new","hasErrors","hasParent","country_code","country_code3","territory_code"
"","Korea, South",35.907757,127.766922,1,0,0,2020-01-22,1,0,0,FALSE,FALSE,"KR","KOR",
"","Korea, South",35.907757,127.766922,1,0,0,2020-01-23,0,0,0,FALSE,FALSE,"KR","KOR",
"","Korea, South",35.907757,127.766922,2,0,0,2020-01-24,1,0,0,FALSE,FALSE,"KR","KOR",
"","Korea, South",35.907757,127.766922,2,0,0,2020-01-25,0,0,0,FALSE,FALSE,"KR","KOR",
"","Korea, South",35.907757,127.766922,3,0,0,2020-01-26,1,0,0,FALSE,FALSE,"KR","KOR",
"","Korea, South",35.907757,127.766922,4,0,0,2020-01-27,1,0,0,FALSE,FALSE,"KR","KOR",
"","Korea, South",35.907757,127.766922,4,0,0,2020-01-28,0,0,0,FALSE,FALSE,"KR","KOR",
"","Korea, South",35.907757,127.766922,4,0,0,2020-01-29,0,0,0,FALSE,FALSE,"KR","KOR",
"","Korea, South",35.907757,127.766922,4,0,0,2020-01-30,0,0,0,FALSE,FALSE,"KR","KOR",
"","Korea, South",35.907757,127.766922,11,0,0,2020-01-31,7,0,0,FALSE,FALSE,"KR","KOR",
"","Korea, South",35.907757,127.766922,12,0,0,2020-02-01,1,0,0,FALSE,FALSE,"KR","KOR",
"","Korea, South",35.907757,127.766922,15,0,0,2020-02-02,3,0,0,FALSE,FALSE,"KR","KOR",
"","Korea, South",35.907757,127.766922,15,0,0,2020-02-03,0,0,0,FALSE,FALSE,"KR","KOR",
"","Korea, South",35.907757,127.766922,16,0,0,2020-02-04,1,0,0,FALSE,FALSE,"KR","KOR",
"","Korea, South",35.907757,127.766922,19,0,0,2020-02-05,3,0,0,FALSE,FALSE,"KR","KOR",
"","Korea, South",35.907757,127.766922,23,0,0,2020-02-06,4,0,0,FALSE,FALSE,"KR","KOR",
"","Korea, South",35.907757,127.766922,24,1,0,2020-02-07,1,1,0,FALSE,FALSE,"KR","KOR",
"","Korea, South",35.907757,127.766922,24,1,0,2020-02-08,0,0,0,FALSE,FALSE,"KR","KOR",
"","Korea, South",35.907757,127.766922,25,3,0,2020-02-09,1,2,0,FALSE,FALSE,"KR","KOR",
"","Korea, South",35.907757,127.766922,27,3,0,2020-02-10,2,0,0,FALSE,FALSE,"KR","KOR",
"","Korea, South",35.907757,127.766922,28,3,0,2020-02-11,1,0,0,FALSE,FALSE,"KR","KOR",
"","Korea, South",35.907757,127.766922,28,7,0,2020-02-12,0,4,0,FALSE,FALSE,"KR","KOR",
"","Korea, South",35.907757,127.766922,28,7,0,2020-02-13,0,0,0,FALSE,FALSE,"KR","KOR",
"","Korea, South",35.907757,127.766922,28,7,0,2020-02-14,0,0,0,FALSE,FALSE,"KR","KOR",
"","Korea, South",35.907757,127.766922,28,9,0,2020-02-15,0,2,0,FALSE,FALSE,"KR","KOR",
"","Korea, South",35.907757,127.766922,29,9,0,2020-02-16,1,0,0,FALSE,FALSE,"KR","KOR",
"","Korea, South",35.907757,127.766922,30,10,0,2020-02-17,1,1,0,FALSE,FALSE,"KR","KOR",
"","Korea, South",35.907757,127.766922,31,12,0,2020-02-18,1,2,0,FALSE,FALSE,"KR","KOR",
"","Korea, South",35.907757,127.766922,31,12,0,2020-02-19,0,0,0,FALSE,FALSE,"KR","KOR",
"","Korea, South",35.907757,127.766922,104,16,1,2020-02-20,73,4,1,FALSE,FALSE,"KR","KOR",
"","Korea, South",35.907757,127.766922,204,16,2,2020-02-21,100,0,1,FALSE,FALSE,"KR","KOR",
"","Korea, South",35.907757,127.766922,433,16,2,2020-02-22,229,0,0,FALSE,FALSE,"KR","KOR",
"","Korea, South",35.907757,127.766922,602,18,6,2020-02-23,169,2,4,FALSE,FALSE,"KR","KOR",
"","Korea, South",35.907757,127.766922,833,18,8,2020-02-24,231,0,2,FALSE,FALSE,"KR","KOR",
"","Korea, South",35.907757,127.766922,977,22,10,2020-02-25,144,4,2,FALSE,FALSE,"KR","KOR",
"","Korea, South",35.907757,127.766922,1261,22,12,2020-02-26,284,0,2,FALSE,FALSE,"KR","KOR",
"","Korea, South",35.907757,127.766922,1766,22,13,2020-02-27,505,0,1,FALSE,FALSE,"KR","KOR",
"","Korea, South",35.907757,127.766922,2337,22,13,2020-02-28,571,0,0,FALSE,FALSE,"KR","KOR",
"","Korea, South",35.907757,127.766922,3150,27,16,2020-02-29,813,5,3,FALSE,FALSE,"KR","KOR",
"","Korea, South",35.907757,127.766922,3736,30,17,2020-03-01,586,3,1,FALSE,FALSE,"KR","KOR",
"","Korea, South",35.907757,127.766922,4335,30,28,2020-03-02,599,0,11,FALSE,FALSE,"KR","KOR",
"","Korea, South",35.907757,127.766922,5186,30,28,2020-03-03,851,0,0,FALSE,FALSE,"KR","KOR",
"","Korea, South",35.907757,127.766922,5621,41,35,2020-03-04,435,11,7,FALSE,FALSE,"KR","KOR",
"","Korea, South",35.907757,127.766922,6088,41,35,2020-03-05,467,0,0,FALSE,FALSE,"KR","KOR",
"","Korea, South",35.907757,127.766922,6593,135,42,2020-03-06,505,94,7,FALSE,FALSE,"KR","KOR",
"","Korea, South",35.907757,127.766922,7041,135,44,2020-03-07,448,0,2,FALSE,FALSE,"KR","KOR",
"","Korea, South",35.907757,127.766922,7314,118,50,2020-03-08,273,-17,6,FALSE,FALSE,"KR","KOR",
"","Korea, South",35.907757,127.766922,7478,118,53,2020-03-09,164,0,3,FALSE,FALSE,"KR","KOR",
"","Korea, South",35.907757,127.766922,7513,247,54,2020-03-10,35,129,1,FALSE,FALSE,"KR","KOR",
"","Korea, South",35.907757,127.766922,7755,288,60,2020-03-11,242,41,6,FALSE,FALSE,"KR","KOR",
"","Korea, South",35.907757,127.766922,7869,333,66,2020-03-12,114,45,6,FALSE,FALSE,"KR","KOR",
"","Korea, South",35.907757,127.766922,7979,510,66,2020-03-13,110,177,0,FALSE,FALSE,"KR","KOR",
"","Korea, South",35.907757,127.766922,8086,510,72,2020-03-14,107,0,6,FALSE,FALSE,"KR","KOR",
"","Korea, South",35.907757,127.766922,8162,510,75,2020-03-15,76,0,3,FALSE,FALSE,"KR","KOR",
"","Korea, South",35.907757,127.766922,8236,1137,75,2020-03-16,74,627,0,FALSE,FALSE,"KR","KOR",
"","Korea, South",35.907757,127.766922,8320,1407,81,2020-03-17,84,270,6,FALSE,FALSE,"KR","KOR",
"","Korea, South",35.907757,127.766922,8413,1540,84,2020-03-18,93,133,3,FALSE,FALSE,"KR","KOR",
"","Korea, South",35.907757,127.766922,8565,1540,91,2020-03-19,152,0,7,FALSE,FALSE,"KR","KOR",
"","Korea, South",35.907757,127.766922,8652,1540,94,2020-03-20,87,0,3,FALSE,FALSE,"KR","KOR",
"","Korea, South",35.907757,127.766922,8799,1540,102,2020-03-21,147,0,8,FALSE,FALSE,"KR","KOR",
"","Korea, South",35.907757,127.766922,8961,2909,111,2020-03-22,162,1369,9,FALSE,FALSE,"KR","KOR",
"","Korea, South",35.907757,127.766922,8961,2909,111,2020-03-23,0,0,0,FALSE,FALSE,"KR","KOR",
"","Korea, South",35.907757,127.766922,9037,3507,120,2020-03-24,76,598,9,FALSE,FALSE,"KR","KOR",
"","Korea, South",35.907757,127.766922,9137,3730,126,2020-03-25,100,223,6,FALSE,FALSE,"KR","KOR",
"","Korea, South",35.907757,127.766922,9241,4144,131,2020-03-26,104,414,5,FALSE,FALSE,"KR","KOR",
"","Korea, South",35.907757,127.766922,9332,4528,139,2020-03-27,91,384,8,FALSE,FALSE,"KR","KOR",
"","Korea, South",35.907757,127.766922,9478,4811,144,2020-03-28,146,283,5,FALSE,FALSE,"KR","KOR",
"","Korea, South",35.907757,127.766922,9583,5033,152,2020-03-29,105,222,8,FALSE,FALSE,"KR","KOR",
"","Korea, South",35.907757,127.766922,9661,5228,158,2020-03-30,78,195,6,FALSE,FALSE,"KR","KOR",
"","Korea, South",35.907757,127.766922,9786,5408,162,2020-03-31,125,180,4,FALSE,FALSE,"KR","KOR",
"","Korea, South",35.907757,127.766922,9887,5567,165,2020-04-01,101,159,3,FALSE,FALSE,"KR","KOR",
"","Korea, South",35.907757,127.766922,9976,5828,169,2020-04-02,89,261,4,FALSE,FALSE,"KR","KOR",
"","Korea, South",35.907757,127.766922,10062,6021,174,2020-04-03,86,193,5,FALSE,FALSE,"KR","KOR",
"","Korea, South",35.907757,127.766922,10156,6325,177,2020-04-04,94,304,3,FALSE,FALSE,"KR","KOR",
"","Korea, South",35.907757,127.766922,10237,6463,183,2020-04-05,81,138,6,FALSE,FALSE,"KR","KOR",
"","Korea, South",35.907757,127.766922,10284,6598,186,2020-04-06,47,135,3,FALSE,FALSE,"KR","KOR",
"","Korea, South",35.907757,127.766922,10331,6694,192,2020-04-07,47,96,6,FALSE,FALSE,"KR","KOR",
"","Korea, South",35.907757,127.766922,10384,6776,200,2020-04-08,53,82,8,FALSE,FALSE,"KR","KOR",
"","Korea, South",35.907757,127.766922,10423,6973,204,2020-04-09,39,197,4,FALSE,FALSE,"KR","KOR",
"","Korea, South",35.907757,127.766922,10450,7117,208,2020-04-10,27,144,4,FALSE,FALSE,"KR","KOR",
"","Korea, South",35.907757,127.766922,10480,7243,211,2020-04-11,30,126,3,FALSE,FALSE,"KR","KOR",
"","Korea, South",35.907757,127.766922,10512,7368,214,2020-04-12,32,125,3,FALSE,FALSE,"KR","KOR",
"","Korea, South",35.907757,127.766922,10537,7447,217,2020-04-13,25,79,3,FALSE,FALSE,"KR","KOR",
"","Korea, South",35.907757,127.766922,10564,7534,222,2020-04-14,27,87,5,FALSE,FALSE,"KR","KOR",
"","Korea, South",35.907757,127.766922,10591,7616,225,2020-04-15,27,82,3,FALSE,FALSE,"KR","KOR",
"","Korea, South",35.907757,127.766922,10613,7757,229,2020-04-16,22,141,4,FALSE,FALSE,"KR","KOR",
"","Korea, South",35.907757,127.766922,10635,7829,230,2020-04-17,22,72,1,FALSE,FALSE,"KR","KOR",
"","Korea, South",35.907757,127.766922,10653,7937,232,2020-04-18,18,108,2,FALSE,FALSE,"KR","KOR",
"","Korea, South",35.907757,127.766922,10661,8042,234,2020-04-19,8,105,2,FALSE,FALSE,"KR","KOR",
"","Korea, South",35.907757,127.766922,10674,8114,236,2020-04-20,13,72,2,FALSE,FALSE,"KR","KOR",
"","Korea, South",35.907757,127.766922,10683,8213,237,2020-04-21,9,99,1,FALSE,FALSE,"KR","KOR",
"","Korea, South",35.907757,127.766922,10694,8277,238,2020-04-22,11,64,1,FALSE,FALSE,"KR","KOR",
"","Korea, South",35.907757,127.766922,10708,8501,240,2020-04-23,14,224,2,FALSE,FALSE,"KR","KOR",
"","Korea, South",35.907757,127.766922,10718,8635,240,2020-04-24,10,134,0,FALSE,FALSE,"KR","KOR",
"","Korea, South",35.907757,127.766922,10728,8717,242,2020-04-25,10,82,2,FALSE,FALSE,"KR","KOR",
"","Korea, South",35.907757,127.766922,10738,8764,243,2020-04-26,10,47,1,FALSE,FALSE,"KR","KOR",
"","Korea, South",35.907757,127.766922,10752,8854,244,2020-04-27,14,90,1,FALSE,FALSE,"KR","KOR",
"","Korea, South",35.907757,127.766922,10761,8922,246,2020-04-28,9,68,2,FALSE,FALSE,"KR","KOR",
"","Korea, South",35.907757,127.766922,10765,9059,247,2020-04-29,4,137,1,FALSE,FALSE,"KR","KOR",
"","Korea, South",35.907757,127.766922,10774,9072,248,2020-04-30,9,13,1,FALSE,FALSE,"KR","KOR",
"","Korea, South",35.907757,127.766922,10780,9123,250,2020-05-01,6,51,2,FALSE,FALSE,"KR","KOR",
"","Korea, South",35.907757,127.766922,10793,9183,250,2020-05-02,13,60,0,FALSE,FALSE,"KR","KOR",
"","Korea, South",35.907757,127.766922,10801,9217,252,2020-05-03,8,34,2,FALSE,FALSE,"KR","KOR",
"","Korea, South",35.907757,127.766922,10804,9283,254,2020-05-04,3,66,2,FALSE,FALSE,"KR","KOR",
"","Korea, South",35.907757,127.766922,10806,9333,255,2020-05-05,2,50,1,FALSE,FALSE,"KR","KOR",
"","Korea, South",35.907757,127.766922,10810,9419,256,2020-05-06,4,86,1,FALSE,FALSE,"KR","KOR",
"","Korea, South",35.907757,127.766922,10822,9484,256,2020-05-07,12,65,0,FALSE,FALSE,"KR","KOR",
"","Korea, South",35.907757,127.766922,10840,9568,256,2020-05-08,18,84,0,FALSE,FALSE,"KR","KOR",
"","Korea, South",35.907757,127.766922,10874,9610,256,2020-05-09,34,42,0,FALSE,FALSE,"KR","KOR",
"","Korea, South",35.907757,127.766922,10909,9632,256,2020-05-10,35,22,0,FALSE,FALSE,"KR","KOR",
"","Korea, South",35.907757,127.766922,10936,9670,258,2020-05-11,27,38,2,FALSE,FALSE,"KR","KOR",
"","Korea, South",35.907757,127.766922,10962,9695,259,2020-05-12,26,25,1,FALSE,FALSE,"KR","KOR",
"","Korea, South",35.907757,127.766922,10991,9762,260,2020-05-13,29,67,1,FALSE,FALSE,"KR","KOR",
"","Korea, South",35.907757,127.766922,11018,9821,260,2020-05-14,27,59,0,FALSE,FALSE,"KR","KOR",
"","Korea, South",35.907757,127.766922,11037,9851,262,2020-05-15,19,30,2,FALSE,FALSE,"KR","KOR",
"","Korea, South",35.907757,127.766922,11050,9888,262,2020-05-16,13,37,0,FALSE,FALSE,"KR","KOR",
"","Korea, South",35.907757,127.766922,11065,9904,263,2020-05-17,15,16,1,FALSE,FALSE,"KR","KOR",
"","Korea, South",35.907757,127.766922,11078,9938,263,2020-05-18,13,34,0,FALSE,FALSE,"KR","KOR",
"","Korea, South",35.907757,127.766922,11110,10066,263,2020-05-19,32,128,0,FALSE,FALSE,"KR","KOR",
"","Korea, South",35.907757,127.766922,11122,10135,264,2020-05-20,12,69,1,FALSE,FALSE,"KR","KOR",
"","Korea, South",35.907757,127.766922,11142,10162,264,2020-05-21,20,27,0,FALSE,FALSE,"KR","KOR",
"","Korea, South",35.907757,127.766922,11165,10194,266,2020-05-22,23,32,2,FALSE,FALSE,"KR","KOR",
"","Korea, South",35.907757,127.766922,11190,10213,266,2020-05-23,25,19,0,FALSE,FALSE,"KR","KOR",
"","Korea, South",35.907757,127.766922,11206,10226,267,2020-05-24,16,13,1,FALSE,FALSE,"KR","KOR",
"","Korea, South",35.907757,127.766922,11225,10275,269,2020-05-25,19,49,2,FALSE,FALSE,"KR","KOR",
"","Korea, South",35.907757,127.766922,11265,10295,269,2020-05-26,40,20,0,FALSE,FALSE,"KR","KOR",
"","Korea, South",35.907757,127.766922,11344,10340,269,2020-05-27,79,45,0,FALSE,FALSE,"KR","KOR",
"","Korea, South",35.907757,127.766922,11402,10363,269,2020-05-28,58,23,0,FALSE,FALSE,"KR","KOR",
"","Korea, South",35.907757,127.766922,11441,10398,269,2020-05-29,39,35,0,FALSE,FALSE,"KR","KOR",
"","Korea, South",35.907757,127.766922,11468,10405,270,2020-05-30,27,7,1,FALSE,FALSE,"KR","KOR",
"","Korea, South",35.907757,127.766922,11503,10422,271,2020-05-31,35,17,1,FALSE,FALSE,"KR","KOR",
"","Korea, South",35.907757,127.766922,11541,10446,272,2020-06-01,38,24,1,FALSE,FALSE,"KR","KOR",
"","Korea, South",35.907757,127.766922,11590,10467,273,2020-06-02,49,21,1,FALSE,FALSE,"KR","KOR",
"","Korea, South",35.907757,127.766922,11629,10499,273,2020-06-03,39,32,0,FALSE,FALSE,"KR","KOR",
"","Korea, South",35.907757,127.766922,11668,10506,273,2020-06-04,39,7,0,FALSE,FALSE,"KR","KOR",
"","Korea, South",35.907757,127.766922,11719,10531,273,2020-06-05,51,25,0,FALSE,FALSE,"KR","KOR",
"","Korea, South",35.907757,127.766922,11776,10552,273,2020-06-06,57,21,0,FALSE,FALSE,"KR","KOR",
"","Korea, South",35.907757,127.766922,11814,10563,273,2020-06-07,38,11,0,FALSE,FALSE,"KR","KOR",
"","Korea, South",35.907757,127.766922,11852,10589,274,2020-06-08,38,26,1,FALSE,FALSE,"KR","KOR",
"","Korea, South",35.907757,127.766922,11902,10611,276,2020-06-09,50,22,2,FALSE,FALSE,"KR","KOR",
"","Korea, South",35.907757,127.766922,11947,10654,276,2020-06-10,45,43,0,FALSE,FALSE,"KR","KOR",
"","Korea, South",35.907757,127.766922,12003,10669,277,2020-06-11,56,15,1,FALSE,FALSE,"KR","KOR",
"","Korea, South",35.907757,127.766922,12051,10691,277,2020-06-12,48,22,0,FALSE,FALSE,"KR","KOR",
"","Korea, South",35.907757,127.766922,12085,10718,277,2020-06-13,34,27,0,FALSE,FALSE,"KR","KOR",
"","Korea, South",35.907757,127.766922,12121,10730,277,2020-06-14,36,12,0,FALSE,FALSE,"KR","KOR",
"","Korea, South",35.907757,127.766922,12155,10760,278,2020-06-15,34,30,1,FALSE,FALSE,"KR","KOR",
"","Korea, South",35.907757,127.766922,12198,10774,279,2020-06-16,43,14,1,FALSE,FALSE,"KR","KOR",
"","Korea, South",35.907757,127.766922,12257,10800,280,2020-06-17,59,26,1,FALSE,FALSE,"KR","KOR",
"","Korea, South",35.907757,127.766922,12306,10835,280,2020-06-18,49,35,0,FALSE,FALSE,"KR","KOR",
"","Korea, South",35.907757,127.766922,12373,10856,280,2020-06-19,67,21,0,FALSE,FALSE,"KR","KOR",
"","Korea, South",35.907757,127.766922,12421,10868,280,2020-06-20,48,12,0,FALSE,FALSE,"KR","KOR",
"","Korea, South",35.907757,127.766922,12438,10881,280,2020-06-21,17,13,0,FALSE,FALSE,"KR","KOR",
"","Korea, South",35.907757,127.766922,12484,10908,281,2020-06-22,46,27,1,FALSE,FALSE,"KR","KOR",
"","Korea, South",35.907757,127.766922,12535,10930,281,2020-06-23,51,22,0,FALSE,FALSE,"KR","KOR",
"","Korea, South",35.907757,127.766922,12563,10974,282,2020-06-24,28,44,1,FALSE,FALSE,"KR","KOR",
"","Korea, South",35.907757,127.766922,12602,11172,282,2020-06-25,39,198,0,FALSE,FALSE,"KR","KOR",
"","Korea, South",35.907757,127.766922,12653,11317,282,2020-06-26,51,145,0,FALSE,FALSE,"KR","KOR",
"","Korea, South",35.907757,127.766922,12715,11364,282,2020-06-27,62,47,0,FALSE,FALSE,"KR","KOR",
"","Korea, South",35.907757,127.766922,12757,11429,282,2020-06-28,42,65,0,FALSE,FALSE,"KR","KOR",
"","Korea, South",35.907757,127.766922,12800,11537,282,2020-06-29,43,108,0,FALSE,FALSE,"KR","KOR",
"","Korea, South",35.907757,127.766922,12850,11613,282,2020-06-30,50,76,0,FALSE,FALSE,"KR","KOR",
"","Korea, South",35.907757,127.766922,12904,11684,282,2020-07-01,54,71,0,FALSE,FALSE,"KR","KOR",
"","Korea, South",35.907757,127.766922,12967,11759,282,2020-07-02,63,75,0,FALSE,FALSE,"KR","KOR",
"","Korea, South",35.907757,127.766922,13030,11811,283,2020-07-03,63,52,1,FALSE,FALSE,"KR","KOR",
"","Korea, South",35.907757,127.766922,13091,11832,283,2020-07-04,61,21,0,FALSE,FALSE,"KR","KOR",
"","Korea, South",35.907757,127.766922,13137,11848,284,2020-07-05,46,16,1,FALSE,FALSE,"KR","KOR",
"","Korea, South",35.907757,127.766922,13181,11914,285,2020-07-06,44,66,1,FALSE,FALSE,"KR","KOR",
"","Korea, South",35.907757,127.766922,13244,11970,285,2020-07-07,63,56,0,FALSE,FALSE,"KR","KOR",
"","Korea, South",35.907757,127.766922,13293,12019,287,2020-07-08,49,49,2,FALSE,FALSE,"KR","KOR",
"","Korea, South",35.907757,127.766922,13338,12065,288,2020-07-09,45,46,1,FALSE,FALSE,"KR","KOR",
"","Korea, South",35.907757,127.766922,13373,12144,288,2020-07-10,35,79,0,FALSE,FALSE,"KR","KOR",
"","Korea, South",35.907757,127.766922,13417,12178,289,2020-07-11,44,34,1,FALSE,FALSE,"KR","KOR",
"","Korea, South",35.907757,127.766922,13479,12204,289,2020-07-12,62,26,0,FALSE,FALSE,"KR","KOR",
"","Korea, South",35.907757,127.766922,13512,12282,289,2020-07-13,33,78,0,FALSE,FALSE,"KR","KOR",
"","Korea, South",35.907757,127.766922,13551,12348,289,2020-07-14,39,66,0,FALSE,FALSE,"KR","KOR",
"","Korea, South",35.907757,127.766922,13612,12396,291,2020-07-15,61,48,2,FALSE,FALSE,"KR","KOR",
"","Korea, South",35.907757,127.766922,13672,12460,293,2020-07-16,60,64,2,FALSE,FALSE,"KR","KOR",
