"Province.State","Country.Region","Lat","Long","confirmed","recovered","deaths","date","confirmed_new","recovered_new","deaths_new","hasErrors","hasParent","country_code","country_code3","territory_code"
"","Madagascar",-18.766947,46.869107,0,0,0,2020-01-22,0,0,0,FALSE,FALSE,"MG","MDG",
"","Madagascar",-18.766947,46.869107,0,0,0,2020-01-23,0,0,0,FALSE,FALSE,"MG","MDG",
"","Madagascar",-18.766947,46.869107,0,0,0,2020-01-24,0,0,0,FALSE,FALSE,"MG","MDG",
"","Madagascar",-18.766947,46.869107,0,0,0,2020-01-25,0,0,0,FALSE,FALSE,"MG","MDG",
"","Madagascar",-18.766947,46.869107,0,0,0,2020-01-26,0,0,0,FALSE,FALSE,"MG","MDG",
"","Madagascar",-18.766947,46.869107,0,0,0,2020-01-27,0,0,0,FALSE,FALSE,"MG","MDG",
"","Madagascar",-18.766947,46.869107,0,0,0,2020-01-28,0,0,0,FALSE,FALSE,"MG","MDG",
"","Madagascar",-18.766947,46.869107,0,0,0,2020-01-29,0,0,0,FALSE,FALSE,"MG","MDG",
"","Madagascar",-18.766947,46.869107,0,0,0,2020-01-30,0,0,0,FALSE,FALSE,"MG","MDG",
"","Madagascar",-18.766947,46.869107,0,0,0,2020-01-31,0,0,0,FALSE,FALSE,"MG","MDG",
"","Madagascar",-18.766947,46.869107,0,0,0,2020-02-01,0,0,0,FALSE,FALSE,"MG","MDG",
"","Madagascar",-18.766947,46.869107,0,0,0,2020-02-02,0,0,0,FALSE,FALSE,"MG","MDG",
"","Madagascar",-18.766947,46.869107,0,0,0,2020-02-03,0,0,0,FALSE,FALSE,"MG","MDG",
"","Madagascar",-18.766947,46.869107,0,0,0,2020-02-04,0,0,0,FALSE,FALSE,"MG","MDG",
"","Madagascar",-18.766947,46.869107,0,0,0,2020-02-05,0,0,0,FALSE,FALSE,"MG","MDG",
"","Madagascar",-18.766947,46.869107,0,0,0,2020-02-06,0,0,0,FALSE,FALSE,"MG","MDG",
"","Madagascar",-18.766947,46.869107,0,0,0,2020-02-07,0,0,0,FALSE,FALSE,"MG","MDG",
"","Madagascar",-18.766947,46.869107,0,0,0,2020-02-08,0,0,0,FALSE,FALSE,"MG","MDG",
"","Madagascar",-18.766947,46.869107,0,0,0,2020-02-09,0,0,0,FALSE,FALSE,"MG","MDG",
"","Madagascar",-18.766947,46.869107,0,0,0,2020-02-10,0,0,0,FALSE,FALSE,"MG","MDG",
"","Madagascar",-18.766947,46.869107,0,0,0,2020-02-11,0,0,0,FALSE,FALSE,"MG","MDG",
"","Madagascar",-18.766947,46.869107,0,0,0,2020-02-12,0,0,0,FALSE,FALSE,"MG","MDG",
"","Madagascar",-18.766947,46.869107,0,0,0,2020-02-13,0,0,0,FALSE,FALSE,"MG","MDG",
"","Madagascar",-18.766947,46.869107,0,0,0,2020-02-14,0,0,0,FALSE,FALSE,"MG","MDG",
"","Madagascar",-18.766947,46.869107,0,0,0,2020-02-15,0,0,0,FALSE,FALSE,"MG","MDG",
"","Madagascar",-18.766947,46.869107,0,0,0,2020-02-16,0,0,0,FALSE,FALSE,"MG","MDG",
"","Madagascar",-18.766947,46.869107,0,0,0,2020-02-17,0,0,0,FALSE,FALSE,"MG","MDG",
"","Madagascar",-18.766947,46.869107,0,0,0,2020-02-18,0,0,0,FALSE,FALSE,"MG","MDG",
"","Madagascar",-18.766947,46.869107,0,0,0,2020-02-19,0,0,0,FALSE,FALSE,"MG","MDG",
"","Madagascar",-18.766947,46.869107,0,0,0,2020-02-20,0,0,0,FALSE,FALSE,"MG","MDG",
"","Madagascar",-18.766947,46.869107,0,0,0,2020-02-21,0,0,0,FALSE,FALSE,"MG","MDG",
"","Madagascar",-18.766947,46.869107,0,0,0,2020-02-22,0,0,0,FALSE,FALSE,"MG","MDG",
"","Madagascar",-18.766947,46.869107,0,0,0,2020-02-23,0,0,0,FALSE,FALSE,"MG","MDG",
"","Madagascar",-18.766947,46.869107,0,0,0,2020-02-24,0,0,0,FALSE,FALSE,"MG","MDG",
"","Madagascar",-18.766947,46.869107,0,0,0,2020-02-25,0,0,0,FALSE,FALSE,"MG","MDG",
"","Madagascar",-18.766947,46.869107,0,0,0,2020-02-26,0,0,0,FALSE,FALSE,"MG","MDG",
"","Madagascar",-18.766947,46.869107,0,0,0,2020-02-27,0,0,0,FALSE,FALSE,"MG","MDG",
"","Madagascar",-18.766947,46.869107,0,0,0,2020-02-28,0,0,0,FALSE,FALSE,"MG","MDG",
"","Madagascar",-18.766947,46.869107,0,0,0,2020-02-29,0,0,0,FALSE,FALSE,"MG","MDG",
"","Madagascar",-18.766947,46.869107,0,0,0,2020-03-01,0,0,0,FALSE,FALSE,"MG","MDG",
"","Madagascar",-18.766947,46.869107,0,0,0,2020-03-02,0,0,0,FALSE,FALSE,"MG","MDG",
"","Madagascar",-18.766947,46.869107,0,0,0,2020-03-03,0,0,0,FALSE,FALSE,"MG","MDG",
"","Madagascar",-18.766947,46.869107,0,0,0,2020-03-04,0,0,0,FALSE,FALSE,"MG","MDG",
"","Madagascar",-18.766947,46.869107,0,0,0,2020-03-05,0,0,0,FALSE,FALSE,"MG","MDG",
"","Madagascar",-18.766947,46.869107,0,0,0,2020-03-06,0,0,0,FALSE,FALSE,"MG","MDG",
"","Madagascar",-18.766947,46.869107,0,0,0,2020-03-07,0,0,0,FALSE,FALSE,"MG","MDG",
"","Madagascar",-18.766947,46.869107,0,0,0,2020-03-08,0,0,0,FALSE,FALSE,"MG","MDG",
"","Madagascar",-18.766947,46.869107,0,0,0,2020-03-09,0,0,0,FALSE,FALSE,"MG","MDG",
"","Madagascar",-18.766947,46.869107,0,0,0,2020-03-10,0,0,0,FALSE,FALSE,"MG","MDG",
"","Madagascar",-18.766947,46.869107,0,0,0,2020-03-11,0,0,0,FALSE,FALSE,"MG","MDG",
"","Madagascar",-18.766947,46.869107,0,0,0,2020-03-12,0,0,0,FALSE,FALSE,"MG","MDG",
"","Madagascar",-18.766947,46.869107,0,0,0,2020-03-13,0,0,0,FALSE,FALSE,"MG","MDG",
"","Madagascar",-18.766947,46.869107,0,0,0,2020-03-14,0,0,0,FALSE,FALSE,"MG","MDG",
"","Madagascar",-18.766947,46.869107,0,0,0,2020-03-15,0,0,0,FALSE,FALSE,"MG","MDG",
"","Madagascar",-18.766947,46.869107,0,0,0,2020-03-16,0,0,0,FALSE,FALSE,"MG","MDG",
"","Madagascar",-18.766947,46.869107,0,0,0,2020-03-17,0,0,0,FALSE,FALSE,"MG","MDG",
"","Madagascar",-18.766947,46.869107,0,0,0,2020-03-18,0,0,0,FALSE,FALSE,"MG","MDG",
"","Madagascar",-18.766947,46.869107,0,0,0,2020-03-19,0,0,0,FALSE,FALSE,"MG","MDG",
"","Madagascar",-18.766947,46.869107,3,0,0,2020-03-20,3,0,0,FALSE,FALSE,"MG","MDG",
"","Madagascar",-18.766947,46.869107,3,0,0,2020-03-21,0,0,0,FALSE,FALSE,"MG","MDG",
"","Madagascar",-18.766947,46.869107,3,0,0,2020-03-22,0,0,0,FALSE,FALSE,"MG","MDG",
"","Madagascar",-18.766947,46.869107,12,0,0,2020-03-23,9,0,0,FALSE,FALSE,"MG","MDG",
"","Madagascar",-18.766947,46.869107,17,0,0,2020-03-24,5,0,0,FALSE,FALSE,"MG","MDG",
"","Madagascar",-18.766947,46.869107,19,0,0,2020-03-25,2,0,0,FALSE,FALSE,"MG","MDG",
"","Madagascar",-18.766947,46.869107,23,0,0,2020-03-26,4,0,0,FALSE,FALSE,"MG","MDG",
"","Madagascar",-18.766947,46.869107,26,0,0,2020-03-27,3,0,0,FALSE,FALSE,"MG","MDG",
"","Madagascar",-18.766947,46.869107,26,0,0,2020-03-28,0,0,0,FALSE,FALSE,"MG","MDG",
"","Madagascar",-18.766947,46.869107,39,0,0,2020-03-29,13,0,0,FALSE,FALSE,"MG","MDG",
"","Madagascar",-18.766947,46.869107,43,0,0,2020-03-30,4,0,0,FALSE,FALSE,"MG","MDG",
"","Madagascar",-18.766947,46.869107,57,0,0,2020-03-31,14,0,0,FALSE,FALSE,"MG","MDG",
"","Madagascar",-18.766947,46.869107,57,0,0,2020-04-01,0,0,0,FALSE,FALSE,"MG","MDG",
"","Madagascar",-18.766947,46.869107,59,0,0,2020-04-02,2,0,0,FALSE,FALSE,"MG","MDG",
"","Madagascar",-18.766947,46.869107,70,0,0,2020-04-03,11,0,0,FALSE,FALSE,"MG","MDG",
"","Madagascar",-18.766947,46.869107,70,0,0,2020-04-04,0,0,0,FALSE,FALSE,"MG","MDG",
"","Madagascar",-18.766947,46.869107,72,2,0,2020-04-05,2,2,0,FALSE,FALSE,"MG","MDG",
"","Madagascar",-18.766947,46.869107,82,2,0,2020-04-06,10,0,0,FALSE,FALSE,"MG","MDG",
"","Madagascar",-18.766947,46.869107,88,7,0,2020-04-07,6,5,0,FALSE,FALSE,"MG","MDG",
"","Madagascar",-18.766947,46.869107,93,11,0,2020-04-08,5,4,0,FALSE,FALSE,"MG","MDG",
"","Madagascar",-18.766947,46.869107,93,11,0,2020-04-09,0,0,0,FALSE,FALSE,"MG","MDG",
"","Madagascar",-18.766947,46.869107,93,11,0,2020-04-10,0,0,0,FALSE,FALSE,"MG","MDG",
"","Madagascar",-18.766947,46.869107,102,11,0,2020-04-11,9,0,0,FALSE,FALSE,"MG","MDG",
"","Madagascar",-18.766947,46.869107,106,20,0,2020-04-12,4,9,0,FALSE,FALSE,"MG","MDG",
"","Madagascar",-18.766947,46.869107,106,21,0,2020-04-13,0,1,0,FALSE,FALSE,"MG","MDG",
"","Madagascar",-18.766947,46.869107,108,23,0,2020-04-14,2,2,0,FALSE,FALSE,"MG","MDG",
"","Madagascar",-18.766947,46.869107,110,29,0,2020-04-15,2,6,0,FALSE,FALSE,"MG","MDG",
"","Madagascar",-18.766947,46.869107,111,33,0,2020-04-16,1,4,0,FALSE,FALSE,"MG","MDG",
"","Madagascar",-18.766947,46.869107,117,33,0,2020-04-17,6,0,0,FALSE,FALSE,"MG","MDG",
"","Madagascar",-18.766947,46.869107,120,35,0,2020-04-18,3,2,0,FALSE,FALSE,"MG","MDG",
"","Madagascar",-18.766947,46.869107,121,39,0,2020-04-19,1,4,0,FALSE,FALSE,"MG","MDG",
"","Madagascar",-18.766947,46.869107,121,41,0,2020-04-20,0,2,0,FALSE,FALSE,"MG","MDG",
"","Madagascar",-18.766947,46.869107,121,44,0,2020-04-21,0,3,0,FALSE,FALSE,"MG","MDG",
"","Madagascar",-18.766947,46.869107,121,52,0,2020-04-22,0,8,0,FALSE,FALSE,"MG","MDG",
"","Madagascar",-18.766947,46.869107,121,58,0,2020-04-23,0,6,0,FALSE,FALSE,"MG","MDG",
"","Madagascar",-18.766947,46.869107,122,61,0,2020-04-24,1,3,0,FALSE,FALSE,"MG","MDG",
"","Madagascar",-18.766947,46.869107,123,62,0,2020-04-25,1,1,0,FALSE,FALSE,"MG","MDG",
"","Madagascar",-18.766947,46.869107,124,71,0,2020-04-26,1,9,0,FALSE,FALSE,"MG","MDG",
"","Madagascar",-18.766947,46.869107,128,75,0,2020-04-27,4,4,0,FALSE,FALSE,"MG","MDG",
"","Madagascar",-18.766947,46.869107,128,82,0,2020-04-28,0,7,0,FALSE,FALSE,"MG","MDG",
"","Madagascar",-18.766947,46.869107,128,90,0,2020-04-29,0,8,0,FALSE,FALSE,"MG","MDG",
"","Madagascar",-18.766947,46.869107,128,92,0,2020-04-30,0,2,0,FALSE,FALSE,"MG","MDG",
"","Madagascar",-18.766947,46.869107,132,94,0,2020-05-01,4,2,0,FALSE,FALSE,"MG","MDG",
"","Madagascar",-18.766947,46.869107,135,97,0,2020-05-02,3,3,0,FALSE,FALSE,"MG","MDG",
"","Madagascar",-18.766947,46.869107,149,98,0,2020-05-03,14,1,0,FALSE,FALSE,"MG","MDG",
"","Madagascar",-18.766947,46.869107,149,99,0,2020-05-04,0,1,0,FALSE,FALSE,"MG","MDG",
"","Madagascar",-18.766947,46.869107,151,101,0,2020-05-05,2,2,0,FALSE,FALSE,"MG","MDG",
"","Madagascar",-18.766947,46.869107,158,101,0,2020-05-06,7,0,0,FALSE,FALSE,"MG","MDG",
"","Madagascar",-18.766947,46.869107,193,101,0,2020-05-07,35,0,0,FALSE,FALSE,"MG","MDG",
"","Madagascar",-18.766947,46.869107,193,101,0,2020-05-08,0,0,0,FALSE,FALSE,"MG","MDG",
"","Madagascar",-18.766947,46.869107,193,101,0,2020-05-09,0,0,0,FALSE,FALSE,"MG","MDG",
"","Madagascar",-18.766947,46.869107,193,101,0,2020-05-10,0,0,0,FALSE,FALSE,"MG","MDG",
"","Madagascar",-18.766947,46.869107,186,101,0,2020-05-11,-7,0,0,FALSE,FALSE,"MG","MDG",
"","Madagascar",-18.766947,46.869107,186,101,0,2020-05-12,0,0,0,FALSE,FALSE,"MG","MDG",
"","Madagascar",-18.766947,46.869107,212,107,0,2020-05-13,26,6,0,FALSE,FALSE,"MG","MDG",
"","Madagascar",-18.766947,46.869107,230,108,0,2020-05-14,18,1,0,FALSE,FALSE,"MG","MDG",
"","Madagascar",-18.766947,46.869107,238,112,0,2020-05-15,8,4,0,FALSE,FALSE,"MG","MDG",
"","Madagascar",-18.766947,46.869107,283,114,0,2020-05-16,45,2,0,FALSE,FALSE,"MG","MDG",
"","Madagascar",-18.766947,46.869107,304,114,1,2020-05-17,21,0,1,FALSE,FALSE,"MG","MDG",
"","Madagascar",-18.766947,46.869107,322,119,1,2020-05-18,18,5,0,FALSE,FALSE,"MG","MDG",
"","Madagascar",-18.766947,46.869107,326,119,2,2020-05-19,4,0,1,FALSE,FALSE,"MG","MDG",
"","Madagascar",-18.766947,46.869107,371,131,2,2020-05-20,45,12,0,FALSE,FALSE,"MG","MDG",
"","Madagascar",-18.766947,46.869107,405,131,2,2020-05-21,34,0,0,FALSE,FALSE,"MG","MDG",
"","Madagascar",-18.766947,46.869107,448,135,2,2020-05-22,43,4,0,FALSE,FALSE,"MG","MDG",
"","Madagascar",-18.766947,46.869107,488,138,2,2020-05-23,40,3,0,FALSE,FALSE,"MG","MDG",
"","Madagascar",-18.766947,46.869107,527,142,2,2020-05-24,39,4,0,FALSE,FALSE,"MG","MDG",
"","Madagascar",-18.766947,46.869107,542,147,2,2020-05-25,15,5,0,FALSE,FALSE,"MG","MDG",
"","Madagascar",-18.766947,46.869107,586,147,2,2020-05-26,44,0,0,FALSE,FALSE,"MG","MDG",
"","Madagascar",-18.766947,46.869107,612,151,2,2020-05-27,26,4,0,FALSE,FALSE,"MG","MDG",
"","Madagascar",-18.766947,46.869107,656,154,2,2020-05-28,44,3,0,FALSE,FALSE,"MG","MDG",
"","Madagascar",-18.766947,46.869107,698,164,5,2020-05-29,42,10,3,FALSE,FALSE,"MG","MDG",
"","Madagascar",-18.766947,46.869107,758,165,6,2020-05-30,60,1,1,FALSE,FALSE,"MG","MDG",
"","Madagascar",-18.766947,46.869107,771,168,6,2020-05-31,13,3,0,FALSE,FALSE,"MG","MDG",
"","Madagascar",-18.766947,46.869107,826,174,6,2020-06-01,55,6,0,FALSE,FALSE,"MG","MDG",
"","Madagascar",-18.766947,46.869107,845,185,6,2020-06-02,19,11,0,FALSE,FALSE,"MG","MDG",
"","Madagascar",-18.766947,46.869107,908,195,6,2020-06-03,63,10,0,FALSE,FALSE,"MG","MDG",
"","Madagascar",-18.766947,46.869107,957,200,7,2020-06-04,49,5,1,FALSE,FALSE,"MG","MDG",
"","Madagascar",-18.766947,46.869107,975,201,7,2020-06-05,18,1,0,FALSE,FALSE,"MG","MDG",
"","Madagascar",-18.766947,46.869107,1026,212,8,2020-06-06,51,11,1,FALSE,FALSE,"MG","MDG",
"","Madagascar",-18.766947,46.869107,1052,233,9,2020-06-07,26,21,1,FALSE,FALSE,"MG","MDG",
"","Madagascar",-18.766947,46.869107,1094,254,9,2020-06-08,42,21,0,FALSE,FALSE,"MG","MDG",
"","Madagascar",-18.766947,46.869107,1138,274,9,2020-06-09,44,20,0,FALSE,FALSE,"MG","MDG",
"","Madagascar",-18.766947,46.869107,1162,296,10,2020-06-10,24,22,1,FALSE,FALSE,"MG","MDG",
"","Madagascar",-18.766947,46.869107,1203,312,10,2020-06-11,41,16,0,FALSE,FALSE,"MG","MDG",
"","Madagascar",-18.766947,46.869107,1240,344,10,2020-06-12,37,32,0,FALSE,FALSE,"MG","MDG",
"","Madagascar",-18.766947,46.869107,1252,362,10,2020-06-13,12,18,0,FALSE,FALSE,"MG","MDG",
"","Madagascar",-18.766947,46.869107,1272,367,10,2020-06-14,20,5,0,FALSE,FALSE,"MG","MDG",
"","Madagascar",-18.766947,46.869107,1290,384,10,2020-06-15,18,17,0,FALSE,FALSE,"MG","MDG",
"","Madagascar",-18.766947,46.869107,1317,417,12,2020-06-16,27,33,2,FALSE,FALSE,"MG","MDG",
"","Madagascar",-18.766947,46.869107,1378,450,12,2020-06-17,61,33,0,FALSE,FALSE,"MG","MDG",
"","Madagascar",-18.766947,46.869107,1403,463,13,2020-06-18,25,13,1,FALSE,FALSE,"MG","MDG",
"","Madagascar",-18.766947,46.869107,1443,498,13,2020-06-19,40,35,0,FALSE,FALSE,"MG","MDG",
"","Madagascar",-18.766947,46.869107,1503,618,13,2020-06-20,60,120,0,FALSE,FALSE,"MG","MDG",
"","Madagascar",-18.766947,46.869107,1596,655,14,2020-06-21,93,37,1,FALSE,FALSE,"MG","MDG",
"","Madagascar",-18.766947,46.869107,1640,692,15,2020-06-22,44,37,1,FALSE,FALSE,"MG","MDG",
"","Madagascar",-18.766947,46.869107,1724,732,15,2020-06-23,84,40,0,FALSE,FALSE,"MG","MDG",
"","Madagascar",-18.766947,46.869107,1787,779,16,2020-06-24,63,47,1,FALSE,FALSE,"MG","MDG",
"","Madagascar",-18.766947,46.869107,1829,823,16,2020-06-25,42,44,0,FALSE,FALSE,"MG","MDG",
"","Madagascar",-18.766947,46.869107,1922,862,16,2020-06-26,93,39,0,FALSE,FALSE,"MG","MDG",
"","Madagascar",-18.766947,46.869107,2005,907,16,2020-06-27,83,45,0,FALSE,FALSE,"MG","MDG",
"","Madagascar",-18.766947,46.869107,2078,944,18,2020-06-28,73,37,2,FALSE,FALSE,"MG","MDG",
"","Madagascar",-18.766947,46.869107,2138,966,20,2020-06-29,60,22,2,FALSE,FALSE,"MG","MDG",
"","Madagascar",-18.766947,46.869107,2214,994,20,2020-06-30,76,28,0,FALSE,FALSE,"MG","MDG",
"","Madagascar",-18.766947,46.869107,2303,1006,22,2020-07-01,89,12,2,FALSE,FALSE,"MG","MDG",
"","Madagascar",-18.766947,46.869107,2403,1040,24,2020-07-02,100,34,2,FALSE,FALSE,"MG","MDG",
"","Madagascar",-18.766947,46.869107,2512,1057,26,2020-07-03,109,17,2,FALSE,FALSE,"MG","MDG",
"","Madagascar",-18.766947,46.869107,2728,1078,29,2020-07-04,216,21,3,FALSE,FALSE,"MG","MDG",
"","Madagascar",-18.766947,46.869107,2941,1108,32,2020-07-05,213,30,3,FALSE,FALSE,"MG","MDG",
"","Madagascar",-18.766947,46.869107,3250,1135,33,2020-07-06,309,27,1,FALSE,FALSE,"MG","MDG",
"","Madagascar",-18.766947,46.869107,3472,1187,33,2020-07-07,222,52,0,FALSE,FALSE,"MG","MDG",
"","Madagascar",-18.766947,46.869107,3573,1761,33,2020-07-08,101,574,0,FALSE,FALSE,"MG","MDG",
"","Madagascar",-18.766947,46.869107,3782,1950,33,2020-07-09,209,189,0,FALSE,FALSE,"MG","MDG",
"","Madagascar",-18.766947,46.869107,4143,2183,34,2020-07-10,361,233,1,FALSE,FALSE,"MG","MDG",
"","Madagascar",-18.766947,46.869107,4578,2287,34,2020-07-11,435,104,0,FALSE,FALSE,"MG","MDG",
"","Madagascar",-18.766947,46.869107,4867,2378,35,2020-07-12,289,91,1,FALSE,FALSE,"MG","MDG",
"","Madagascar",-18.766947,46.869107,5080,2494,37,2020-07-13,213,116,2,FALSE,FALSE,"MG","MDG",
"","Madagascar",-18.766947,46.869107,5343,2646,39,2020-07-14,263,152,2,FALSE,FALSE,"MG","MDG",
"","Madagascar",-18.766947,46.869107,5605,2811,43,2020-07-15,262,165,4,FALSE,FALSE,"MG","MDG",
"","Madagascar",-18.766947,46.869107,6089,2951,53,2020-07-16,484,140,10,FALSE,FALSE,"MG","MDG",
"","Madagascar",-18.766947,46.869107,6467,3108,54,2020-07-17,378,157,1,FALSE,FALSE,"MG","MDG",
