"Province.State","Country.Region","Lat","Long","confirmed","recovered","deaths","date","confirmed_new","recovered_new","deaths_new","hasErrors","hasParent","country_code","country_code3","territory_code"
"","Malaysia",2.5,112.5,0,0,0,2020-01-22,0,0,0,FALSE,FALSE,"MY","MYS",
"","Malaysia",2.5,112.5,0,0,0,2020-01-23,0,0,0,FALSE,FALSE,"MY","MYS",
"","Malaysia",2.5,112.5,0,0,0,2020-01-24,0,0,0,FALSE,FALSE,"MY","MYS",
"","Malaysia",2.5,112.5,3,0,0,2020-01-25,3,0,0,FALSE,FALSE,"MY","MYS",
"","Malaysia",2.5,112.5,4,0,0,2020-01-26,1,0,0,FALSE,FALSE,"MY","MYS",
"","Malaysia",2.5,112.5,4,0,0,2020-01-27,0,0,0,FALSE,FALSE,"MY","MYS",
"","Malaysia",2.5,112.5,4,0,0,2020-01-28,0,0,0,FALSE,FALSE,"MY","MYS",
"","Malaysia",2.5,112.5,7,0,0,2020-01-29,3,0,0,FALSE,FALSE,"MY","MYS",
"","Malaysia",2.5,112.5,8,0,0,2020-01-30,1,0,0,FALSE,FALSE,"MY","MYS",
"","Malaysia",2.5,112.5,8,0,0,2020-01-31,0,0,0,FALSE,FALSE,"MY","MYS",
"","Malaysia",2.5,112.5,8,0,0,2020-02-01,0,0,0,FALSE,FALSE,"MY","MYS",
"","Malaysia",2.5,112.5,8,0,0,2020-02-02,0,0,0,FALSE,FALSE,"MY","MYS",
"","Malaysia",2.5,112.5,8,0,0,2020-02-03,0,0,0,FALSE,FALSE,"MY","MYS",
"","Malaysia",2.5,112.5,10,0,0,2020-02-04,2,0,0,FALSE,FALSE,"MY","MYS",
"","Malaysia",2.5,112.5,12,0,0,2020-02-05,2,0,0,FALSE,FALSE,"MY","MYS",
"","Malaysia",2.5,112.5,12,0,0,2020-02-06,0,0,0,FALSE,FALSE,"MY","MYS",
"","Malaysia",2.5,112.5,12,1,0,2020-02-07,0,1,0,FALSE,FALSE,"MY","MYS",
"","Malaysia",2.5,112.5,16,1,0,2020-02-08,4,0,0,FALSE,FALSE,"MY","MYS",
"","Malaysia",2.5,112.5,16,1,0,2020-02-09,0,0,0,FALSE,FALSE,"MY","MYS",
"","Malaysia",2.5,112.5,18,1,0,2020-02-10,2,0,0,FALSE,FALSE,"MY","MYS",
"","Malaysia",2.5,112.5,18,3,0,2020-02-11,0,2,0,FALSE,FALSE,"MY","MYS",
"","Malaysia",2.5,112.5,18,3,0,2020-02-12,0,0,0,FALSE,FALSE,"MY","MYS",
"","Malaysia",2.5,112.5,19,3,0,2020-02-13,1,0,0,FALSE,FALSE,"MY","MYS",
"","Malaysia",2.5,112.5,19,3,0,2020-02-14,0,0,0,FALSE,FALSE,"MY","MYS",
"","Malaysia",2.5,112.5,22,7,0,2020-02-15,3,4,0,FALSE,FALSE,"MY","MYS",
"","Malaysia",2.5,112.5,22,7,0,2020-02-16,0,0,0,FALSE,FALSE,"MY","MYS",
"","Malaysia",2.5,112.5,22,7,0,2020-02-17,0,0,0,FALSE,FALSE,"MY","MYS",
"","Malaysia",2.5,112.5,22,13,0,2020-02-18,0,6,0,FALSE,FALSE,"MY","MYS",
"","Malaysia",2.5,112.5,22,15,0,2020-02-19,0,2,0,FALSE,FALSE,"MY","MYS",
"","Malaysia",2.5,112.5,22,15,0,2020-02-20,0,0,0,FALSE,FALSE,"MY","MYS",
"","Malaysia",2.5,112.5,22,15,0,2020-02-21,0,0,0,FALSE,FALSE,"MY","MYS",
"","Malaysia",2.5,112.5,22,15,0,2020-02-22,0,0,0,FALSE,FALSE,"MY","MYS",
"","Malaysia",2.5,112.5,22,15,0,2020-02-23,0,0,0,FALSE,FALSE,"MY","MYS",
"","Malaysia",2.5,112.5,22,18,0,2020-02-24,0,3,0,FALSE,FALSE,"MY","MYS",
"","Malaysia",2.5,112.5,22,18,0,2020-02-25,0,0,0,FALSE,FALSE,"MY","MYS",
"","Malaysia",2.5,112.5,22,18,0,2020-02-26,0,0,0,FALSE,FALSE,"MY","MYS",
"","Malaysia",2.5,112.5,23,18,0,2020-02-27,1,0,0,FALSE,FALSE,"MY","MYS",
"","Malaysia",2.5,112.5,23,18,0,2020-02-28,0,0,0,FALSE,FALSE,"MY","MYS",
"","Malaysia",2.5,112.5,25,18,0,2020-02-29,2,0,0,FALSE,FALSE,"MY","MYS",
"","Malaysia",2.5,112.5,29,18,0,2020-03-01,4,0,0,FALSE,FALSE,"MY","MYS",
"","Malaysia",2.5,112.5,29,18,0,2020-03-02,0,0,0,FALSE,FALSE,"MY","MYS",
"","Malaysia",2.5,112.5,36,22,0,2020-03-03,7,4,0,FALSE,FALSE,"MY","MYS",
"","Malaysia",2.5,112.5,50,22,0,2020-03-04,14,0,0,FALSE,FALSE,"MY","MYS",
"","Malaysia",2.5,112.5,50,22,0,2020-03-05,0,0,0,FALSE,FALSE,"MY","MYS",
"","Malaysia",2.5,112.5,83,22,0,2020-03-06,33,0,0,FALSE,FALSE,"MY","MYS",
"","Malaysia",2.5,112.5,93,23,0,2020-03-07,10,1,0,FALSE,FALSE,"MY","MYS",
"","Malaysia",2.5,112.5,99,24,0,2020-03-08,6,1,0,FALSE,FALSE,"MY","MYS",
"","Malaysia",2.5,112.5,117,24,0,2020-03-09,18,0,0,FALSE,FALSE,"MY","MYS",
"","Malaysia",2.5,112.5,129,24,0,2020-03-10,12,0,0,FALSE,FALSE,"MY","MYS",
"","Malaysia",2.5,112.5,149,26,0,2020-03-11,20,2,0,FALSE,FALSE,"MY","MYS",
"","Malaysia",2.5,112.5,149,26,0,2020-03-12,0,0,0,FALSE,FALSE,"MY","MYS",
"","Malaysia",2.5,112.5,197,26,0,2020-03-13,48,0,0,FALSE,FALSE,"MY","MYS",
"","Malaysia",2.5,112.5,238,35,0,2020-03-14,41,9,0,FALSE,FALSE,"MY","MYS",
"","Malaysia",2.5,112.5,428,42,0,2020-03-15,190,7,0,FALSE,FALSE,"MY","MYS",
"","Malaysia",2.5,112.5,566,42,0,2020-03-16,138,0,0,FALSE,FALSE,"MY","MYS",
"","Malaysia",2.5,112.5,673,49,2,2020-03-17,107,7,2,FALSE,FALSE,"MY","MYS",
"","Malaysia",2.5,112.5,790,60,2,2020-03-18,117,11,0,FALSE,FALSE,"MY","MYS",
"","Malaysia",2.5,112.5,900,75,2,2020-03-19,110,15,0,FALSE,FALSE,"MY","MYS",
"","Malaysia",2.5,112.5,1030,87,3,2020-03-20,130,12,1,FALSE,FALSE,"MY","MYS",
"","Malaysia",2.5,112.5,1183,114,4,2020-03-21,153,27,1,FALSE,FALSE,"MY","MYS",
"","Malaysia",2.5,112.5,1306,139,10,2020-03-22,123,25,6,FALSE,FALSE,"MY","MYS",
"","Malaysia",2.5,112.5,1518,139,14,2020-03-23,212,0,4,FALSE,FALSE,"MY","MYS",
"","Malaysia",2.5,112.5,1624,183,16,2020-03-24,106,44,2,FALSE,FALSE,"MY","MYS",
"","Malaysia",2.5,112.5,1796,199,20,2020-03-25,172,16,4,FALSE,FALSE,"MY","MYS",
"","Malaysia",2.5,112.5,2031,215,23,2020-03-26,235,16,3,FALSE,FALSE,"MY","MYS",
"","Malaysia",2.5,112.5,2161,259,26,2020-03-27,130,44,3,FALSE,FALSE,"MY","MYS",
"","Malaysia",2.5,112.5,2320,320,27,2020-03-28,159,61,1,FALSE,FALSE,"MY","MYS",
"","Malaysia",2.5,112.5,2470,388,35,2020-03-29,150,68,8,FALSE,FALSE,"MY","MYS",
"","Malaysia",2.5,112.5,2626,479,37,2020-03-30,156,91,2,FALSE,FALSE,"MY","MYS",
"","Malaysia",2.5,112.5,2766,537,43,2020-03-31,140,58,6,FALSE,FALSE,"MY","MYS",
"","Malaysia",2.5,112.5,2908,645,45,2020-04-01,142,108,2,FALSE,FALSE,"MY","MYS",
"","Malaysia",2.5,112.5,3116,767,50,2020-04-02,208,122,5,FALSE,FALSE,"MY","MYS",
"","Malaysia",2.5,112.5,3333,827,53,2020-04-03,217,60,3,FALSE,FALSE,"MY","MYS",
"","Malaysia",2.5,112.5,3483,915,57,2020-04-04,150,88,4,FALSE,FALSE,"MY","MYS",
"","Malaysia",2.5,112.5,3662,1005,61,2020-04-05,179,90,4,FALSE,FALSE,"MY","MYS",
"","Malaysia",2.5,112.5,3793,1241,62,2020-04-06,131,236,1,FALSE,FALSE,"MY","MYS",
"","Malaysia",2.5,112.5,3963,1321,63,2020-04-07,170,80,1,FALSE,FALSE,"MY","MYS",
"","Malaysia",2.5,112.5,4119,1487,65,2020-04-08,156,166,2,FALSE,FALSE,"MY","MYS",
"","Malaysia",2.5,112.5,4228,1608,67,2020-04-09,109,121,2,FALSE,FALSE,"MY","MYS",
"","Malaysia",2.5,112.5,4346,1830,70,2020-04-10,118,222,3,FALSE,FALSE,"MY","MYS",
"","Malaysia",2.5,112.5,4530,1995,73,2020-04-11,184,165,3,FALSE,FALSE,"MY","MYS",
"","Malaysia",2.5,112.5,4683,2108,76,2020-04-12,153,113,3,FALSE,FALSE,"MY","MYS",
"","Malaysia",2.5,112.5,4817,2276,77,2020-04-13,134,168,1,FALSE,FALSE,"MY","MYS",
"","Malaysia",2.5,112.5,4987,2478,82,2020-04-14,170,202,5,FALSE,FALSE,"MY","MYS",
"","Malaysia",2.5,112.5,5072,2647,83,2020-04-15,85,169,1,FALSE,FALSE,"MY","MYS",
"","Malaysia",2.5,112.5,5182,2766,84,2020-04-16,110,119,1,FALSE,FALSE,"MY","MYS",
"","Malaysia",2.5,112.5,5251,2967,86,2020-04-17,69,201,2,FALSE,FALSE,"MY","MYS",
"","Malaysia",2.5,112.5,5305,3102,88,2020-04-18,54,135,2,FALSE,FALSE,"MY","MYS",
"","Malaysia",2.5,112.5,5389,3197,89,2020-04-19,84,95,1,FALSE,FALSE,"MY","MYS",
"","Malaysia",2.5,112.5,5425,3295,89,2020-04-20,36,98,0,FALSE,FALSE,"MY","MYS",
"","Malaysia",2.5,112.5,5482,3349,92,2020-04-21,57,54,3,FALSE,FALSE,"MY","MYS",
"","Malaysia",2.5,112.5,5532,3452,93,2020-04-22,50,103,1,FALSE,FALSE,"MY","MYS",
"","Malaysia",2.5,112.5,5603,3542,95,2020-04-23,71,90,2,FALSE,FALSE,"MY","MYS",
"","Malaysia",2.5,112.5,5691,3663,96,2020-04-24,88,121,1,FALSE,FALSE,"MY","MYS",
"","Malaysia",2.5,112.5,5742,3762,98,2020-04-25,51,99,2,FALSE,FALSE,"MY","MYS",
"","Malaysia",2.5,112.5,5780,3862,98,2020-04-26,38,100,0,FALSE,FALSE,"MY","MYS",
"","Malaysia",2.5,112.5,5820,3957,99,2020-04-27,40,95,1,FALSE,FALSE,"MY","MYS",
"","Malaysia",2.5,112.5,5851,4032,100,2020-04-28,31,75,1,FALSE,FALSE,"MY","MYS",
"","Malaysia",2.5,112.5,5945,4087,100,2020-04-29,94,55,0,FALSE,FALSE,"MY","MYS",
"","Malaysia",2.5,112.5,6002,4171,102,2020-04-30,57,84,2,FALSE,FALSE,"MY","MYS",
"","Malaysia",2.5,112.5,6071,4210,103,2020-05-01,69,39,1,FALSE,FALSE,"MY","MYS",
"","Malaysia",2.5,112.5,6176,4326,103,2020-05-02,105,116,0,FALSE,FALSE,"MY","MYS",
"","Malaysia",2.5,112.5,6298,4413,105,2020-05-03,122,87,2,FALSE,FALSE,"MY","MYS",
"","Malaysia",2.5,112.5,6353,4484,105,2020-05-04,55,71,0,FALSE,FALSE,"MY","MYS",
"","Malaysia",2.5,112.5,6383,4567,106,2020-05-05,30,83,1,FALSE,FALSE,"MY","MYS",
"","Malaysia",2.5,112.5,6428,4702,107,2020-05-06,45,135,1,FALSE,FALSE,"MY","MYS",
"","Malaysia",2.5,112.5,6467,4776,107,2020-05-07,39,74,0,FALSE,FALSE,"MY","MYS",
"","Malaysia",2.5,112.5,6535,4864,107,2020-05-08,68,88,0,FALSE,FALSE,"MY","MYS",
"","Malaysia",2.5,112.5,6589,4929,108,2020-05-09,54,65,1,FALSE,FALSE,"MY","MYS",
