"","Province.State","Country.Region","Lat","Long","confirmed","recovered","deaths","date","area","confirmed_new","recovered_new","deaths_new","hasErrors"
"1","","North Macedonia",41.6086,21.7453,0,0,0,2020-01-22,"North Macedonia_",0,0,0,FALSE
"2","","North Macedonia",41.6086,21.7453,0,0,0,2020-01-23,"North Macedonia_",0,0,0,FALSE
"3","","North Macedonia",41.6086,21.7453,0,0,0,2020-01-24,"North Macedonia_",0,0,0,FALSE
"4","","North Macedonia",41.6086,21.7453,0,0,0,2020-01-25,"North Macedonia_",0,0,0,FALSE
"5","","North Macedonia",41.6086,21.7453,0,0,0,2020-01-26,"North Macedonia_",0,0,0,FALSE
"6","","North Macedonia",41.6086,21.7453,0,0,0,2020-01-27,"North Macedonia_",0,0,0,FALSE
"7","","North Macedonia",41.6086,21.7453,0,0,0,2020-01-28,"North Macedonia_",0,0,0,FALSE
"8","","North Macedonia",41.6086,21.7453,0,0,0,2020-01-29,"North Macedonia_",0,0,0,FALSE
"9","","North Macedonia",41.6086,21.7453,0,0,0,2020-01-30,"North Macedonia_",0,0,0,FALSE
"10","","North Macedonia",41.6086,21.7453,0,0,0,2020-01-31,"North Macedonia_",0,0,0,FALSE
"11","","North Macedonia",41.6086,21.7453,0,0,0,2020-02-01,"North Macedonia_",0,0,0,FALSE
"12","","North Macedonia",41.6086,21.7453,0,0,0,2020-02-02,"North Macedonia_",0,0,0,FALSE
"13","","North Macedonia",41.6086,21.7453,0,0,0,2020-02-03,"North Macedonia_",0,0,0,FALSE
"14","","North Macedonia",41.6086,21.7453,0,0,0,2020-02-04,"North Macedonia_",0,0,0,FALSE
"15","","North Macedonia",41.6086,21.7453,0,0,0,2020-02-05,"North Macedonia_",0,0,0,FALSE
"16","","North Macedonia",41.6086,21.7453,0,0,0,2020-02-06,"North Macedonia_",0,0,0,FALSE
"17","","North Macedonia",41.6086,21.7453,0,0,0,2020-02-07,"North Macedonia_",0,0,0,FALSE
"18","","North Macedonia",41.6086,21.7453,0,0,0,2020-02-08,"North Macedonia_",0,0,0,FALSE
"19","","North Macedonia",41.6086,21.7453,0,0,0,2020-02-09,"North Macedonia_",0,0,0,FALSE
"20","","North Macedonia",41.6086,21.7453,0,0,0,2020-02-10,"North Macedonia_",0,0,0,FALSE
"21","","North Macedonia",41.6086,21.7453,0,0,0,2020-02-11,"North Macedonia_",0,0,0,FALSE
"22","","North Macedonia",41.6086,21.7453,0,0,0,2020-02-12,"North Macedonia_",0,0,0,FALSE
"23","","North Macedonia",41.6086,21.7453,0,0,0,2020-02-13,"North Macedonia_",0,0,0,FALSE
"24","","North Macedonia",41.6086,21.7453,0,0,0,2020-02-14,"North Macedonia_",0,0,0,FALSE
"25","","North Macedonia",41.6086,21.7453,0,0,0,2020-02-15,"North Macedonia_",0,0,0,FALSE
"26","","North Macedonia",41.6086,21.7453,0,0,0,2020-02-16,"North Macedonia_",0,0,0,FALSE
"27","","North Macedonia",41.6086,21.7453,0,0,0,2020-02-17,"North Macedonia_",0,0,0,FALSE
"28","","North Macedonia",41.6086,21.7453,0,0,0,2020-02-18,"North Macedonia_",0,0,0,FALSE
"29","","North Macedonia",41.6086,21.7453,0,0,0,2020-02-19,"North Macedonia_",0,0,0,FALSE
"30","","North Macedonia",41.6086,21.7453,0,0,0,2020-02-20,"North Macedonia_",0,0,0,FALSE
"31","","North Macedonia",41.6086,21.7453,0,0,0,2020-02-21,"North Macedonia_",0,0,0,FALSE
"32","","North Macedonia",41.6086,21.7453,0,0,0,2020-02-22,"North Macedonia_",0,0,0,FALSE
"33","","North Macedonia",41.6086,21.7453,0,0,0,2020-02-23,"North Macedonia_",0,0,0,FALSE
"34","","North Macedonia",41.6086,21.7453,0,0,0,2020-02-24,"North Macedonia_",0,0,0,FALSE
"35","","North Macedonia",41.6086,21.7453,0,0,0,2020-02-25,"North Macedonia_",0,0,0,FALSE
"36","","North Macedonia",41.6086,21.7453,1,0,0,2020-02-26,"North Macedonia_",1,0,0,FALSE
"37","","North Macedonia",41.6086,21.7453,1,0,0,2020-02-27,"North Macedonia_",0,0,0,FALSE
"38","","North Macedonia",41.6086,21.7453,1,0,0,2020-02-28,"North Macedonia_",0,0,0,FALSE
"39","","North Macedonia",41.6086,21.7453,1,0,0,2020-02-29,"North Macedonia_",0,0,0,FALSE
"40","","North Macedonia",41.6086,21.7453,1,0,0,2020-03-01,"North Macedonia_",0,0,0,FALSE
"41","","North Macedonia",41.6086,21.7453,1,0,0,2020-03-02,"North Macedonia_",0,0,0,FALSE
"42","","North Macedonia",41.6086,21.7453,1,0,0,2020-03-03,"North Macedonia_",0,0,0,FALSE
"43","","North Macedonia",41.6086,21.7453,1,0,0,2020-03-04,"North Macedonia_",0,0,0,FALSE
"44","","North Macedonia",41.6086,21.7453,1,0,0,2020-03-05,"North Macedonia_",0,0,0,FALSE
"45","","North Macedonia",41.6086,21.7453,3,0,0,2020-03-06,"North Macedonia_",2,0,0,FALSE
"46","","North Macedonia",41.6086,21.7453,3,0,0,2020-03-07,"North Macedonia_",0,0,0,FALSE
"47","","North Macedonia",41.6086,21.7453,3,0,0,2020-03-08,"North Macedonia_",0,0,0,FALSE
"48","","North Macedonia",41.6086,21.7453,3,0,0,2020-03-09,"North Macedonia_",0,0,0,FALSE
"49","","North Macedonia",41.6086,21.7453,7,0,0,2020-03-10,"North Macedonia_",4,0,0,FALSE
"50","","North Macedonia",41.6086,21.7453,7,0,0,2020-03-11,"North Macedonia_",0,0,0,FALSE
"51","","North Macedonia",41.6086,21.7453,7,0,0,2020-03-12,"North Macedonia_",0,0,0,FALSE
"52","","North Macedonia",41.6086,21.7453,14,1,0,2020-03-13,"North Macedonia_",7,1,0,FALSE
"53","","North Macedonia",41.6086,21.7453,14,1,0,2020-03-14,"North Macedonia_",0,0,0,FALSE
"54","","North Macedonia",41.6086,21.7453,14,1,0,2020-03-15,"North Macedonia_",0,0,0,FALSE
"55","","North Macedonia",41.6086,21.7453,18,1,0,2020-03-16,"North Macedonia_",4,0,0,FALSE
"56","","North Macedonia",41.6086,21.7453,26,1,0,2020-03-17,"North Macedonia_",8,0,0,FALSE
"57","","North Macedonia",41.6086,21.7453,35,1,0,2020-03-18,"North Macedonia_",9,0,0,FALSE
"58","","North Macedonia",41.6086,21.7453,48,1,0,2020-03-19,"North Macedonia_",13,0,0,FALSE
"59","","North Macedonia",41.6086,21.7453,67,1,0,2020-03-20,"North Macedonia_",19,0,0,FALSE
"60","","North Macedonia",41.6086,21.7453,85,1,0,2020-03-21,"North Macedonia_",18,0,0,FALSE
"61","","North Macedonia",41.6086,21.7453,115,1,1,2020-03-22,"North Macedonia_",30,0,1,FALSE
"62","","North Macedonia",41.6086,21.7453,136,1,2,2020-03-23,"North Macedonia_",21,0,1,FALSE
"63","","North Macedonia",41.6086,21.7453,148,1,2,2020-03-24,"North Macedonia_",12,0,0,FALSE
"64","","North Macedonia",41.6086,21.7453,177,1,3,2020-03-25,"North Macedonia_",29,0,1,FALSE
"65","","North Macedonia",41.6086,21.7453,201,3,3,2020-03-26,"North Macedonia_",24,2,0,FALSE
"66","","North Macedonia",41.6086,21.7453,219,3,3,2020-03-27,"North Macedonia_",18,0,0,FALSE
"67","","North Macedonia",41.6086,21.7453,241,3,4,2020-03-28,"North Macedonia_",22,0,1,FALSE
"68","","North Macedonia",41.6086,21.7453,259,3,6,2020-03-29,"North Macedonia_",18,0,2,FALSE
"69","","North Macedonia",41.6086,21.7453,285,12,7,2020-03-30,"North Macedonia_",26,9,1,FALSE
"70","","North Macedonia",41.6086,21.7453,329,12,9,2020-03-31,"North Macedonia_",44,0,2,FALSE
"71","","North Macedonia",41.6086,21.7453,354,17,11,2020-04-01,"North Macedonia_",25,5,2,FALSE
"72","","North Macedonia",41.6086,21.7453,384,17,11,2020-04-02,"North Macedonia_",30,0,0,FALSE
"73","","North Macedonia",41.6086,21.7453,430,20,12,2020-04-03,"North Macedonia_",46,3,1,FALSE
"74","","North Macedonia",41.6086,21.7453,483,20,17,2020-04-04,"North Macedonia_",53,0,5,FALSE
"75","","North Macedonia",41.6086,21.7453,555,23,18,2020-04-05,"North Macedonia_",72,3,1,FALSE
