"Province.State","Country.Region","Lat","Long","confirmed","recovered","deaths","date","confirmed_new","recovered_new","deaths_new","hasErrors","hasParent","country_code","country_code3","territory_code"
"","Philippines",12.879721,121.774017,0,0,0,2020-01-22,0,0,0,FALSE,FALSE,"PH","PHL",
"","Philippines",12.879721,121.774017,0,0,0,2020-01-23,0,0,0,FALSE,FALSE,"PH","PHL",
"","Philippines",12.879721,121.774017,0,0,0,2020-01-24,0,0,0,FALSE,FALSE,"PH","PHL",
"","Philippines",12.879721,121.774017,0,0,0,2020-01-25,0,0,0,FALSE,FALSE,"PH","PHL",
"","Philippines",12.879721,121.774017,0,0,0,2020-01-26,0,0,0,FALSE,FALSE,"PH","PHL",
"","Philippines",12.879721,121.774017,0,0,0,2020-01-27,0,0,0,FALSE,FALSE,"PH","PHL",
"","Philippines",12.879721,121.774017,0,0,0,2020-01-28,0,0,0,FALSE,FALSE,"PH","PHL",
"","Philippines",12.879721,121.774017,0,0,0,2020-01-29,0,0,0,FALSE,FALSE,"PH","PHL",
"","Philippines",12.879721,121.774017,1,0,0,2020-01-30,1,0,0,FALSE,FALSE,"PH","PHL",
"","Philippines",12.879721,121.774017,1,0,0,2020-01-31,0,0,0,FALSE,FALSE,"PH","PHL",
"","Philippines",12.879721,121.774017,1,0,0,2020-02-01,0,0,0,FALSE,FALSE,"PH","PHL",
"","Philippines",12.879721,121.774017,2,0,1,2020-02-02,1,0,1,FALSE,FALSE,"PH","PHL",
"","Philippines",12.879721,121.774017,2,0,1,2020-02-03,0,0,0,FALSE,FALSE,"PH","PHL",
"","Philippines",12.879721,121.774017,2,0,1,2020-02-04,0,0,0,FALSE,FALSE,"PH","PHL",
"","Philippines",12.879721,121.774017,2,0,1,2020-02-05,0,0,0,FALSE,FALSE,"PH","PHL",
"","Philippines",12.879721,121.774017,2,0,1,2020-02-06,0,0,0,FALSE,FALSE,"PH","PHL",
"","Philippines",12.879721,121.774017,3,0,1,2020-02-07,1,0,0,FALSE,FALSE,"PH","PHL",
"","Philippines",12.879721,121.774017,3,0,1,2020-02-08,0,0,0,FALSE,FALSE,"PH","PHL",
"","Philippines",12.879721,121.774017,3,0,1,2020-02-09,0,0,0,FALSE,FALSE,"PH","PHL",
"","Philippines",12.879721,121.774017,3,0,1,2020-02-10,0,0,0,FALSE,FALSE,"PH","PHL",
"","Philippines",12.879721,121.774017,3,0,1,2020-02-11,0,0,0,FALSE,FALSE,"PH","PHL",
"","Philippines",12.879721,121.774017,3,1,1,2020-02-12,0,1,0,FALSE,FALSE,"PH","PHL",
"","Philippines",12.879721,121.774017,3,1,1,2020-02-13,0,0,0,FALSE,FALSE,"PH","PHL",
"","Philippines",12.879721,121.774017,3,1,1,2020-02-14,0,0,0,FALSE,FALSE,"PH","PHL",
"","Philippines",12.879721,121.774017,3,1,1,2020-02-15,0,0,0,FALSE,FALSE,"PH","PHL",
"","Philippines",12.879721,121.774017,3,1,1,2020-02-16,0,0,0,FALSE,FALSE,"PH","PHL",
"","Philippines",12.879721,121.774017,3,1,1,2020-02-17,0,0,0,FALSE,FALSE,"PH","PHL",
"","Philippines",12.879721,121.774017,3,1,1,2020-02-18,0,0,0,FALSE,FALSE,"PH","PHL",
"","Philippines",12.879721,121.774017,3,1,1,2020-02-19,0,0,0,FALSE,FALSE,"PH","PHL",
"","Philippines",12.879721,121.774017,3,1,1,2020-02-20,0,0,0,FALSE,FALSE,"PH","PHL",
"","Philippines",12.879721,121.774017,3,1,1,2020-02-21,0,0,0,FALSE,FALSE,"PH","PHL",
"","Philippines",12.879721,121.774017,3,1,1,2020-02-22,0,0,0,FALSE,FALSE,"PH","PHL",
"","Philippines",12.879721,121.774017,3,1,1,2020-02-23,0,0,0,FALSE,FALSE,"PH","PHL",
"","Philippines",12.879721,121.774017,3,1,1,2020-02-24,0,0,0,FALSE,FALSE,"PH","PHL",
"","Philippines",12.879721,121.774017,3,1,1,2020-02-25,0,0,0,FALSE,FALSE,"PH","PHL",
"","Philippines",12.879721,121.774017,3,1,1,2020-02-26,0,0,0,FALSE,FALSE,"PH","PHL",
"","Philippines",12.879721,121.774017,3,1,1,2020-02-27,0,0,0,FALSE,FALSE,"PH","PHL",
"","Philippines",12.879721,121.774017,3,1,1,2020-02-28,0,0,0,FALSE,FALSE,"PH","PHL",
"","Philippines",12.879721,121.774017,3,1,1,2020-02-29,0,0,0,FALSE,FALSE,"PH","PHL",
"","Philippines",12.879721,121.774017,3,1,1,2020-03-01,0,0,0,FALSE,FALSE,"PH","PHL",
"","Philippines",12.879721,121.774017,3,1,1,2020-03-02,0,0,0,FALSE,FALSE,"PH","PHL",
"","Philippines",12.879721,121.774017,3,1,1,2020-03-03,0,0,0,FALSE,FALSE,"PH","PHL",
"","Philippines",12.879721,121.774017,3,1,1,2020-03-04,0,0,0,FALSE,FALSE,"PH","PHL",
"","Philippines",12.879721,121.774017,3,1,1,2020-03-05,0,0,0,FALSE,FALSE,"PH","PHL",
"","Philippines",12.879721,121.774017,5,1,1,2020-03-06,2,0,0,FALSE,FALSE,"PH","PHL",
"","Philippines",12.879721,121.774017,6,1,1,2020-03-07,1,0,0,FALSE,FALSE,"PH","PHL",
"","Philippines",12.879721,121.774017,10,1,1,2020-03-08,4,0,0,FALSE,FALSE,"PH","PHL",
"","Philippines",12.879721,121.774017,20,1,1,2020-03-09,10,0,0,FALSE,FALSE,"PH","PHL",
"","Philippines",12.879721,121.774017,33,2,1,2020-03-10,13,1,0,FALSE,FALSE,"PH","PHL",
"","Philippines",12.879721,121.774017,49,2,1,2020-03-11,16,0,0,FALSE,FALSE,"PH","PHL",
"","Philippines",12.879721,121.774017,52,2,2,2020-03-12,3,0,1,FALSE,FALSE,"PH","PHL",
"","Philippines",12.879721,121.774017,64,2,5,2020-03-13,12,0,3,FALSE,FALSE,"PH","PHL",
"","Philippines",12.879721,121.774017,111,2,8,2020-03-14,47,0,3,FALSE,FALSE,"PH","PHL",
"","Philippines",12.879721,121.774017,140,2,11,2020-03-15,29,0,3,FALSE,FALSE,"PH","PHL",
"","Philippines",12.879721,121.774017,142,2,12,2020-03-16,2,0,1,FALSE,FALSE,"PH","PHL",
"","Philippines",12.879721,121.774017,187,5,12,2020-03-17,45,3,0,FALSE,FALSE,"PH","PHL",
"","Philippines",12.879721,121.774017,202,5,19,2020-03-18,15,0,7,FALSE,FALSE,"PH","PHL",
"","Philippines",12.879721,121.774017,217,8,17,2020-03-19,15,3,-2,FALSE,FALSE,"PH","PHL",
"","Philippines",12.879721,121.774017,230,8,18,2020-03-20,13,0,1,FALSE,FALSE,"PH","PHL",
"","Philippines",12.879721,121.774017,307,13,19,2020-03-21,77,5,1,FALSE,FALSE,"PH","PHL",
"","Philippines",12.879721,121.774017,380,17,25,2020-03-22,73,4,6,FALSE,FALSE,"PH","PHL",
"","Philippines",12.879721,121.774017,462,17,33,2020-03-23,82,0,8,FALSE,FALSE,"PH","PHL",
"","Philippines",12.879721,121.774017,552,20,35,2020-03-24,90,3,2,FALSE,FALSE,"PH","PHL",
"","Philippines",12.879721,121.774017,636,26,38,2020-03-25,84,6,3,FALSE,FALSE,"PH","PHL",
"","Philippines",12.879721,121.774017,707,28,45,2020-03-26,71,2,7,FALSE,FALSE,"PH","PHL",
"","Philippines",12.879721,121.774017,803,31,54,2020-03-27,96,3,9,FALSE,FALSE,"PH","PHL",
"","Philippines",12.879721,121.774017,1075,35,68,2020-03-28,272,4,14,FALSE,FALSE,"PH","PHL",
"","Philippines",12.879721,121.774017,1418,42,71,2020-03-29,343,7,3,FALSE,FALSE,"PH","PHL",
"","Philippines",12.879721,121.774017,1546,42,78,2020-03-30,128,0,7,FALSE,FALSE,"PH","PHL",
"","Philippines",12.879721,121.774017,2084,49,88,2020-03-31,538,7,10,FALSE,FALSE,"PH","PHL",
"","Philippines",12.879721,121.774017,2311,50,96,2020-04-01,227,1,8,FALSE,FALSE,"PH","PHL",
"","Philippines",12.879721,121.774017,2633,51,107,2020-04-02,322,1,11,FALSE,FALSE,"PH","PHL",
"","Philippines",12.879721,121.774017,3018,52,136,2020-04-03,385,1,29,FALSE,FALSE,"PH","PHL",
"","Philippines",12.879721,121.774017,3094,57,144,2020-04-04,76,5,8,FALSE,FALSE,"PH","PHL",
"","Philippines",12.879721,121.774017,3246,64,152,2020-04-05,152,7,8,FALSE,FALSE,"PH","PHL",
"","Philippines",12.879721,121.774017,3660,73,163,2020-04-06,414,9,11,FALSE,FALSE,"PH","PHL",
"","Philippines",12.879721,121.774017,3764,84,177,2020-04-07,104,11,14,FALSE,FALSE,"PH","PHL",
"","Philippines",12.879721,121.774017,3870,96,182,2020-04-08,106,12,5,FALSE,FALSE,"PH","PHL",
"","Philippines",12.879721,121.774017,4076,124,203,2020-04-09,206,28,21,FALSE,FALSE,"PH","PHL",
"","Philippines",12.879721,121.774017,4195,140,221,2020-04-10,119,16,18,FALSE,FALSE,"PH","PHL",
"","Philippines",12.879721,121.774017,4428,157,247,2020-04-11,233,17,26,FALSE,FALSE,"PH","PHL",
"","Philippines",12.879721,121.774017,4648,197,297,2020-04-12,220,40,50,FALSE,FALSE,"PH","PHL",
"","Philippines",12.879721,121.774017,4932,242,315,2020-04-13,284,45,18,FALSE,FALSE,"PH","PHL",
"","Philippines",12.879721,121.774017,5223,295,335,2020-04-14,291,53,20,FALSE,FALSE,"PH","PHL",
"","Philippines",12.879721,121.774017,5453,353,349,2020-04-15,230,58,14,FALSE,FALSE,"PH","PHL",
"","Philippines",12.879721,121.774017,5660,435,362,2020-04-16,207,82,13,FALSE,FALSE,"PH","PHL",
"","Philippines",12.879721,121.774017,5878,487,387,2020-04-17,218,52,25,FALSE,FALSE,"PH","PHL",
"","Philippines",12.879721,121.774017,6087,516,397,2020-04-18,209,29,10,FALSE,FALSE,"PH","PHL",
"","Philippines",12.879721,121.774017,6259,572,409,2020-04-19,172,56,12,FALSE,FALSE,"PH","PHL",
"","Philippines",12.879721,121.774017,6459,613,428,2020-04-20,200,41,19,FALSE,FALSE,"PH","PHL",
"","Philippines",12.879721,121.774017,6599,654,437,2020-04-21,140,41,9,FALSE,FALSE,"PH","PHL",
"","Philippines",12.879721,121.774017,6710,693,446,2020-04-22,111,39,9,FALSE,FALSE,"PH","PHL",
"","Philippines",12.879721,121.774017,6981,722,462,2020-04-23,271,29,16,FALSE,FALSE,"PH","PHL",
"","Philippines",12.879721,121.774017,7192,762,477,2020-04-24,211,40,15,FALSE,FALSE,"PH","PHL",
"","Philippines",12.879721,121.774017,7294,792,494,2020-04-25,102,30,17,FALSE,FALSE,"PH","PHL",
"","Philippines",12.879721,121.774017,7579,862,501,2020-04-26,285,70,7,FALSE,FALSE,"PH","PHL",
"","Philippines",12.879721,121.774017,7777,932,511,2020-04-27,198,70,10,FALSE,FALSE,"PH","PHL",
"","Philippines",12.879721,121.774017,7958,975,530,2020-04-28,181,43,19,FALSE,FALSE,"PH","PHL",
"","Philippines",12.879721,121.774017,8212,1023,558,2020-04-29,254,48,28,FALSE,FALSE,"PH","PHL",
"","Philippines",12.879721,121.774017,8488,1043,568,2020-04-30,276,20,10,FALSE,FALSE,"PH","PHL",
"","Philippines",12.879721,121.774017,8772,1084,579,2020-05-01,284,41,11,FALSE,FALSE,"PH","PHL",
"","Philippines",12.879721,121.774017,8928,1124,603,2020-05-02,156,40,24,FALSE,FALSE,"PH","PHL",
"","Philippines",12.879721,121.774017,9223,1214,607,2020-05-03,295,90,4,FALSE,FALSE,"PH","PHL",
"","Philippines",12.879721,121.774017,9485,1315,623,2020-05-04,262,101,16,FALSE,FALSE,"PH","PHL",
"","Philippines",12.879721,121.774017,9684,1408,637,2020-05-05,199,93,14,FALSE,FALSE,"PH","PHL",
"","Philippines",12.879721,121.774017,10004,1506,658,2020-05-06,320,98,21,FALSE,FALSE,"PH","PHL",
"","Philippines",12.879721,121.774017,10343,1618,685,2020-05-07,339,112,27,FALSE,FALSE,"PH","PHL",
"","Philippines",12.879721,121.774017,10463,1734,696,2020-05-08,120,116,11,FALSE,FALSE,"PH","PHL",
"","Philippines",12.879721,121.774017,10610,1842,704,2020-05-09,147,108,8,FALSE,FALSE,"PH","PHL",
"","Philippines",12.879721,121.774017,10794,1924,719,2020-05-10,184,82,15,FALSE,FALSE,"PH","PHL",
"","Philippines",12.879721,121.774017,11086,1999,726,2020-05-11,292,75,7,FALSE,FALSE,"PH","PHL",
"","Philippines",12.879721,121.774017,11350,2106,751,2020-05-12,264,107,25,FALSE,FALSE,"PH","PHL",
"","Philippines",12.879721,121.774017,11618,2251,772,2020-05-13,268,145,21,FALSE,FALSE,"PH","PHL",
"","Philippines",12.879721,121.774017,11876,2337,790,2020-05-14,258,86,18,FALSE,FALSE,"PH","PHL",
"","Philippines",12.879721,121.774017,12091,2460,806,2020-05-15,215,123,16,FALSE,FALSE,"PH","PHL",
"","Philippines",12.879721,121.774017,12305,2561,817,2020-05-16,214,101,11,FALSE,FALSE,"PH","PHL",
"","Philippines",12.879721,121.774017,12513,2635,824,2020-05-17,208,74,7,FALSE,FALSE,"PH","PHL",
"","Philippines",12.879721,121.774017,12718,2729,831,2020-05-18,205,94,7,FALSE,FALSE,"PH","PHL",
"","Philippines",12.879721,121.774017,12942,2843,837,2020-05-19,224,114,6,FALSE,FALSE,"PH","PHL",
"","Philippines",12.879721,121.774017,13221,2932,842,2020-05-20,279,89,5,FALSE,FALSE,"PH","PHL",
"","Philippines",12.879721,121.774017,13434,3000,846,2020-05-21,213,68,4,FALSE,FALSE,"PH","PHL",
"","Philippines",12.879721,121.774017,13597,3092,857,2020-05-22,163,92,11,FALSE,FALSE,"PH","PHL",
"","Philippines",12.879721,121.774017,13777,3177,863,2020-05-23,180,85,6,FALSE,FALSE,"PH","PHL",
"","Philippines",12.879721,121.774017,14035,3249,868,2020-05-24,258,72,5,FALSE,FALSE,"PH","PHL",
"","Philippines",12.879721,121.774017,14319,3323,873,2020-05-25,284,74,5,FALSE,FALSE,"PH","PHL",
"","Philippines",12.879721,121.774017,14669,3412,886,2020-05-26,350,89,13,FALSE,FALSE,"PH","PHL",
"","Philippines",12.879721,121.774017,15049,3506,904,2020-05-27,380,94,18,FALSE,FALSE,"PH","PHL",
"","Philippines",12.879721,121.774017,15588,3598,921,2020-05-28,539,92,17,FALSE,FALSE,"PH","PHL",
"","Philippines",12.879721,121.774017,16634,3720,942,2020-05-29,1046,122,21,FALSE,FALSE,"PH","PHL",
"","Philippines",12.879721,121.774017,17224,3808,950,2020-05-30,590,88,8,FALSE,FALSE,"PH","PHL",
"","Philippines",12.879721,121.774017,18086,3909,957,2020-05-31,862,101,7,FALSE,FALSE,"PH","PHL",
"","Philippines",12.879721,121.774017,18638,3979,960,2020-06-01,552,70,3,FALSE,FALSE,"PH","PHL",
"","Philippines",12.879721,121.774017,18997,4063,966,2020-06-02,359,84,6,FALSE,FALSE,"PH","PHL",
"","Philippines",12.879721,121.774017,19748,4153,974,2020-06-03,751,90,8,FALSE,FALSE,"PH","PHL",
"","Philippines",12.879721,121.774017,20382,4248,984,2020-06-04,634,95,10,FALSE,FALSE,"PH","PHL",
"","Philippines",12.879721,121.774017,20626,4330,987,2020-06-05,244,82,3,FALSE,FALSE,"PH","PHL",
"","Philippines",12.879721,121.774017,21340,4441,994,2020-06-06,714,111,7,FALSE,FALSE,"PH","PHL",
"","Philippines",12.879721,121.774017,21895,4530,1003,2020-06-07,555,89,9,FALSE,FALSE,"PH","PHL",
"","Philippines",12.879721,121.774017,22474,4637,1011,2020-06-08,579,107,8,FALSE,FALSE,"PH","PHL",
"","Philippines",12.879721,121.774017,22992,4736,1017,2020-06-09,518,99,6,FALSE,FALSE,"PH","PHL",
"","Philippines",12.879721,121.774017,23732,4895,1027,2020-06-10,740,159,10,FALSE,FALSE,"PH","PHL",
"","Philippines",12.879721,121.774017,24175,5165,1036,2020-06-11,443,270,9,FALSE,FALSE,"PH","PHL",
"","Philippines",12.879721,121.774017,24787,5454,1052,2020-06-12,612,289,16,FALSE,FALSE,"PH","PHL",
"","Philippines",12.879721,121.774017,25392,5706,1074,2020-06-13,605,252,22,FALSE,FALSE,"PH","PHL",
"","Philippines",12.879721,121.774017,25930,5954,1088,2020-06-14,538,248,14,FALSE,FALSE,"PH","PHL",
"","Philippines",12.879721,121.774017,26420,6252,1098,2020-06-15,490,298,10,FALSE,FALSE,"PH","PHL",
"","Philippines",12.879721,121.774017,26781,6552,1103,2020-06-16,361,300,5,FALSE,FALSE,"PH","PHL",
"","Philippines",12.879721,121.774017,27238,6820,1108,2020-06-17,457,268,5,FALSE,FALSE,"PH","PHL",
"","Philippines",12.879721,121.774017,27799,7090,1116,2020-06-18,561,270,8,FALSE,FALSE,"PH","PHL",
"","Philippines",12.879721,121.774017,28459,7378,1130,2020-06-19,660,288,14,FALSE,FALSE,"PH","PHL",
"","Philippines",12.879721,121.774017,29400,7650,1150,2020-06-20,941,272,20,FALSE,FALSE,"PH","PHL",
"","Philippines",12.879721,121.774017,30052,7893,1169,2020-06-21,652,243,19,FALSE,FALSE,"PH","PHL",
"","Philippines",12.879721,121.774017,30682,8143,1177,2020-06-22,630,250,8,FALSE,FALSE,"PH","PHL",
"","Philippines",12.879721,121.774017,31825,8442,1186,2020-06-23,1143,299,9,FALSE,FALSE,"PH","PHL",
"","Philippines",12.879721,121.774017,32295,8656,1204,2020-06-24,470,214,18,FALSE,FALSE,"PH","PHL",
"","Philippines",12.879721,121.774017,33069,8910,1212,2020-06-25,774,254,8,FALSE,FALSE,"PH","PHL",
"","Philippines",12.879721,121.774017,34073,9182,1224,2020-06-26,1004,272,12,FALSE,FALSE,"PH","PHL",
"","Philippines",12.879721,121.774017,34803,9430,1236,2020-06-27,730,248,12,FALSE,FALSE,"PH","PHL",
"","Philippines",12.879721,121.774017,35455,9686,1244,2020-06-28,652,256,8,FALSE,FALSE,"PH","PHL",
"","Philippines",12.879721,121.774017,36438,9956,1255,2020-06-29,983,270,11,FALSE,FALSE,"PH","PHL",
"","Philippines",12.879721,121.774017,37514,10233,1266,2020-06-30,1076,277,11,FALSE,FALSE,"PH","PHL",
"","Philippines",12.879721,121.774017,38511,10438,1270,2020-07-01,997,205,4,FALSE,FALSE,"PH","PHL",
"","Philippines",12.879721,121.774017,38805,10673,1274,2020-07-02,294,235,4,FALSE,FALSE,"PH","PHL",
"","Philippines",12.879721,121.774017,40336,11073,1280,2020-07-03,1531,400,6,FALSE,FALSE,"PH","PHL",
"","Philippines",12.879721,121.774017,41830,11453,1290,2020-07-04,1494,380,10,FALSE,FALSE,"PH","PHL",
"","Philippines",12.879721,121.774017,44254,11942,1297,2020-07-05,2424,489,7,FALSE,FALSE,"PH","PHL",
"","Philippines",12.879721,121.774017,46333,12185,1303,2020-07-06,2079,243,6,FALSE,FALSE,"PH","PHL",
"","Philippines",12.879721,121.774017,47873,12386,1309,2020-07-07,1540,201,6,FALSE,FALSE,"PH","PHL",
"","Philippines",12.879721,121.774017,50359,12588,1314,2020-07-08,2486,202,5,FALSE,FALSE,"PH","PHL",
"","Philippines",12.879721,121.774017,51754,12813,1314,2020-07-09,1395,225,0,FALSE,FALSE,"PH","PHL",
"","Philippines",12.879721,121.774017,52914,13230,1360,2020-07-10,1160,417,46,FALSE,FALSE,"PH","PHL",
"","Philippines",12.879721,121.774017,54222,14037,1372,2020-07-11,1308,807,12,FALSE,FALSE,"PH","PHL",
"","Philippines",12.879721,121.774017,56259,16046,1534,2020-07-12,2037,2009,162,FALSE,FALSE,"PH","PHL",
"","Philippines",12.879721,121.774017,57006,20371,1599,2020-07-13,747,4325,65,FALSE,FALSE,"PH","PHL",
"","Philippines",12.879721,121.774017,57545,20459,1603,2020-07-14,539,88,4,FALSE,FALSE,"PH","PHL",
