"Province.State","Country.Region","Lat","Long","confirmed","recovered","deaths","date","confirmed_new","recovered_new","deaths_new","hasErrors","hasParent","country_code","country_code3","territory_code"
"","Rwanda",-1.9403,29.8739,0,0,0,2020-01-22,0,0,0,FALSE,FALSE,"RW","RWA",
"","Rwanda",-1.9403,29.8739,0,0,0,2020-01-23,0,0,0,FALSE,FALSE,"RW","RWA",
"","Rwanda",-1.9403,29.8739,0,0,0,2020-01-24,0,0,0,FALSE,FALSE,"RW","RWA",
"","Rwanda",-1.9403,29.8739,0,0,0,2020-01-25,0,0,0,FALSE,FALSE,"RW","RWA",
"","Rwanda",-1.9403,29.8739,0,0,0,2020-01-26,0,0,0,FALSE,FALSE,"RW","RWA",
"","Rwanda",-1.9403,29.8739,0,0,0,2020-01-27,0,0,0,FALSE,FALSE,"RW","RWA",
"","Rwanda",-1.9403,29.8739,0,0,0,2020-01-28,0,0,0,FALSE,FALSE,"RW","RWA",
"","Rwanda",-1.9403,29.8739,0,0,0,2020-01-29,0,0,0,FALSE,FALSE,"RW","RWA",
"","Rwanda",-1.9403,29.8739,0,0,0,2020-01-30,0,0,0,FALSE,FALSE,"RW","RWA",
"","Rwanda",-1.9403,29.8739,0,0,0,2020-01-31,0,0,0,FALSE,FALSE,"RW","RWA",
"","Rwanda",-1.9403,29.8739,0,0,0,2020-02-01,0,0,0,FALSE,FALSE,"RW","RWA",
"","Rwanda",-1.9403,29.8739,0,0,0,2020-02-02,0,0,0,FALSE,FALSE,"RW","RWA",
"","Rwanda",-1.9403,29.8739,0,0,0,2020-02-03,0,0,0,FALSE,FALSE,"RW","RWA",
"","Rwanda",-1.9403,29.8739,0,0,0,2020-02-04,0,0,0,FALSE,FALSE,"RW","RWA",
"","Rwanda",-1.9403,29.8739,0,0,0,2020-02-05,0,0,0,FALSE,FALSE,"RW","RWA",
"","Rwanda",-1.9403,29.8739,0,0,0,2020-02-06,0,0,0,FALSE,FALSE,"RW","RWA",
"","Rwanda",-1.9403,29.8739,0,0,0,2020-02-07,0,0,0,FALSE,FALSE,"RW","RWA",
"","Rwanda",-1.9403,29.8739,0,0,0,2020-02-08,0,0,0,FALSE,FALSE,"RW","RWA",
"","Rwanda",-1.9403,29.8739,0,0,0,2020-02-09,0,0,0,FALSE,FALSE,"RW","RWA",
"","Rwanda",-1.9403,29.8739,0,0,0,2020-02-10,0,0,0,FALSE,FALSE,"RW","RWA",
"","Rwanda",-1.9403,29.8739,0,0,0,2020-02-11,0,0,0,FALSE,FALSE,"RW","RWA",
"","Rwanda",-1.9403,29.8739,0,0,0,2020-02-12,0,0,0,FALSE,FALSE,"RW","RWA",
"","Rwanda",-1.9403,29.8739,0,0,0,2020-02-13,0,0,0,FALSE,FALSE,"RW","RWA",
"","Rwanda",-1.9403,29.8739,0,0,0,2020-02-14,0,0,0,FALSE,FALSE,"RW","RWA",
"","Rwanda",-1.9403,29.8739,0,0,0,2020-02-15,0,0,0,FALSE,FALSE,"RW","RWA",
"","Rwanda",-1.9403,29.8739,0,0,0,2020-02-16,0,0,0,FALSE,FALSE,"RW","RWA",
"","Rwanda",-1.9403,29.8739,0,0,0,2020-02-17,0,0,0,FALSE,FALSE,"RW","RWA",
"","Rwanda",-1.9403,29.8739,0,0,0,2020-02-18,0,0,0,FALSE,FALSE,"RW","RWA",
"","Rwanda",-1.9403,29.8739,0,0,0,2020-02-19,0,0,0,FALSE,FALSE,"RW","RWA",
"","Rwanda",-1.9403,29.8739,0,0,0,2020-02-20,0,0,0,FALSE,FALSE,"RW","RWA",
"","Rwanda",-1.9403,29.8739,0,0,0,2020-02-21,0,0,0,FALSE,FALSE,"RW","RWA",
"","Rwanda",-1.9403,29.8739,0,0,0,2020-02-22,0,0,0,FALSE,FALSE,"RW","RWA",
"","Rwanda",-1.9403,29.8739,0,0,0,2020-02-23,0,0,0,FALSE,FALSE,"RW","RWA",
"","Rwanda",-1.9403,29.8739,0,0,0,2020-02-24,0,0,0,FALSE,FALSE,"RW","RWA",
"","Rwanda",-1.9403,29.8739,0,0,0,2020-02-25,0,0,0,FALSE,FALSE,"RW","RWA",
"","Rwanda",-1.9403,29.8739,0,0,0,2020-02-26,0,0,0,FALSE,FALSE,"RW","RWA",
"","Rwanda",-1.9403,29.8739,0,0,0,2020-02-27,0,0,0,FALSE,FALSE,"RW","RWA",
"","Rwanda",-1.9403,29.8739,0,0,0,2020-02-28,0,0,0,FALSE,FALSE,"RW","RWA",
"","Rwanda",-1.9403,29.8739,0,0,0,2020-02-29,0,0,0,FALSE,FALSE,"RW","RWA",
"","Rwanda",-1.9403,29.8739,0,0,0,2020-03-01,0,0,0,FALSE,FALSE,"RW","RWA",
"","Rwanda",-1.9403,29.8739,0,0,0,2020-03-02,0,0,0,FALSE,FALSE,"RW","RWA",
"","Rwanda",-1.9403,29.8739,0,0,0,2020-03-03,0,0,0,FALSE,FALSE,"RW","RWA",
"","Rwanda",-1.9403,29.8739,0,0,0,2020-03-04,0,0,0,FALSE,FALSE,"RW","RWA",
"","Rwanda",-1.9403,29.8739,0,0,0,2020-03-05,0,0,0,FALSE,FALSE,"RW","RWA",
"","Rwanda",-1.9403,29.8739,0,0,0,2020-03-06,0,0,0,FALSE,FALSE,"RW","RWA",
"","Rwanda",-1.9403,29.8739,0,0,0,2020-03-07,0,0,0,FALSE,FALSE,"RW","RWA",
"","Rwanda",-1.9403,29.8739,0,0,0,2020-03-08,0,0,0,FALSE,FALSE,"RW","RWA",
"","Rwanda",-1.9403,29.8739,0,0,0,2020-03-09,0,0,0,FALSE,FALSE,"RW","RWA",
"","Rwanda",-1.9403,29.8739,0,0,0,2020-03-10,0,0,0,FALSE,FALSE,"RW","RWA",
"","Rwanda",-1.9403,29.8739,0,0,0,2020-03-11,0,0,0,FALSE,FALSE,"RW","RWA",
"","Rwanda",-1.9403,29.8739,0,0,0,2020-03-12,0,0,0,FALSE,FALSE,"RW","RWA",
"","Rwanda",-1.9403,29.8739,0,0,0,2020-03-13,0,0,0,FALSE,FALSE,"RW","RWA",
"","Rwanda",-1.9403,29.8739,1,0,0,2020-03-14,1,0,0,FALSE,FALSE,"RW","RWA",
"","Rwanda",-1.9403,29.8739,1,0,0,2020-03-15,0,0,0,FALSE,FALSE,"RW","RWA",
"","Rwanda",-1.9403,29.8739,5,0,0,2020-03-16,4,0,0,FALSE,FALSE,"RW","RWA",
"","Rwanda",-1.9403,29.8739,7,0,0,2020-03-17,2,0,0,FALSE,FALSE,"RW","RWA",
"","Rwanda",-1.9403,29.8739,8,0,0,2020-03-18,1,0,0,FALSE,FALSE,"RW","RWA",
"","Rwanda",-1.9403,29.8739,8,0,0,2020-03-19,0,0,0,FALSE,FALSE,"RW","RWA",
"","Rwanda",-1.9403,29.8739,17,0,0,2020-03-20,9,0,0,FALSE,FALSE,"RW","RWA",
"","Rwanda",-1.9403,29.8739,17,0,0,2020-03-21,0,0,0,FALSE,FALSE,"RW","RWA",
"","Rwanda",-1.9403,29.8739,19,0,0,2020-03-22,2,0,0,FALSE,FALSE,"RW","RWA",
"","Rwanda",-1.9403,29.8739,36,0,0,2020-03-23,17,0,0,FALSE,FALSE,"RW","RWA",
"","Rwanda",-1.9403,29.8739,40,0,0,2020-03-24,4,0,0,FALSE,FALSE,"RW","RWA",
"","Rwanda",-1.9403,29.8739,41,0,0,2020-03-25,1,0,0,FALSE,FALSE,"RW","RWA",
"","Rwanda",-1.9403,29.8739,50,0,0,2020-03-26,9,0,0,FALSE,FALSE,"RW","RWA",
"","Rwanda",-1.9403,29.8739,54,0,0,2020-03-27,4,0,0,FALSE,FALSE,"RW","RWA",
"","Rwanda",-1.9403,29.8739,60,0,0,2020-03-28,6,0,0,FALSE,FALSE,"RW","RWA",
"","Rwanda",-1.9403,29.8739,70,0,0,2020-03-29,10,0,0,FALSE,FALSE,"RW","RWA",
"","Rwanda",-1.9403,29.8739,70,0,0,2020-03-30,0,0,0,FALSE,FALSE,"RW","RWA",
"","Rwanda",-1.9403,29.8739,75,0,0,2020-03-31,5,0,0,FALSE,FALSE,"RW","RWA",
"","Rwanda",-1.9403,29.8739,82,0,0,2020-04-01,7,0,0,FALSE,FALSE,"RW","RWA",
"","Rwanda",-1.9403,29.8739,84,0,0,2020-04-02,2,0,0,FALSE,FALSE,"RW","RWA",
"","Rwanda",-1.9403,29.8739,89,0,0,2020-04-03,5,0,0,FALSE,FALSE,"RW","RWA",
"","Rwanda",-1.9403,29.8739,102,0,0,2020-04-04,13,0,0,FALSE,FALSE,"RW","RWA",
"","Rwanda",-1.9403,29.8739,104,4,0,2020-04-05,2,4,0,FALSE,FALSE,"RW","RWA",
"","Rwanda",-1.9403,29.8739,105,4,0,2020-04-06,1,0,0,FALSE,FALSE,"RW","RWA",
"","Rwanda",-1.9403,29.8739,105,7,0,2020-04-07,0,3,0,FALSE,FALSE,"RW","RWA",
"","Rwanda",-1.9403,29.8739,110,7,0,2020-04-08,5,0,0,FALSE,FALSE,"RW","RWA",
"","Rwanda",-1.9403,29.8739,110,7,0,2020-04-09,0,0,0,FALSE,FALSE,"RW","RWA",
"","Rwanda",-1.9403,29.8739,118,7,0,2020-04-10,8,0,0,FALSE,FALSE,"RW","RWA",
"","Rwanda",-1.9403,29.8739,120,18,0,2020-04-11,2,11,0,FALSE,FALSE,"RW","RWA",
"","Rwanda",-1.9403,29.8739,126,25,0,2020-04-12,6,7,0,FALSE,FALSE,"RW","RWA",
"","Rwanda",-1.9403,29.8739,127,42,0,2020-04-13,1,17,0,FALSE,FALSE,"RW","RWA",
"","Rwanda",-1.9403,29.8739,134,49,0,2020-04-14,7,7,0,FALSE,FALSE,"RW","RWA",
"","Rwanda",-1.9403,29.8739,136,54,0,2020-04-15,2,5,0,FALSE,FALSE,"RW","RWA",
"","Rwanda",-1.9403,29.8739,138,60,0,2020-04-16,2,6,0,FALSE,FALSE,"RW","RWA",
"","Rwanda",-1.9403,29.8739,143,65,0,2020-04-17,5,5,0,FALSE,FALSE,"RW","RWA",
"","Rwanda",-1.9403,29.8739,144,69,0,2020-04-18,1,4,0,FALSE,FALSE,"RW","RWA",
"","Rwanda",-1.9403,29.8739,147,76,0,2020-04-19,3,7,0,FALSE,FALSE,"RW","RWA",
"","Rwanda",-1.9403,29.8739,147,76,0,2020-04-20,0,0,0,FALSE,FALSE,"RW","RWA",
"","Rwanda",-1.9403,29.8739,150,84,0,2020-04-21,3,8,0,FALSE,FALSE,"RW","RWA",
"","Rwanda",-1.9403,29.8739,153,84,0,2020-04-22,3,0,0,FALSE,FALSE,"RW","RWA",
"","Rwanda",-1.9403,29.8739,154,87,0,2020-04-23,1,3,0,FALSE,FALSE,"RW","RWA",
"","Rwanda",-1.9403,29.8739,176,87,0,2020-04-24,22,0,0,FALSE,FALSE,"RW","RWA",
"","Rwanda",-1.9403,29.8739,183,88,0,2020-04-25,7,1,0,FALSE,FALSE,"RW","RWA",
"","Rwanda",-1.9403,29.8739,191,92,0,2020-04-26,8,4,0,FALSE,FALSE,"RW","RWA",
"","Rwanda",-1.9403,29.8739,207,93,0,2020-04-27,16,1,0,FALSE,FALSE,"RW","RWA",
"","Rwanda",-1.9403,29.8739,212,95,0,2020-04-28,5,2,0,FALSE,FALSE,"RW","RWA",
"","Rwanda",-1.9403,29.8739,225,98,0,2020-04-29,13,3,0,FALSE,FALSE,"RW","RWA",
"","Rwanda",-1.9403,29.8739,243,104,0,2020-04-30,18,6,0,FALSE,FALSE,"RW","RWA",
"","Rwanda",-1.9403,29.8739,249,109,0,2020-05-01,6,5,0,FALSE,FALSE,"RW","RWA",
"","Rwanda",-1.9403,29.8739,255,120,0,2020-05-02,6,11,0,FALSE,FALSE,"RW","RWA",
"","Rwanda",-1.9403,29.8739,259,124,0,2020-05-03,4,4,0,FALSE,FALSE,"RW","RWA",
"","Rwanda",-1.9403,29.8739,261,128,0,2020-05-04,2,4,0,FALSE,FALSE,"RW","RWA",
"","Rwanda",-1.9403,29.8739,261,129,0,2020-05-05,0,1,0,FALSE,FALSE,"RW","RWA",
"","Rwanda",-1.9403,29.8739,268,130,0,2020-05-06,7,1,0,FALSE,FALSE,"RW","RWA",
"","Rwanda",-1.9403,29.8739,271,133,0,2020-05-07,3,3,0,FALSE,FALSE,"RW","RWA",
"","Rwanda",-1.9403,29.8739,273,136,0,2020-05-08,2,3,0,FALSE,FALSE,"RW","RWA",
"","Rwanda",-1.9403,29.8739,280,140,0,2020-05-09,7,4,0,FALSE,FALSE,"RW","RWA",
"","Rwanda",-1.9403,29.8739,284,140,0,2020-05-10,4,0,0,FALSE,FALSE,"RW","RWA",
"","Rwanda",-1.9403,29.8739,285,150,0,2020-05-11,1,10,0,FALSE,FALSE,"RW","RWA",
"","Rwanda",-1.9403,29.8739,286,153,0,2020-05-12,1,3,0,FALSE,FALSE,"RW","RWA",
"","Rwanda",-1.9403,29.8739,287,164,0,2020-05-13,1,11,0,FALSE,FALSE,"RW","RWA",
"","Rwanda",-1.9403,29.8739,287,168,0,2020-05-14,0,4,0,FALSE,FALSE,"RW","RWA",
"","Rwanda",-1.9403,29.8739,287,177,0,2020-05-15,0,9,0,FALSE,FALSE,"RW","RWA",
"","Rwanda",-1.9403,29.8739,289,178,0,2020-05-16,2,1,0,FALSE,FALSE,"RW","RWA",
"","Rwanda",-1.9403,29.8739,292,197,0,2020-05-17,3,19,0,FALSE,FALSE,"RW","RWA",
"","Rwanda",-1.9403,29.8739,297,203,0,2020-05-18,5,6,0,FALSE,FALSE,"RW","RWA",
"","Rwanda",-1.9403,29.8739,308,209,0,2020-05-19,11,6,0,FALSE,FALSE,"RW","RWA",
"","Rwanda",-1.9403,29.8739,314,216,0,2020-05-20,6,7,0,FALSE,FALSE,"RW","RWA",
"","Rwanda",-1.9403,29.8739,320,217,0,2020-05-21,6,1,0,FALSE,FALSE,"RW","RWA",
"","Rwanda",-1.9403,29.8739,321,222,0,2020-05-22,1,5,0,FALSE,FALSE,"RW","RWA",
"","Rwanda",-1.9403,29.8739,325,227,0,2020-05-23,4,5,0,FALSE,FALSE,"RW","RWA",
"","Rwanda",-1.9403,29.8739,327,237,0,2020-05-24,2,10,0,FALSE,FALSE,"RW","RWA",
"","Rwanda",-1.9403,29.8739,336,238,0,2020-05-25,9,1,0,FALSE,FALSE,"RW","RWA",
"","Rwanda",-1.9403,29.8739,339,244,0,2020-05-26,3,6,0,FALSE,FALSE,"RW","RWA",
"","Rwanda",-1.9403,29.8739,346,245,0,2020-05-27,7,1,0,FALSE,FALSE,"RW","RWA",
"","Rwanda",-1.9403,29.8739,349,245,0,2020-05-28,3,0,0,FALSE,FALSE,"RW","RWA",
"","Rwanda",-1.9403,29.8739,355,247,0,2020-05-29,6,2,0,FALSE,FALSE,"RW","RWA",
"","Rwanda",-1.9403,29.8739,359,250,1,2020-05-30,4,3,1,FALSE,FALSE,"RW","RWA",
"","Rwanda",-1.9403,29.8739,370,256,1,2020-05-31,11,6,0,FALSE,FALSE,"RW","RWA",
"","Rwanda",-1.9403,29.8739,377,262,1,2020-06-01,7,6,0,FALSE,FALSE,"RW","RWA",
"","Rwanda",-1.9403,29.8739,384,269,2,2020-06-02,7,7,1,FALSE,FALSE,"RW","RWA",
"","Rwanda",-1.9403,29.8739,397,271,2,2020-06-03,13,2,0,FALSE,FALSE,"RW","RWA",
"","Rwanda",-1.9403,29.8739,410,280,2,2020-06-04,13,9,0,FALSE,FALSE,"RW","RWA",
"","Rwanda",-1.9403,29.8739,420,282,2,2020-06-05,10,2,0,FALSE,FALSE,"RW","RWA",
"","Rwanda",-1.9403,29.8739,431,283,2,2020-06-06,11,1,0,FALSE,FALSE,"RW","RWA",
