"Province.State","Country.Region","Lat","Long","confirmed","recovered","deaths","date","confirmed_new","recovered_new","deaths_new","hasErrors","hasParent","country_code","country_code3","territory_code"
"","Sierra Leone",8.460555,-11.779889,0,0,0,2020-01-22,0,0,0,FALSE,FALSE,"SL","SLE",
"","Sierra Leone",8.460555,-11.779889,0,0,0,2020-01-23,0,0,0,FALSE,FALSE,"SL","SLE",
"","Sierra Leone",8.460555,-11.779889,0,0,0,2020-01-24,0,0,0,FALSE,FALSE,"SL","SLE",
"","Sierra Leone",8.460555,-11.779889,0,0,0,2020-01-25,0,0,0,FALSE,FALSE,"SL","SLE",
"","Sierra Leone",8.460555,-11.779889,0,0,0,2020-01-26,0,0,0,FALSE,FALSE,"SL","SLE",
"","Sierra Leone",8.460555,-11.779889,0,0,0,2020-01-27,0,0,0,FALSE,FALSE,"SL","SLE",
"","Sierra Leone",8.460555,-11.779889,0,0,0,2020-01-28,0,0,0,FALSE,FALSE,"SL","SLE",
"","Sierra Leone",8.460555,-11.779889,0,0,0,2020-01-29,0,0,0,FALSE,FALSE,"SL","SLE",
"","Sierra Leone",8.460555,-11.779889,0,0,0,2020-01-30,0,0,0,FALSE,FALSE,"SL","SLE",
"","Sierra Leone",8.460555,-11.779889,0,0,0,2020-01-31,0,0,0,FALSE,FALSE,"SL","SLE",
"","Sierra Leone",8.460555,-11.779889,0,0,0,2020-02-01,0,0,0,FALSE,FALSE,"SL","SLE",
"","Sierra Leone",8.460555,-11.779889,0,0,0,2020-02-02,0,0,0,FALSE,FALSE,"SL","SLE",
"","Sierra Leone",8.460555,-11.779889,0,0,0,2020-02-03,0,0,0,FALSE,FALSE,"SL","SLE",
"","Sierra Leone",8.460555,-11.779889,0,0,0,2020-02-04,0,0,0,FALSE,FALSE,"SL","SLE",
"","Sierra Leone",8.460555,-11.779889,0,0,0,2020-02-05,0,0,0,FALSE,FALSE,"SL","SLE",
"","Sierra Leone",8.460555,-11.779889,0,0,0,2020-02-06,0,0,0,FALSE,FALSE,"SL","SLE",
"","Sierra Leone",8.460555,-11.779889,0,0,0,2020-02-07,0,0,0,FALSE,FALSE,"SL","SLE",
"","Sierra Leone",8.460555,-11.779889,0,0,0,2020-02-08,0,0,0,FALSE,FALSE,"SL","SLE",
"","Sierra Leone",8.460555,-11.779889,0,0,0,2020-02-09,0,0,0,FALSE,FALSE,"SL","SLE",
"","Sierra Leone",8.460555,-11.779889,0,0,0,2020-02-10,0,0,0,FALSE,FALSE,"SL","SLE",
"","Sierra Leone",8.460555,-11.779889,0,0,0,2020-02-11,0,0,0,FALSE,FALSE,"SL","SLE",
"","Sierra Leone",8.460555,-11.779889,0,0,0,2020-02-12,0,0,0,FALSE,FALSE,"SL","SLE",
"","Sierra Leone",8.460555,-11.779889,0,0,0,2020-02-13,0,0,0,FALSE,FALSE,"SL","SLE",
"","Sierra Leone",8.460555,-11.779889,0,0,0,2020-02-14,0,0,0,FALSE,FALSE,"SL","SLE",
"","Sierra Leone",8.460555,-11.779889,0,0,0,2020-02-15,0,0,0,FALSE,FALSE,"SL","SLE",
"","Sierra Leone",8.460555,-11.779889,0,0,0,2020-02-16,0,0,0,FALSE,FALSE,"SL","SLE",
"","Sierra Leone",8.460555,-11.779889,0,0,0,2020-02-17,0,0,0,FALSE,FALSE,"SL","SLE",
"","Sierra Leone",8.460555,-11.779889,0,0,0,2020-02-18,0,0,0,FALSE,FALSE,"SL","SLE",
"","Sierra Leone",8.460555,-11.779889,0,0,0,2020-02-19,0,0,0,FALSE,FALSE,"SL","SLE",
"","Sierra Leone",8.460555,-11.779889,0,0,0,2020-02-20,0,0,0,FALSE,FALSE,"SL","SLE",
"","Sierra Leone",8.460555,-11.779889,0,0,0,2020-02-21,0,0,0,FALSE,FALSE,"SL","SLE",
"","Sierra Leone",8.460555,-11.779889,0,0,0,2020-02-22,0,0,0,FALSE,FALSE,"SL","SLE",
"","Sierra Leone",8.460555,-11.779889,0,0,0,2020-02-23,0,0,0,FALSE,FALSE,"SL","SLE",
"","Sierra Leone",8.460555,-11.779889,0,0,0,2020-02-24,0,0,0,FALSE,FALSE,"SL","SLE",
"","Sierra Leone",8.460555,-11.779889,0,0,0,2020-02-25,0,0,0,FALSE,FALSE,"SL","SLE",
"","Sierra Leone",8.460555,-11.779889,0,0,0,2020-02-26,0,0,0,FALSE,FALSE,"SL","SLE",
"","Sierra Leone",8.460555,-11.779889,0,0,0,2020-02-27,0,0,0,FALSE,FALSE,"SL","SLE",
"","Sierra Leone",8.460555,-11.779889,0,0,0,2020-02-28,0,0,0,FALSE,FALSE,"SL","SLE",
"","Sierra Leone",8.460555,-11.779889,0,0,0,2020-02-29,0,0,0,FALSE,FALSE,"SL","SLE",
"","Sierra Leone",8.460555,-11.779889,0,0,0,2020-03-01,0,0,0,FALSE,FALSE,"SL","SLE",
"","Sierra Leone",8.460555,-11.779889,0,0,0,2020-03-02,0,0,0,FALSE,FALSE,"SL","SLE",
"","Sierra Leone",8.460555,-11.779889,0,0,0,2020-03-03,0,0,0,FALSE,FALSE,"SL","SLE",
"","Sierra Leone",8.460555,-11.779889,0,0,0,2020-03-04,0,0,0,FALSE,FALSE,"SL","SLE",
"","Sierra Leone",8.460555,-11.779889,0,0,0,2020-03-05,0,0,0,FALSE,FALSE,"SL","SLE",
"","Sierra Leone",8.460555,-11.779889,0,0,0,2020-03-06,0,0,0,FALSE,FALSE,"SL","SLE",
"","Sierra Leone",8.460555,-11.779889,0,0,0,2020-03-07,0,0,0,FALSE,FALSE,"SL","SLE",
"","Sierra Leone",8.460555,-11.779889,0,0,0,2020-03-08,0,0,0,FALSE,FALSE,"SL","SLE",
"","Sierra Leone",8.460555,-11.779889,0,0,0,2020-03-09,0,0,0,FALSE,FALSE,"SL","SLE",
"","Sierra Leone",8.460555,-11.779889,0,0,0,2020-03-10,0,0,0,FALSE,FALSE,"SL","SLE",
"","Sierra Leone",8.460555,-11.779889,0,0,0,2020-03-11,0,0,0,FALSE,FALSE,"SL","SLE",
"","Sierra Leone",8.460555,-11.779889,0,0,0,2020-03-12,0,0,0,FALSE,FALSE,"SL","SLE",
"","Sierra Leone",8.460555,-11.779889,0,0,0,2020-03-13,0,0,0,FALSE,FALSE,"SL","SLE",
"","Sierra Leone",8.460555,-11.779889,0,0,0,2020-03-14,0,0,0,FALSE,FALSE,"SL","SLE",
"","Sierra Leone",8.460555,-11.779889,0,0,0,2020-03-15,0,0,0,FALSE,FALSE,"SL","SLE",
"","Sierra Leone",8.460555,-11.779889,0,0,0,2020-03-16,0,0,0,FALSE,FALSE,"SL","SLE",
"","Sierra Leone",8.460555,-11.779889,0,0,0,2020-03-17,0,0,0,FALSE,FALSE,"SL","SLE",
"","Sierra Leone",8.460555,-11.779889,0,0,0,2020-03-18,0,0,0,FALSE,FALSE,"SL","SLE",
"","Sierra Leone",8.460555,-11.779889,0,0,0,2020-03-19,0,0,0,FALSE,FALSE,"SL","SLE",
"","Sierra Leone",8.460555,-11.779889,0,0,0,2020-03-20,0,0,0,FALSE,FALSE,"SL","SLE",
"","Sierra Leone",8.460555,-11.779889,0,0,0,2020-03-21,0,0,0,FALSE,FALSE,"SL","SLE",
"","Sierra Leone",8.460555,-11.779889,0,0,0,2020-03-22,0,0,0,FALSE,FALSE,"SL","SLE",
"","Sierra Leone",8.460555,-11.779889,0,0,0,2020-03-23,0,0,0,FALSE,FALSE,"SL","SLE",
"","Sierra Leone",8.460555,-11.779889,0,0,0,2020-03-24,0,0,0,FALSE,FALSE,"SL","SLE",
"","Sierra Leone",8.460555,-11.779889,0,0,0,2020-03-25,0,0,0,FALSE,FALSE,"SL","SLE",
"","Sierra Leone",8.460555,-11.779889,0,0,0,2020-03-26,0,0,0,FALSE,FALSE,"SL","SLE",
"","Sierra Leone",8.460555,-11.779889,0,0,0,2020-03-27,0,0,0,FALSE,FALSE,"SL","SLE",
"","Sierra Leone",8.460555,-11.779889,0,0,0,2020-03-28,0,0,0,FALSE,FALSE,"SL","SLE",
"","Sierra Leone",8.460555,-11.779889,0,0,0,2020-03-29,0,0,0,FALSE,FALSE,"SL","SLE",
"","Sierra Leone",8.460555,-11.779889,0,0,0,2020-03-30,0,0,0,FALSE,FALSE,"SL","SLE",
"","Sierra Leone",8.460555,-11.779889,1,0,0,2020-03-31,1,0,0,FALSE,FALSE,"SL","SLE",
"","Sierra Leone",8.460555,-11.779889,2,0,0,2020-04-01,1,0,0,FALSE,FALSE,"SL","SLE",
"","Sierra Leone",8.460555,-11.779889,2,0,0,2020-04-02,0,0,0,FALSE,FALSE,"SL","SLE",
"","Sierra Leone",8.460555,-11.779889,2,0,0,2020-04-03,0,0,0,FALSE,FALSE,"SL","SLE",
"","Sierra Leone",8.460555,-11.779889,4,0,0,2020-04-04,2,0,0,FALSE,FALSE,"SL","SLE",
"","Sierra Leone",8.460555,-11.779889,6,0,0,2020-04-05,2,0,0,FALSE,FALSE,"SL","SLE",
"","Sierra Leone",8.460555,-11.779889,6,0,0,2020-04-06,0,0,0,FALSE,FALSE,"SL","SLE",
"","Sierra Leone",8.460555,-11.779889,6,0,0,2020-04-07,0,0,0,FALSE,FALSE,"SL","SLE",
"","Sierra Leone",8.460555,-11.779889,7,0,0,2020-04-08,1,0,0,FALSE,FALSE,"SL","SLE",
"","Sierra Leone",8.460555,-11.779889,7,0,0,2020-04-09,0,0,0,FALSE,FALSE,"SL","SLE",
"","Sierra Leone",8.460555,-11.779889,8,0,0,2020-04-10,1,0,0,FALSE,FALSE,"SL","SLE",
"","Sierra Leone",8.460555,-11.779889,8,0,0,2020-04-11,0,0,0,FALSE,FALSE,"SL","SLE",
"","Sierra Leone",8.460555,-11.779889,10,0,0,2020-04-12,2,0,0,FALSE,FALSE,"SL","SLE",
"","Sierra Leone",8.460555,-11.779889,10,0,0,2020-04-13,0,0,0,FALSE,FALSE,"SL","SLE",
"","Sierra Leone",8.460555,-11.779889,11,0,0,2020-04-14,1,0,0,FALSE,FALSE,"SL","SLE",
"","Sierra Leone",8.460555,-11.779889,13,0,0,2020-04-15,2,0,0,FALSE,FALSE,"SL","SLE",
"","Sierra Leone",8.460555,-11.779889,15,0,0,2020-04-16,2,0,0,FALSE,FALSE,"SL","SLE",
"","Sierra Leone",8.460555,-11.779889,26,0,0,2020-04-17,11,0,0,FALSE,FALSE,"SL","SLE",
"","Sierra Leone",8.460555,-11.779889,30,0,0,2020-04-18,4,0,0,FALSE,FALSE,"SL","SLE",
"","Sierra Leone",8.460555,-11.779889,35,6,0,2020-04-19,5,6,0,FALSE,FALSE,"SL","SLE",
"","Sierra Leone",8.460555,-11.779889,43,6,0,2020-04-20,8,0,0,FALSE,FALSE,"SL","SLE",
"","Sierra Leone",8.460555,-11.779889,50,6,0,2020-04-21,7,0,0,FALSE,FALSE,"SL","SLE",
"","Sierra Leone",8.460555,-11.779889,61,6,0,2020-04-22,11,0,0,FALSE,FALSE,"SL","SLE",
"","Sierra Leone",8.460555,-11.779889,64,10,1,2020-04-23,3,4,1,FALSE,FALSE,"SL","SLE",
"","Sierra Leone",8.460555,-11.779889,82,10,2,2020-04-24,18,0,1,FALSE,FALSE,"SL","SLE",
"","Sierra Leone",8.460555,-11.779889,82,10,2,2020-04-25,0,0,0,FALSE,FALSE,"SL","SLE",
"","Sierra Leone",8.460555,-11.779889,93,10,4,2020-04-26,11,0,2,FALSE,FALSE,"SL","SLE",
"","Sierra Leone",8.460555,-11.779889,93,10,4,2020-04-27,0,0,0,FALSE,FALSE,"SL","SLE",
"","Sierra Leone",8.460555,-11.779889,104,12,4,2020-04-28,11,2,0,FALSE,FALSE,"SL","SLE",
"","Sierra Leone",8.460555,-11.779889,104,12,4,2020-04-29,0,0,0,FALSE,FALSE,"SL","SLE",
"","Sierra Leone",8.460555,-11.779889,124,21,7,2020-04-30,20,9,3,FALSE,FALSE,"SL","SLE",
"","Sierra Leone",8.460555,-11.779889,136,21,7,2020-05-01,12,0,0,FALSE,FALSE,"SL","SLE",
"","Sierra Leone",8.460555,-11.779889,155,21,8,2020-05-02,19,0,1,FALSE,FALSE,"SL","SLE",
"","Sierra Leone",8.460555,-11.779889,166,29,8,2020-05-03,11,8,0,FALSE,FALSE,"SL","SLE",
"","Sierra Leone",8.460555,-11.779889,178,37,9,2020-05-04,12,8,1,FALSE,FALSE,"SL","SLE",
"","Sierra Leone",8.460555,-11.779889,199,43,11,2020-05-05,21,6,2,FALSE,FALSE,"SL","SLE",
"","Sierra Leone",8.460555,-11.779889,225,54,14,2020-05-06,26,11,3,FALSE,FALSE,"SL","SLE",
"","Sierra Leone",8.460555,-11.779889,231,54,16,2020-05-07,6,0,2,FALSE,FALSE,"SL","SLE",
"","Sierra Leone",8.460555,-11.779889,257,54,17,2020-05-08,26,0,1,FALSE,FALSE,"SL","SLE",
"","Sierra Leone",8.460555,-11.779889,291,58,18,2020-05-09,34,4,1,FALSE,FALSE,"SL","SLE",
"","Sierra Leone",8.460555,-11.779889,307,67,18,2020-05-10,16,9,0,FALSE,FALSE,"SL","SLE",
"","Sierra Leone",8.460555,-11.779889,338,72,19,2020-05-11,31,5,1,FALSE,FALSE,"SL","SLE",
"","Sierra Leone",8.460555,-11.779889,338,72,19,2020-05-12,0,0,0,FALSE,FALSE,"SL","SLE",
"","Sierra Leone",8.460555,-11.779889,387,97,26,2020-05-13,49,25,7,FALSE,FALSE,"SL","SLE",
"","Sierra Leone",8.460555,-11.779889,408,97,26,2020-05-14,21,0,0,FALSE,FALSE,"SL","SLE",
"","Sierra Leone",8.460555,-11.779889,447,97,27,2020-05-15,39,0,1,FALSE,FALSE,"SL","SLE",
"","Sierra Leone",8.460555,-11.779889,462,106,29,2020-05-16,15,9,2,FALSE,FALSE,"SL","SLE",
"","Sierra Leone",8.460555,-11.779889,505,141,32,2020-05-17,43,35,3,FALSE,FALSE,"SL","SLE",
"","Sierra Leone",8.460555,-11.779889,519,148,33,2020-05-18,14,7,1,FALSE,FALSE,"SL","SLE",
"","Sierra Leone",8.460555,-11.779889,534,167,33,2020-05-19,15,19,0,FALSE,FALSE,"SL","SLE",
"","Sierra Leone",8.460555,-11.779889,570,205,34,2020-05-20,36,38,1,FALSE,FALSE,"SL","SLE",
"","Sierra Leone",8.460555,-11.779889,585,205,35,2020-05-21,15,0,1,FALSE,FALSE,"SL","SLE",
"","Sierra Leone",8.460555,-11.779889,606,230,38,2020-05-22,21,25,3,FALSE,FALSE,"SL","SLE",
"","Sierra Leone",8.460555,-11.779889,621,241,39,2020-05-23,15,11,1,FALSE,FALSE,"SL","SLE",
"","Sierra Leone",8.460555,-11.779889,707,241,40,2020-05-24,86,0,1,FALSE,FALSE,"SL","SLE",
"","Sierra Leone",8.460555,-11.779889,735,293,42,2020-05-25,28,52,2,FALSE,FALSE,"SL","SLE",
"","Sierra Leone",8.460555,-11.779889,754,297,44,2020-05-26,19,4,2,FALSE,FALSE,"SL","SLE",
"","Sierra Leone",8.460555,-11.779889,782,297,45,2020-05-27,28,0,1,FALSE,FALSE,"SL","SLE",
"","Sierra Leone",8.460555,-11.779889,812,361,45,2020-05-28,30,64,0,FALSE,FALSE,"SL","SLE",
"","Sierra Leone",8.460555,-11.779889,829,386,45,2020-05-29,17,25,0,FALSE,FALSE,"SL","SLE",
"","Sierra Leone",8.460555,-11.779889,852,415,46,2020-05-30,23,29,1,FALSE,FALSE,"SL","SLE",
"","Sierra Leone",8.460555,-11.779889,861,454,46,2020-05-31,9,39,0,FALSE,FALSE,"SL","SLE",
"","Sierra Leone",8.460555,-11.779889,865,475,46,2020-06-01,4,21,0,FALSE,FALSE,"SL","SLE",
"","Sierra Leone",8.460555,-11.779889,896,480,46,2020-06-02,31,5,0,FALSE,FALSE,"SL","SLE",
"","Sierra Leone",8.460555,-11.779889,909,491,47,2020-06-03,13,11,1,FALSE,FALSE,"SL","SLE",
"","Sierra Leone",8.460555,-11.779889,914,491,47,2020-06-04,5,0,0,FALSE,FALSE,"SL","SLE",
"","Sierra Leone",8.460555,-11.779889,929,580,47,2020-06-05,15,89,0,FALSE,FALSE,"SL","SLE",
"","Sierra Leone",8.460555,-11.779889,946,600,48,2020-06-06,17,20,1,FALSE,FALSE,"SL","SLE",
"","Sierra Leone",8.460555,-11.779889,969,608,48,2020-06-07,23,8,0,FALSE,FALSE,"SL","SLE",
"","Sierra Leone",8.460555,-11.779889,1001,611,49,2020-06-08,32,3,1,FALSE,FALSE,"SL","SLE",
"","Sierra Leone",8.460555,-11.779889,1025,621,50,2020-06-09,24,10,1,FALSE,FALSE,"SL","SLE",
"","Sierra Leone",8.460555,-11.779889,1062,637,50,2020-06-10,37,16,0,FALSE,FALSE,"SL","SLE",
"","Sierra Leone",8.460555,-11.779889,1085,642,50,2020-06-11,23,5,0,FALSE,FALSE,"SL","SLE",
"","Sierra Leone",8.460555,-11.779889,1103,648,51,2020-06-12,18,6,1,FALSE,FALSE,"SL","SLE",
"","Sierra Leone",8.460555,-11.779889,1132,670,51,2020-06-13,29,22,0,FALSE,FALSE,"SL","SLE",
"","Sierra Leone",8.460555,-11.779889,1169,680,51,2020-06-14,37,10,0,FALSE,FALSE,"SL","SLE",
"","Sierra Leone",8.460555,-11.779889,1176,683,51,2020-06-15,7,3,0,FALSE,FALSE,"SL","SLE",
"","Sierra Leone",8.460555,-11.779889,1225,686,51,2020-06-16,49,3,0,FALSE,FALSE,"SL","SLE",
"","Sierra Leone",8.460555,-11.779889,1249,707,51,2020-06-17,24,21,0,FALSE,FALSE,"SL","SLE",
"","Sierra Leone",8.460555,-11.779889,1272,710,51,2020-06-18,23,3,0,FALSE,FALSE,"SL","SLE",
"","Sierra Leone",8.460555,-11.779889,1298,732,53,2020-06-19,26,22,2,FALSE,FALSE,"SL","SLE",
"","Sierra Leone",8.460555,-11.779889,1309,746,53,2020-06-20,11,14,0,FALSE,FALSE,"SL","SLE",
"","Sierra Leone",8.460555,-11.779889,1327,788,55,2020-06-21,18,42,2,FALSE,FALSE,"SL","SLE",
"","Sierra Leone",8.460555,-11.779889,1340,788,55,2020-06-22,13,0,0,FALSE,FALSE,"SL","SLE",
