"Province.State","Country.Region","Lat","Long","confirmed","recovered","deaths","date","confirmed_new","recovered_new","deaths_new","hasErrors","hasParent","country_code","country_code3","territory_code"
"","Senegal",14.4974,-14.4524,0,0,0,2020-01-22,0,0,0,FALSE,FALSE,"SN","SEN",
"","Senegal",14.4974,-14.4524,0,0,0,2020-01-23,0,0,0,FALSE,FALSE,"SN","SEN",
"","Senegal",14.4974,-14.4524,0,0,0,2020-01-24,0,0,0,FALSE,FALSE,"SN","SEN",
"","Senegal",14.4974,-14.4524,0,0,0,2020-01-25,0,0,0,FALSE,FALSE,"SN","SEN",
"","Senegal",14.4974,-14.4524,0,0,0,2020-01-26,0,0,0,FALSE,FALSE,"SN","SEN",
"","Senegal",14.4974,-14.4524,0,0,0,2020-01-27,0,0,0,FALSE,FALSE,"SN","SEN",
"","Senegal",14.4974,-14.4524,0,0,0,2020-01-28,0,0,0,FALSE,FALSE,"SN","SEN",
"","Senegal",14.4974,-14.4524,0,0,0,2020-01-29,0,0,0,FALSE,FALSE,"SN","SEN",
"","Senegal",14.4974,-14.4524,0,0,0,2020-01-30,0,0,0,FALSE,FALSE,"SN","SEN",
"","Senegal",14.4974,-14.4524,0,0,0,2020-01-31,0,0,0,FALSE,FALSE,"SN","SEN",
"","Senegal",14.4974,-14.4524,0,0,0,2020-02-01,0,0,0,FALSE,FALSE,"SN","SEN",
"","Senegal",14.4974,-14.4524,0,0,0,2020-02-02,0,0,0,FALSE,FALSE,"SN","SEN",
"","Senegal",14.4974,-14.4524,0,0,0,2020-02-03,0,0,0,FALSE,FALSE,"SN","SEN",
"","Senegal",14.4974,-14.4524,0,0,0,2020-02-04,0,0,0,FALSE,FALSE,"SN","SEN",
"","Senegal",14.4974,-14.4524,0,0,0,2020-02-05,0,0,0,FALSE,FALSE,"SN","SEN",
"","Senegal",14.4974,-14.4524,0,0,0,2020-02-06,0,0,0,FALSE,FALSE,"SN","SEN",
"","Senegal",14.4974,-14.4524,0,0,0,2020-02-07,0,0,0,FALSE,FALSE,"SN","SEN",
"","Senegal",14.4974,-14.4524,0,0,0,2020-02-08,0,0,0,FALSE,FALSE,"SN","SEN",
"","Senegal",14.4974,-14.4524,0,0,0,2020-02-09,0,0,0,FALSE,FALSE,"SN","SEN",
"","Senegal",14.4974,-14.4524,0,0,0,2020-02-10,0,0,0,FALSE,FALSE,"SN","SEN",
"","Senegal",14.4974,-14.4524,0,0,0,2020-02-11,0,0,0,FALSE,FALSE,"SN","SEN",
"","Senegal",14.4974,-14.4524,0,0,0,2020-02-12,0,0,0,FALSE,FALSE,"SN","SEN",
"","Senegal",14.4974,-14.4524,0,0,0,2020-02-13,0,0,0,FALSE,FALSE,"SN","SEN",
"","Senegal",14.4974,-14.4524,0,0,0,2020-02-14,0,0,0,FALSE,FALSE,"SN","SEN",
"","Senegal",14.4974,-14.4524,0,0,0,2020-02-15,0,0,0,FALSE,FALSE,"SN","SEN",
"","Senegal",14.4974,-14.4524,0,0,0,2020-02-16,0,0,0,FALSE,FALSE,"SN","SEN",
"","Senegal",14.4974,-14.4524,0,0,0,2020-02-17,0,0,0,FALSE,FALSE,"SN","SEN",
"","Senegal",14.4974,-14.4524,0,0,0,2020-02-18,0,0,0,FALSE,FALSE,"SN","SEN",
"","Senegal",14.4974,-14.4524,0,0,0,2020-02-19,0,0,0,FALSE,FALSE,"SN","SEN",
"","Senegal",14.4974,-14.4524,0,0,0,2020-02-20,0,0,0,FALSE,FALSE,"SN","SEN",
"","Senegal",14.4974,-14.4524,0,0,0,2020-02-21,0,0,0,FALSE,FALSE,"SN","SEN",
"","Senegal",14.4974,-14.4524,0,0,0,2020-02-22,0,0,0,FALSE,FALSE,"SN","SEN",
"","Senegal",14.4974,-14.4524,0,0,0,2020-02-23,0,0,0,FALSE,FALSE,"SN","SEN",
"","Senegal",14.4974,-14.4524,0,0,0,2020-02-24,0,0,0,FALSE,FALSE,"SN","SEN",
"","Senegal",14.4974,-14.4524,0,0,0,2020-02-25,0,0,0,FALSE,FALSE,"SN","SEN",
"","Senegal",14.4974,-14.4524,0,0,0,2020-02-26,0,0,0,FALSE,FALSE,"SN","SEN",
"","Senegal",14.4974,-14.4524,0,0,0,2020-02-27,0,0,0,FALSE,FALSE,"SN","SEN",
"","Senegal",14.4974,-14.4524,0,0,0,2020-02-28,0,0,0,FALSE,FALSE,"SN","SEN",
"","Senegal",14.4974,-14.4524,0,0,0,2020-02-29,0,0,0,FALSE,FALSE,"SN","SEN",
"","Senegal",14.4974,-14.4524,0,0,0,2020-03-01,0,0,0,FALSE,FALSE,"SN","SEN",
"","Senegal",14.4974,-14.4524,1,0,0,2020-03-02,1,0,0,FALSE,FALSE,"SN","SEN",
"","Senegal",14.4974,-14.4524,2,0,0,2020-03-03,1,0,0,FALSE,FALSE,"SN","SEN",
"","Senegal",14.4974,-14.4524,4,0,0,2020-03-04,2,0,0,FALSE,FALSE,"SN","SEN",
"","Senegal",14.4974,-14.4524,4,0,0,2020-03-05,0,0,0,FALSE,FALSE,"SN","SEN",
"","Senegal",14.4974,-14.4524,4,0,0,2020-03-06,0,0,0,FALSE,FALSE,"SN","SEN",
"","Senegal",14.4974,-14.4524,4,0,0,2020-03-07,0,0,0,FALSE,FALSE,"SN","SEN",
"","Senegal",14.4974,-14.4524,4,1,0,2020-03-08,0,1,0,FALSE,FALSE,"SN","SEN",
"","Senegal",14.4974,-14.4524,4,1,0,2020-03-09,0,0,0,FALSE,FALSE,"SN","SEN",
"","Senegal",14.4974,-14.4524,4,1,0,2020-03-10,0,0,0,FALSE,FALSE,"SN","SEN",
"","Senegal",14.4974,-14.4524,4,1,0,2020-03-11,0,0,0,FALSE,FALSE,"SN","SEN",
"","Senegal",14.4974,-14.4524,4,1,0,2020-03-12,0,0,0,FALSE,FALSE,"SN","SEN",
"","Senegal",14.4974,-14.4524,10,1,0,2020-03-13,6,0,0,FALSE,FALSE,"SN","SEN",
"","Senegal",14.4974,-14.4524,10,1,0,2020-03-14,0,0,0,FALSE,FALSE,"SN","SEN",
"","Senegal",14.4974,-14.4524,24,1,0,2020-03-15,14,0,0,FALSE,FALSE,"SN","SEN",
"","Senegal",14.4974,-14.4524,24,2,0,2020-03-16,0,1,0,FALSE,FALSE,"SN","SEN",
"","Senegal",14.4974,-14.4524,26,2,0,2020-03-17,2,0,0,FALSE,FALSE,"SN","SEN",
"","Senegal",14.4974,-14.4524,31,2,0,2020-03-18,5,0,0,FALSE,FALSE,"SN","SEN",
"","Senegal",14.4974,-14.4524,31,2,0,2020-03-19,0,0,0,FALSE,FALSE,"SN","SEN",
"","Senegal",14.4974,-14.4524,38,2,0,2020-03-20,7,0,0,FALSE,FALSE,"SN","SEN",
"","Senegal",14.4974,-14.4524,47,5,0,2020-03-21,9,3,0,FALSE,FALSE,"SN","SEN",
"","Senegal",14.4974,-14.4524,67,5,0,2020-03-22,20,0,0,FALSE,FALSE,"SN","SEN",
"","Senegal",14.4974,-14.4524,79,5,0,2020-03-23,12,0,0,FALSE,FALSE,"SN","SEN",
"","Senegal",14.4974,-14.4524,86,8,0,2020-03-24,7,3,0,FALSE,FALSE,"SN","SEN",
"","Senegal",14.4974,-14.4524,99,9,0,2020-03-25,13,1,0,FALSE,FALSE,"SN","SEN",
"","Senegal",14.4974,-14.4524,105,9,0,2020-03-26,6,0,0,FALSE,FALSE,"SN","SEN",
"","Senegal",14.4974,-14.4524,119,11,0,2020-03-27,14,2,0,FALSE,FALSE,"SN","SEN",
"","Senegal",14.4974,-14.4524,130,18,0,2020-03-28,11,7,0,FALSE,FALSE,"SN","SEN",
"","Senegal",14.4974,-14.4524,142,27,0,2020-03-29,12,9,0,FALSE,FALSE,"SN","SEN",
"","Senegal",14.4974,-14.4524,162,27,0,2020-03-30,20,0,0,FALSE,FALSE,"SN","SEN",
"","Senegal",14.4974,-14.4524,175,40,0,2020-03-31,13,13,0,FALSE,FALSE,"SN","SEN",
"","Senegal",14.4974,-14.4524,190,45,1,2020-04-01,15,5,1,FALSE,FALSE,"SN","SEN",
"","Senegal",14.4974,-14.4524,195,55,1,2020-04-02,5,10,0,FALSE,FALSE,"SN","SEN",
"","Senegal",14.4974,-14.4524,207,66,1,2020-04-03,12,11,0,FALSE,FALSE,"SN","SEN",
"","Senegal",14.4974,-14.4524,219,72,2,2020-04-04,12,6,1,FALSE,FALSE,"SN","SEN",
"","Senegal",14.4974,-14.4524,222,82,2,2020-04-05,3,10,0,FALSE,FALSE,"SN","SEN",
"","Senegal",14.4974,-14.4524,226,92,2,2020-04-06,4,10,0,FALSE,FALSE,"SN","SEN",
"","Senegal",14.4974,-14.4524,237,105,2,2020-04-07,11,13,0,FALSE,FALSE,"SN","SEN",
"","Senegal",14.4974,-14.4524,244,113,2,2020-04-08,7,8,0,FALSE,FALSE,"SN","SEN",
"","Senegal",14.4974,-14.4524,250,123,2,2020-04-09,6,10,0,FALSE,FALSE,"SN","SEN",
"","Senegal",14.4974,-14.4524,265,137,2,2020-04-10,15,14,0,FALSE,FALSE,"SN","SEN",
"","Senegal",14.4974,-14.4524,278,152,2,2020-04-11,13,15,0,FALSE,FALSE,"SN","SEN",
"","Senegal",14.4974,-14.4524,280,171,2,2020-04-12,2,19,0,FALSE,FALSE,"SN","SEN",
"","Senegal",14.4974,-14.4524,291,178,2,2020-04-13,11,7,0,FALSE,FALSE,"SN","SEN",
"","Senegal",14.4974,-14.4524,299,183,2,2020-04-14,8,5,0,FALSE,FALSE,"SN","SEN",
"","Senegal",14.4974,-14.4524,314,190,2,2020-04-15,15,7,0,FALSE,FALSE,"SN","SEN",
"","Senegal",14.4974,-14.4524,335,194,2,2020-04-16,21,4,0,FALSE,FALSE,"SN","SEN",
"","Senegal",14.4974,-14.4524,342,198,2,2020-04-17,7,4,0,FALSE,FALSE,"SN","SEN",
"","Senegal",14.4974,-14.4524,350,211,3,2020-04-18,8,13,1,FALSE,FALSE,"SN","SEN",
"","Senegal",14.4974,-14.4524,367,220,3,2020-04-19,17,9,0,FALSE,FALSE,"SN","SEN",
"","Senegal",14.4974,-14.4524,377,235,5,2020-04-20,10,15,2,FALSE,FALSE,"SN","SEN",
"","Senegal",14.4974,-14.4524,412,242,5,2020-04-21,35,7,0,FALSE,FALSE,"SN","SEN",
"","Senegal",14.4974,-14.4524,442,253,6,2020-04-22,30,11,1,FALSE,FALSE,"SN","SEN",
"","Senegal",14.4974,-14.4524,479,257,6,2020-04-23,37,4,0,FALSE,FALSE,"SN","SEN",
"","Senegal",14.4974,-14.4524,545,262,7,2020-04-24,66,5,1,FALSE,FALSE,"SN","SEN",
"","Senegal",14.4974,-14.4524,614,276,7,2020-04-25,69,14,0,FALSE,FALSE,"SN","SEN",
"","Senegal",14.4974,-14.4524,671,283,9,2020-04-26,57,7,2,FALSE,FALSE,"SN","SEN",
"","Senegal",14.4974,-14.4524,736,284,9,2020-04-27,65,1,0,FALSE,FALSE,"SN","SEN",
"","Senegal",14.4974,-14.4524,823,296,9,2020-04-28,87,12,0,FALSE,FALSE,"SN","SEN",
"","Senegal",14.4974,-14.4524,882,315,9,2020-04-29,59,19,0,FALSE,FALSE,"SN","SEN",
"","Senegal",14.4974,-14.4524,933,334,9,2020-04-30,51,19,0,FALSE,FALSE,"SN","SEN",
"","Senegal",14.4974,-14.4524,1024,356,9,2020-05-01,91,22,0,FALSE,FALSE,"SN","SEN",
"","Senegal",14.4974,-14.4524,1115,368,9,2020-05-02,91,12,0,FALSE,FALSE,"SN","SEN",
"","Senegal",14.4974,-14.4524,1182,372,9,2020-05-03,67,4,0,FALSE,FALSE,"SN","SEN",
"","Senegal",14.4974,-14.4524,1271,415,10,2020-05-04,89,43,1,FALSE,FALSE,"SN","SEN",
"","Senegal",14.4974,-14.4524,1329,470,11,2020-05-05,58,55,1,FALSE,FALSE,"SN","SEN",
"","Senegal",14.4974,-14.4524,1433,493,12,2020-05-06,104,23,1,FALSE,FALSE,"SN","SEN",
"","Senegal",14.4974,-14.4524,1492,562,13,2020-05-07,59,69,1,FALSE,FALSE,"SN","SEN",
"","Senegal",14.4974,-14.4524,1551,611,13,2020-05-08,59,49,0,FALSE,FALSE,"SN","SEN",
"","Senegal",14.4974,-14.4524,1634,643,17,2020-05-09,83,32,4,FALSE,FALSE,"SN","SEN",
"","Senegal",14.4974,-14.4524,1709,650,19,2020-05-10,75,7,2,FALSE,FALSE,"SN","SEN",
"","Senegal",14.4974,-14.4524,1886,715,19,2020-05-11,177,65,0,FALSE,FALSE,"SN","SEN",
"","Senegal",14.4974,-14.4524,1995,742,19,2020-05-12,109,27,0,FALSE,FALSE,"SN","SEN",
"","Senegal",14.4974,-14.4524,2105,782,21,2020-05-13,110,40,2,FALSE,FALSE,"SN","SEN",
"","Senegal",14.4974,-14.4524,2189,842,23,2020-05-14,84,60,2,FALSE,FALSE,"SN","SEN",
"","Senegal",14.4974,-14.4524,2310,890,25,2020-05-15,121,48,2,FALSE,FALSE,"SN","SEN",
"","Senegal",14.4974,-14.4524,2429,949,25,2020-05-16,119,59,0,FALSE,FALSE,"SN","SEN",
"","Senegal",14.4974,-14.4524,2480,973,25,2020-05-17,51,24,0,FALSE,FALSE,"SN","SEN",
"","Senegal",14.4974,-14.4524,2544,1076,26,2020-05-18,64,103,1,FALSE,FALSE,"SN","SEN",
"","Senegal",14.4974,-14.4524,2617,1133,30,2020-05-19,73,57,4,FALSE,FALSE,"SN","SEN",
"","Senegal",14.4974,-14.4524,2714,1186,30,2020-05-20,97,53,0,FALSE,FALSE,"SN","SEN",
"","Senegal",14.4974,-14.4524,2812,1251,33,2020-05-21,98,65,3,FALSE,FALSE,"SN","SEN",
"","Senegal",14.4974,-14.4524,2909,1311,33,2020-05-22,97,60,0,FALSE,FALSE,"SN","SEN",
"","Senegal",14.4974,-14.4524,2976,1416,34,2020-05-23,67,105,1,FALSE,FALSE,"SN","SEN",
"","Senegal",14.4974,-14.4524,3047,1456,35,2020-05-24,71,40,1,FALSE,FALSE,"SN","SEN",
"","Senegal",14.4974,-14.4524,3130,1515,35,2020-05-25,83,59,0,FALSE,FALSE,"SN","SEN",
"","Senegal",14.4974,-14.4524,3161,1565,36,2020-05-26,31,50,1,FALSE,FALSE,"SN","SEN",
"","Senegal",14.4974,-14.4524,3253,1586,38,2020-05-27,92,21,2,FALSE,FALSE,"SN","SEN",
"","Senegal",14.4974,-14.4524,3348,1686,39,2020-05-28,95,100,1,FALSE,FALSE,"SN","SEN",
"","Senegal",14.4974,-14.4524,3429,1738,41,2020-05-29,81,52,2,FALSE,FALSE,"SN","SEN",
"","Senegal",14.4974,-14.4524,3535,1761,42,2020-05-30,106,23,1,FALSE,FALSE,"SN","SEN",
"","Senegal",14.4974,-14.4524,3645,1801,42,2020-05-31,110,40,0,FALSE,FALSE,"SN","SEN",
"","Senegal",14.4974,-14.4524,3739,1858,42,2020-06-01,94,57,0,FALSE,FALSE,"SN","SEN",
"","Senegal",14.4974,-14.4524,3836,1954,43,2020-06-02,97,96,1,FALSE,FALSE,"SN","SEN",
"","Senegal",14.4974,-14.4524,3932,2063,45,2020-06-03,96,109,2,FALSE,FALSE,"SN","SEN",
"","Senegal",14.4974,-14.4524,4021,2162,45,2020-06-04,89,99,0,FALSE,FALSE,"SN","SEN",
"","Senegal",14.4974,-14.4524,4155,2276,45,2020-06-05,134,114,0,FALSE,FALSE,"SN","SEN",
"","Senegal",14.4974,-14.4524,4249,2512,47,2020-06-06,94,236,2,FALSE,FALSE,"SN","SEN",
"","Senegal",14.4974,-14.4524,4328,2588,49,2020-06-07,79,76,2,FALSE,FALSE,"SN","SEN",
"","Senegal",14.4974,-14.4524,4427,2699,49,2020-06-08,99,111,0,FALSE,FALSE,"SN","SEN",
"","Senegal",14.4974,-14.4524,4516,2809,52,2020-06-09,89,110,3,FALSE,FALSE,"SN","SEN",
"","Senegal",14.4974,-14.4524,4640,2885,52,2020-06-10,124,76,0,FALSE,FALSE,"SN","SEN",
"","Senegal",14.4974,-14.4524,4759,2994,55,2020-06-11,119,109,3,FALSE,FALSE,"SN","SEN",
"","Senegal",14.4974,-14.4524,4851,3100,56,2020-06-12,92,106,1,FALSE,FALSE,"SN","SEN",
"","Senegal",14.4974,-14.4524,4996,3228,60,2020-06-13,145,128,4,FALSE,FALSE,"SN","SEN",
"","Senegal",14.4974,-14.4524,5090,3344,60,2020-06-14,94,116,0,FALSE,FALSE,"SN","SEN",
"","Senegal",14.4974,-14.4524,5173,3424,64,2020-06-15,83,80,4,FALSE,FALSE,"SN","SEN",
"","Senegal",14.4974,-14.4524,5247,3525,70,2020-06-16,74,101,6,FALSE,FALSE,"SN","SEN",
"","Senegal",14.4974,-14.4524,5369,3606,73,2020-06-17,122,81,3,FALSE,FALSE,"SN","SEN",
"","Senegal",14.4974,-14.4524,5475,3716,76,2020-06-18,106,110,3,FALSE,FALSE,"SN","SEN",
"","Senegal",14.4974,-14.4524,5639,3788,79,2020-06-19,164,72,3,FALSE,FALSE,"SN","SEN",
"","Senegal",14.4974,-14.4524,5783,3859,82,2020-06-20,144,71,3,FALSE,FALSE,"SN","SEN",
"","Senegal",14.4974,-14.4524,5888,3919,84,2020-06-21,105,60,2,FALSE,FALSE,"SN","SEN",
"","Senegal",14.4974,-14.4524,5970,3953,86,2020-06-22,82,34,2,FALSE,FALSE,"SN","SEN",
"","Senegal",14.4974,-14.4524,6034,4046,89,2020-06-23,64,93,3,FALSE,FALSE,"SN","SEN",
"","Senegal",14.4974,-14.4524,6129,4072,93,2020-06-24,95,26,4,FALSE,FALSE,"SN","SEN",
"","Senegal",14.4974,-14.4524,6233,4162,94,2020-06-25,104,90,1,FALSE,FALSE,"SN","SEN",
"","Senegal",14.4974,-14.4524,6354,4193,98,2020-06-26,121,31,4,FALSE,FALSE,"SN","SEN",
"","Senegal",14.4974,-14.4524,6459,4255,102,2020-06-27,105,62,4,FALSE,FALSE,"SN","SEN",
"","Senegal",14.4974,-14.4524,6586,4291,105,2020-06-28,127,36,3,FALSE,FALSE,"SN","SEN",
"","Senegal",14.4974,-14.4524,6698,4341,108,2020-06-29,112,50,3,FALSE,FALSE,"SN","SEN",
"","Senegal",14.4974,-14.4524,6793,4431,112,2020-06-30,95,90,4,FALSE,FALSE,"SN","SEN",
