"Province.State","Country.Region","Lat","Long","confirmed","recovered","deaths","date","confirmed_new","recovered_new","deaths_new","hasErrors","hasParent","country_code","country_code3","territory_code"
"","Thailand",15.870032,100.992541,2,0,0,2020-01-22,2,0,0,FALSE,FALSE,"TH","THA",
"","Thailand",15.870032,100.992541,3,0,0,2020-01-23,1,0,0,FALSE,FALSE,"TH","THA",
"","Thailand",15.870032,100.992541,5,0,0,2020-01-24,2,0,0,FALSE,FALSE,"TH","THA",
"","Thailand",15.870032,100.992541,7,0,0,2020-01-25,2,0,0,FALSE,FALSE,"TH","THA",
"","Thailand",15.870032,100.992541,8,2,0,2020-01-26,1,2,0,FALSE,FALSE,"TH","THA",
"","Thailand",15.870032,100.992541,8,2,0,2020-01-27,0,0,0,FALSE,FALSE,"TH","THA",
"","Thailand",15.870032,100.992541,14,5,0,2020-01-28,6,3,0,FALSE,FALSE,"TH","THA",
"","Thailand",15.870032,100.992541,14,5,0,2020-01-29,0,0,0,FALSE,FALSE,"TH","THA",
"","Thailand",15.870032,100.992541,14,5,0,2020-01-30,0,0,0,FALSE,FALSE,"TH","THA",
"","Thailand",15.870032,100.992541,19,5,0,2020-01-31,5,0,0,FALSE,FALSE,"TH","THA",
"","Thailand",15.870032,100.992541,19,5,0,2020-02-01,0,0,0,FALSE,FALSE,"TH","THA",
"","Thailand",15.870032,100.992541,19,5,0,2020-02-02,0,0,0,FALSE,FALSE,"TH","THA",
"","Thailand",15.870032,100.992541,19,5,0,2020-02-03,0,0,0,FALSE,FALSE,"TH","THA",
"","Thailand",15.870032,100.992541,25,5,0,2020-02-04,6,0,0,FALSE,FALSE,"TH","THA",
"","Thailand",15.870032,100.992541,25,5,0,2020-02-05,0,0,0,FALSE,FALSE,"TH","THA",
"","Thailand",15.870032,100.992541,25,5,0,2020-02-06,0,0,0,FALSE,FALSE,"TH","THA",
"","Thailand",15.870032,100.992541,25,5,0,2020-02-07,0,0,0,FALSE,FALSE,"TH","THA",
"","Thailand",15.870032,100.992541,32,10,0,2020-02-08,7,5,0,FALSE,FALSE,"TH","THA",
"","Thailand",15.870032,100.992541,32,10,0,2020-02-09,0,0,0,FALSE,FALSE,"TH","THA",
"","Thailand",15.870032,100.992541,32,10,0,2020-02-10,0,0,0,FALSE,FALSE,"TH","THA",
"","Thailand",15.870032,100.992541,33,10,0,2020-02-11,1,0,0,FALSE,FALSE,"TH","THA",
"","Thailand",15.870032,100.992541,33,10,0,2020-02-12,0,0,0,FALSE,FALSE,"TH","THA",
"","Thailand",15.870032,100.992541,33,12,0,2020-02-13,0,2,0,FALSE,FALSE,"TH","THA",
"","Thailand",15.870032,100.992541,33,12,0,2020-02-14,0,0,0,FALSE,FALSE,"TH","THA",
"","Thailand",15.870032,100.992541,33,12,0,2020-02-15,0,0,0,FALSE,FALSE,"TH","THA",
"","Thailand",15.870032,100.992541,34,14,0,2020-02-16,1,2,0,FALSE,FALSE,"TH","THA",
"","Thailand",15.870032,100.992541,35,15,0,2020-02-17,1,1,0,FALSE,FALSE,"TH","THA",
"","Thailand",15.870032,100.992541,35,15,0,2020-02-18,0,0,0,FALSE,FALSE,"TH","THA",
"","Thailand",15.870032,100.992541,35,15,0,2020-02-19,0,0,0,FALSE,FALSE,"TH","THA",
"","Thailand",15.870032,100.992541,35,15,0,2020-02-20,0,0,0,FALSE,FALSE,"TH","THA",
"","Thailand",15.870032,100.992541,35,17,0,2020-02-21,0,2,0,FALSE,FALSE,"TH","THA",
"","Thailand",15.870032,100.992541,35,17,0,2020-02-22,0,0,0,FALSE,FALSE,"TH","THA",
"","Thailand",15.870032,100.992541,35,21,0,2020-02-23,0,4,0,FALSE,FALSE,"TH","THA",
"","Thailand",15.870032,100.992541,35,21,0,2020-02-24,0,0,0,FALSE,FALSE,"TH","THA",
"","Thailand",15.870032,100.992541,37,22,0,2020-02-25,2,1,0,FALSE,FALSE,"TH","THA",
"","Thailand",15.870032,100.992541,40,22,0,2020-02-26,3,0,0,FALSE,FALSE,"TH","THA",
"","Thailand",15.870032,100.992541,40,22,0,2020-02-27,0,0,0,FALSE,FALSE,"TH","THA",
"","Thailand",15.870032,100.992541,41,28,0,2020-02-28,1,6,0,FALSE,FALSE,"TH","THA",
"","Thailand",15.870032,100.992541,42,28,0,2020-02-29,1,0,0,FALSE,FALSE,"TH","THA",
"","Thailand",15.870032,100.992541,42,28,1,2020-03-01,0,0,1,FALSE,FALSE,"TH","THA",
"","Thailand",15.870032,100.992541,43,31,1,2020-03-02,1,3,0,FALSE,FALSE,"TH","THA",
"","Thailand",15.870032,100.992541,43,31,1,2020-03-03,0,0,0,FALSE,FALSE,"TH","THA",
"","Thailand",15.870032,100.992541,43,31,1,2020-03-04,0,0,0,FALSE,FALSE,"TH","THA",
"","Thailand",15.870032,100.992541,47,31,1,2020-03-05,4,0,0,FALSE,FALSE,"TH","THA",
"","Thailand",15.870032,100.992541,48,31,1,2020-03-06,1,0,0,FALSE,FALSE,"TH","THA",
"","Thailand",15.870032,100.992541,50,31,1,2020-03-07,2,0,0,FALSE,FALSE,"TH","THA",
"","Thailand",15.870032,100.992541,50,31,1,2020-03-08,0,0,0,FALSE,FALSE,"TH","THA",
"","Thailand",15.870032,100.992541,50,31,1,2020-03-09,0,0,0,FALSE,FALSE,"TH","THA",
"","Thailand",15.870032,100.992541,53,33,1,2020-03-10,3,2,0,FALSE,FALSE,"TH","THA",
"","Thailand",15.870032,100.992541,59,34,1,2020-03-11,6,1,0,FALSE,FALSE,"TH","THA",
"","Thailand",15.870032,100.992541,70,34,1,2020-03-12,11,0,0,FALSE,FALSE,"TH","THA",
"","Thailand",15.870032,100.992541,75,35,1,2020-03-13,5,1,0,FALSE,FALSE,"TH","THA",
"","Thailand",15.870032,100.992541,82,35,1,2020-03-14,7,0,0,FALSE,FALSE,"TH","THA",
"","Thailand",15.870032,100.992541,114,35,1,2020-03-15,32,0,0,FALSE,FALSE,"TH","THA",
"","Thailand",15.870032,100.992541,147,35,1,2020-03-16,33,0,0,FALSE,FALSE,"TH","THA",
"","Thailand",15.870032,100.992541,177,41,1,2020-03-17,30,6,0,FALSE,FALSE,"TH","THA",
"","Thailand",15.870032,100.992541,212,42,1,2020-03-18,35,1,0,FALSE,FALSE,"TH","THA",
"","Thailand",15.870032,100.992541,272,42,1,2020-03-19,60,0,0,FALSE,FALSE,"TH","THA",
"","Thailand",15.870032,100.992541,322,42,1,2020-03-20,50,0,0,FALSE,FALSE,"TH","THA",
"","Thailand",15.870032,100.992541,411,42,1,2020-03-21,89,0,0,FALSE,FALSE,"TH","THA",
"","Thailand",15.870032,100.992541,599,44,1,2020-03-22,188,2,0,FALSE,FALSE,"TH","THA",
"","Thailand",15.870032,100.992541,721,44,1,2020-03-23,122,0,0,FALSE,FALSE,"TH","THA",
"","Thailand",15.870032,100.992541,827,52,4,2020-03-24,106,8,3,FALSE,FALSE,"TH","THA",
"","Thailand",15.870032,100.992541,934,70,4,2020-03-25,107,18,0,FALSE,FALSE,"TH","THA",
"","Thailand",15.870032,100.992541,1045,88,4,2020-03-26,111,18,0,FALSE,FALSE,"TH","THA",
"","Thailand",15.870032,100.992541,1136,97,5,2020-03-27,91,9,1,FALSE,FALSE,"TH","THA",
"","Thailand",15.870032,100.992541,1245,97,6,2020-03-28,109,0,1,FALSE,FALSE,"TH","THA",
"","Thailand",15.870032,100.992541,1388,97,7,2020-03-29,143,0,1,FALSE,FALSE,"TH","THA",
"","Thailand",15.870032,100.992541,1524,229,9,2020-03-30,136,132,2,FALSE,FALSE,"TH","THA",
"","Thailand",15.870032,100.992541,1651,342,10,2020-03-31,127,113,1,FALSE,FALSE,"TH","THA",
"","Thailand",15.870032,100.992541,1771,505,12,2020-04-01,120,163,2,FALSE,FALSE,"TH","THA",
"","Thailand",15.870032,100.992541,1875,505,15,2020-04-02,104,0,3,FALSE,FALSE,"TH","THA",
"","Thailand",15.870032,100.992541,1978,612,19,2020-04-03,103,107,4,FALSE,FALSE,"TH","THA",
"","Thailand",15.870032,100.992541,2067,674,20,2020-04-04,89,62,1,FALSE,FALSE,"TH","THA",
"","Thailand",15.870032,100.992541,2169,793,23,2020-04-05,102,119,3,FALSE,FALSE,"TH","THA",
"","Thailand",15.870032,100.992541,2220,793,26,2020-04-06,51,0,3,FALSE,FALSE,"TH","THA",
"","Thailand",15.870032,100.992541,2258,888,27,2020-04-07,38,95,1,FALSE,FALSE,"TH","THA",
"","Thailand",15.870032,100.992541,2369,888,30,2020-04-08,111,0,3,FALSE,FALSE,"TH","THA",
"","Thailand",15.870032,100.992541,2423,940,32,2020-04-09,54,52,2,FALSE,FALSE,"TH","THA",
"","Thailand",15.870032,100.992541,2473,1013,33,2020-04-10,50,73,1,FALSE,FALSE,"TH","THA",
"","Thailand",15.870032,100.992541,2518,1135,35,2020-04-11,45,122,2,FALSE,FALSE,"TH","THA",
"","Thailand",15.870032,100.992541,2551,1218,38,2020-04-12,33,83,3,FALSE,FALSE,"TH","THA",
"","Thailand",15.870032,100.992541,2579,1288,40,2020-04-13,28,70,2,FALSE,FALSE,"TH","THA",
"","Thailand",15.870032,100.992541,2613,1405,41,2020-04-14,34,117,1,FALSE,FALSE,"TH","THA",
"","Thailand",15.870032,100.992541,2643,1497,43,2020-04-15,30,92,2,FALSE,FALSE,"TH","THA",
"","Thailand",15.870032,100.992541,2672,1593,46,2020-04-16,29,96,3,FALSE,FALSE,"TH","THA",
"","Thailand",15.870032,100.992541,2700,1689,47,2020-04-17,28,96,1,FALSE,FALSE,"TH","THA",
"","Thailand",15.870032,100.992541,2733,1787,47,2020-04-18,33,98,0,FALSE,FALSE,"TH","THA",
"","Thailand",15.870032,100.992541,2765,1928,47,2020-04-19,32,141,0,FALSE,FALSE,"TH","THA",
"","Thailand",15.870032,100.992541,2792,1999,47,2020-04-20,27,71,0,FALSE,FALSE,"TH","THA",
"","Thailand",15.870032,100.992541,2811,2108,48,2020-04-21,19,109,1,FALSE,FALSE,"TH","THA",
"","Thailand",15.870032,100.992541,2826,2352,49,2020-04-22,15,244,1,FALSE,FALSE,"TH","THA",
"","Thailand",15.870032,100.992541,2839,2430,50,2020-04-23,13,78,1,FALSE,FALSE,"TH","THA",
"","Thailand",15.870032,100.992541,2907,2547,51,2020-04-24,68,117,1,FALSE,FALSE,"TH","THA",
"","Thailand",15.870032,100.992541,2907,2547,51,2020-04-25,0,0,0,FALSE,FALSE,"TH","THA",
"","Thailand",15.870032,100.992541,2922,2594,51,2020-04-26,15,47,0,FALSE,FALSE,"TH","THA",
"","Thailand",15.870032,100.992541,2931,2609,52,2020-04-27,9,15,1,FALSE,FALSE,"TH","THA",
"","Thailand",15.870032,100.992541,2938,2652,54,2020-04-28,7,43,2,FALSE,FALSE,"TH","THA",
"","Thailand",15.870032,100.992541,2947,2665,54,2020-04-29,9,13,0,FALSE,FALSE,"TH","THA",
"","Thailand",15.870032,100.992541,2954,2684,54,2020-04-30,7,19,0,FALSE,FALSE,"TH","THA",
"","Thailand",15.870032,100.992541,2960,2719,54,2020-05-01,6,35,0,FALSE,FALSE,"TH","THA",
"","Thailand",15.870032,100.992541,2966,2732,54,2020-05-02,6,13,0,FALSE,FALSE,"TH","THA",
"","Thailand",15.870032,100.992541,2969,2739,54,2020-05-03,3,7,0,FALSE,FALSE,"TH","THA",
"","Thailand",15.870032,100.992541,2987,2740,54,2020-05-04,18,1,0,FALSE,FALSE,"TH","THA",
"","Thailand",15.870032,100.992541,2988,2747,54,2020-05-05,1,7,0,FALSE,FALSE,"TH","THA",
"","Thailand",15.870032,100.992541,2989,2761,55,2020-05-06,1,14,1,FALSE,FALSE,"TH","THA",
"","Thailand",15.870032,100.992541,2992,2772,55,2020-05-07,3,11,0,FALSE,FALSE,"TH","THA",
"","Thailand",15.870032,100.992541,3000,2784,55,2020-05-08,8,12,0,FALSE,FALSE,"TH","THA",
"","Thailand",15.870032,100.992541,3004,2787,56,2020-05-09,4,3,1,FALSE,FALSE,"TH","THA",
"","Thailand",15.870032,100.992541,3009,2794,56,2020-05-10,5,7,0,FALSE,FALSE,"TH","THA",
"","Thailand",15.870032,100.992541,3015,2796,56,2020-05-11,6,2,0,FALSE,FALSE,"TH","THA",
"","Thailand",15.870032,100.992541,3017,2798,56,2020-05-12,2,2,0,FALSE,FALSE,"TH","THA",
"","Thailand",15.870032,100.992541,3017,2844,56,2020-05-13,0,46,0,FALSE,FALSE,"TH","THA",
"","Thailand",15.870032,100.992541,3018,2850,56,2020-05-14,1,6,0,FALSE,FALSE,"TH","THA",
"","Thailand",15.870032,100.992541,3025,2854,56,2020-05-15,7,4,0,FALSE,FALSE,"TH","THA",
"","Thailand",15.870032,100.992541,3025,2855,56,2020-05-16,0,1,0,FALSE,FALSE,"TH","THA",
"","Thailand",15.870032,100.992541,3028,2856,56,2020-05-17,3,1,0,FALSE,FALSE,"TH","THA",
"","Thailand",15.870032,100.992541,3031,2857,56,2020-05-18,3,1,0,FALSE,FALSE,"TH","THA",
"","Thailand",15.870032,100.992541,3033,2857,56,2020-05-19,2,0,0,FALSE,FALSE,"TH","THA",
"","Thailand",15.870032,100.992541,3034,2888,56,2020-05-20,1,31,0,FALSE,FALSE,"TH","THA",
"","Thailand",15.870032,100.992541,3037,2897,56,2020-05-21,3,9,0,FALSE,FALSE,"TH","THA",
"","Thailand",15.870032,100.992541,3037,2910,56,2020-05-22,0,13,0,FALSE,FALSE,"TH","THA",
"","Thailand",15.870032,100.992541,3040,2916,56,2020-05-23,3,6,0,FALSE,FALSE,"TH","THA",
"","Thailand",15.870032,100.992541,3040,2921,56,2020-05-24,0,5,0,FALSE,FALSE,"TH","THA",
"","Thailand",15.870032,100.992541,3042,2928,57,2020-05-25,2,7,1,FALSE,FALSE,"TH","THA",
"","Thailand",15.870032,100.992541,3045,2929,57,2020-05-26,3,1,0,FALSE,FALSE,"TH","THA",
"","Thailand",15.870032,100.992541,3054,2931,57,2020-05-27,9,2,0,FALSE,FALSE,"TH","THA",
"","Thailand",15.870032,100.992541,3065,2945,57,2020-05-28,11,14,0,FALSE,FALSE,"TH","THA",
"","Thailand",15.870032,100.992541,3076,2945,57,2020-05-29,11,0,0,FALSE,FALSE,"TH","THA",
"","Thailand",15.870032,100.992541,3077,2961,57,2020-05-30,1,16,0,FALSE,FALSE,"TH","THA",
"","Thailand",15.870032,100.992541,3081,2963,57,2020-05-31,4,2,0,FALSE,FALSE,"TH","THA",
"","Thailand",15.870032,100.992541,3082,2965,57,2020-06-01,1,2,0,FALSE,FALSE,"TH","THA",
"","Thailand",15.870032,100.992541,3083,2966,58,2020-06-02,1,1,1,FALSE,FALSE,"TH","THA",
"","Thailand",15.870032,100.992541,3084,2968,58,2020-06-03,1,2,0,FALSE,FALSE,"TH","THA",
"","Thailand",15.870032,100.992541,3101,2968,58,2020-06-04,17,0,0,FALSE,FALSE,"TH","THA",
"","Thailand",15.870032,100.992541,3102,2971,58,2020-06-05,1,3,0,FALSE,FALSE,"TH","THA",
"","Thailand",15.870032,100.992541,3104,2971,58,2020-06-06,2,0,0,FALSE,FALSE,"TH","THA",
"","Thailand",15.870032,100.992541,3112,2972,58,2020-06-07,8,1,0,FALSE,FALSE,"TH","THA",
"","Thailand",15.870032,100.992541,3119,2973,58,2020-06-08,7,1,0,FALSE,FALSE,"TH","THA",
"","Thailand",15.870032,100.992541,3121,2973,58,2020-06-09,2,0,0,FALSE,FALSE,"TH","THA",
"","Thailand",15.870032,100.992541,3125,2981,58,2020-06-10,4,8,0,FALSE,FALSE,"TH","THA",
"","Thailand",15.870032,100.992541,3125,2987,58,2020-06-11,0,6,0,FALSE,FALSE,"TH","THA",
"","Thailand",15.870032,100.992541,3129,2987,58,2020-06-12,4,0,0,FALSE,FALSE,"TH","THA",
"","Thailand",15.870032,100.992541,3134,2987,58,2020-06-13,5,0,0,FALSE,FALSE,"TH","THA",
"","Thailand",15.870032,100.992541,3135,2987,58,2020-06-14,1,0,0,FALSE,FALSE,"TH","THA",
"","Thailand",15.870032,100.992541,3135,2987,58,2020-06-15,0,0,0,FALSE,FALSE,"TH","THA",
"","Thailand",15.870032,100.992541,3135,2993,58,2020-06-16,0,6,0,FALSE,FALSE,"TH","THA",
"","Thailand",15.870032,100.992541,3135,2996,58,2020-06-17,0,3,0,FALSE,FALSE,"TH","THA",
"","Thailand",15.870032,100.992541,3141,2997,58,2020-06-18,6,1,0,FALSE,FALSE,"TH","THA",
"","Thailand",15.870032,100.992541,3146,3008,58,2020-06-19,5,11,0,FALSE,FALSE,"TH","THA",
"","Thailand",15.870032,100.992541,3147,3018,58,2020-06-20,1,10,0,FALSE,FALSE,"TH","THA",
"","Thailand",15.870032,100.992541,3148,3018,58,2020-06-21,1,0,0,FALSE,FALSE,"TH","THA",
"","Thailand",15.870032,100.992541,3151,3022,58,2020-06-22,3,4,0,FALSE,FALSE,"TH","THA",
"","Thailand",15.870032,100.992541,3156,3023,58,2020-06-23,5,1,0,FALSE,FALSE,"TH","THA",
"","Thailand",15.870032,100.992541,3158,3038,58,2020-06-24,2,15,0,FALSE,FALSE,"TH","THA",
"","Thailand",15.870032,100.992541,3158,3038,58,2020-06-25,0,0,0,FALSE,FALSE,"TH","THA",
"","Thailand",15.870032,100.992541,3162,3040,58,2020-06-26,4,2,0,FALSE,FALSE,"TH","THA",
"","Thailand",15.870032,100.992541,3162,3053,58,2020-06-27,0,13,0,FALSE,FALSE,"TH","THA",
"","Thailand",15.870032,100.992541,3162,3053,58,2020-06-28,0,0,0,FALSE,FALSE,"TH","THA",
"","Thailand",15.870032,100.992541,3169,3053,58,2020-06-29,7,0,0,FALSE,FALSE,"TH","THA",
"","Thailand",15.870032,100.992541,3171,3056,58,2020-06-30,2,3,0,FALSE,FALSE,"TH","THA",
"","Thailand",15.870032,100.992541,3173,3059,58,2020-07-01,2,3,0,FALSE,FALSE,"TH","THA",
"","Thailand",15.870032,100.992541,3179,3059,58,2020-07-02,6,0,0,FALSE,FALSE,"TH","THA",
"","Thailand",15.870032,100.992541,3180,3066,58,2020-07-03,1,7,0,FALSE,FALSE,"TH","THA",
"","Thailand",15.870032,100.992541,3185,3066,58,2020-07-04,5,0,0,FALSE,FALSE,"TH","THA",
"","Thailand",15.870032,100.992541,3190,3071,58,2020-07-05,5,5,0,FALSE,FALSE,"TH","THA",
"","Thailand",15.870032,100.992541,3195,3072,58,2020-07-06,5,1,0,FALSE,FALSE,"TH","THA",
"","Thailand",15.870032,100.992541,3197,3074,58,2020-07-07,2,2,0,FALSE,FALSE,"TH","THA",
"","Thailand",15.870032,100.992541,3197,3074,58,2020-07-08,0,0,0,FALSE,FALSE,"TH","THA",
"","Thailand",15.870032,100.992541,3202,3085,58,2020-07-09,5,11,0,FALSE,FALSE,"TH","THA",
"","Thailand",15.870032,100.992541,3202,3087,58,2020-07-10,0,2,0,FALSE,FALSE,"TH","THA",
"","Thailand",15.870032,100.992541,3216,3088,58,2020-07-11,14,1,0,FALSE,FALSE,"TH","THA",
"","Thailand",15.870032,100.992541,3217,3088,58,2020-07-12,1,0,0,FALSE,FALSE,"TH","THA",
"","Thailand",15.870032,100.992541,3220,3090,58,2020-07-13,3,2,0,FALSE,FALSE,"TH","THA",
"","Thailand",15.870032,100.992541,3227,3091,58,2020-07-14,7,1,0,FALSE,FALSE,"TH","THA",
"","Thailand",15.870032,100.992541,3232,3092,58,2020-07-15,5,1,0,FALSE,FALSE,"TH","THA",
