"Province.State","Country.Region","Lat","Long","confirmed","deaths","date","confirmed_new","deaths_new","hasErrors","hasParent","country_code","country_code3","territory_code"
"Yaroslavl oblast","Russia",57.6299,39.8737,0,0,2020-01-22,0,0,FALSE,TRUE,"RU","RUS","RU-YAR"
"Yaroslavl oblast","Russia",57.6299,39.8737,0,0,2020-01-23,0,0,FALSE,TRUE,"RU","RUS","RU-YAR"
"Yaroslavl oblast","Russia",57.6299,39.8737,0,0,2020-01-24,0,0,FALSE,TRUE,"RU","RUS","RU-YAR"
"Yaroslavl oblast","Russia",57.6299,39.8737,0,0,2020-01-25,0,0,FALSE,TRUE,"RU","RUS","RU-YAR"
"Yaroslavl oblast","Russia",57.6299,39.8737,0,0,2020-01-26,0,0,FALSE,TRUE,"RU","RUS","RU-YAR"
"Yaroslavl oblast","Russia",57.6299,39.8737,0,0,2020-01-27,0,0,FALSE,TRUE,"RU","RUS","RU-YAR"
"Yaroslavl oblast","Russia",57.6299,39.8737,0,0,2020-01-28,0,0,FALSE,TRUE,"RU","RUS","RU-YAR"
"Yaroslavl oblast","Russia",57.6299,39.8737,0,0,2020-01-29,0,0,FALSE,TRUE,"RU","RUS","RU-YAR"
"Yaroslavl oblast","Russia",57.6299,39.8737,0,0,2020-01-30,0,0,FALSE,TRUE,"RU","RUS","RU-YAR"
"Yaroslavl oblast","Russia",57.6299,39.8737,0,0,2020-01-31,0,0,FALSE,TRUE,"RU","RUS","RU-YAR"
"Yaroslavl oblast","Russia",57.6299,39.8737,0,0,2020-02-01,0,0,FALSE,TRUE,"RU","RUS","RU-YAR"
"Yaroslavl oblast","Russia",57.6299,39.8737,0,0,2020-02-02,0,0,FALSE,TRUE,"RU","RUS","RU-YAR"
"Yaroslavl oblast","Russia",57.6299,39.8737,0,0,2020-02-03,0,0,FALSE,TRUE,"RU","RUS","RU-YAR"
"Yaroslavl oblast","Russia",57.6299,39.8737,0,0,2020-02-04,0,0,FALSE,TRUE,"RU","RUS","RU-YAR"
"Yaroslavl oblast","Russia",57.6299,39.8737,0,0,2020-02-05,0,0,FALSE,TRUE,"RU","RUS","RU-YAR"
"Yaroslavl oblast","Russia",57.6299,39.8737,0,0,2020-02-06,0,0,FALSE,TRUE,"RU","RUS","RU-YAR"
"Yaroslavl oblast","Russia",57.6299,39.8737,0,0,2020-02-07,0,0,FALSE,TRUE,"RU","RUS","RU-YAR"
"Yaroslavl oblast","Russia",57.6299,39.8737,0,0,2020-02-08,0,0,FALSE,TRUE,"RU","RUS","RU-YAR"
"Yaroslavl oblast","Russia",57.6299,39.8737,0,0,2020-02-09,0,0,FALSE,TRUE,"RU","RUS","RU-YAR"
"Yaroslavl oblast","Russia",57.6299,39.8737,0,0,2020-02-10,0,0,FALSE,TRUE,"RU","RUS","RU-YAR"
"Yaroslavl oblast","Russia",57.6299,39.8737,0,0,2020-02-11,0,0,FALSE,TRUE,"RU","RUS","RU-YAR"
"Yaroslavl oblast","Russia",57.6299,39.8737,0,0,2020-02-12,0,0,FALSE,TRUE,"RU","RUS","RU-YAR"
"Yaroslavl oblast","Russia",57.6299,39.8737,0,0,2020-02-13,0,0,FALSE,TRUE,"RU","RUS","RU-YAR"
"Yaroslavl oblast","Russia",57.6299,39.8737,0,0,2020-02-14,0,0,FALSE,TRUE,"RU","RUS","RU-YAR"
"Yaroslavl oblast","Russia",57.6299,39.8737,0,0,2020-02-15,0,0,FALSE,TRUE,"RU","RUS","RU-YAR"
"Yaroslavl oblast","Russia",57.6299,39.8737,0,0,2020-02-16,0,0,FALSE,TRUE,"RU","RUS","RU-YAR"
"Yaroslavl oblast","Russia",57.6299,39.8737,0,0,2020-02-17,0,0,FALSE,TRUE,"RU","RUS","RU-YAR"
"Yaroslavl oblast","Russia",57.6299,39.8737,0,0,2020-02-18,0,0,FALSE,TRUE,"RU","RUS","RU-YAR"
"Yaroslavl oblast","Russia",57.6299,39.8737,0,0,2020-02-19,0,0,FALSE,TRUE,"RU","RUS","RU-YAR"
"Yaroslavl oblast","Russia",57.6299,39.8737,0,0,2020-02-20,0,0,FALSE,TRUE,"RU","RUS","RU-YAR"
"Yaroslavl oblast","Russia",57.6299,39.8737,0,0,2020-02-21,0,0,FALSE,TRUE,"RU","RUS","RU-YAR"
"Yaroslavl oblast","Russia",57.6299,39.8737,0,0,2020-02-22,0,0,FALSE,TRUE,"RU","RUS","RU-YAR"
"Yaroslavl oblast","Russia",57.6299,39.8737,0,0,2020-02-23,0,0,FALSE,TRUE,"RU","RUS","RU-YAR"
"Yaroslavl oblast","Russia",57.6299,39.8737,0,0,2020-02-24,0,0,FALSE,TRUE,"RU","RUS","RU-YAR"
"Yaroslavl oblast","Russia",57.6299,39.8737,0,0,2020-02-25,0,0,FALSE,TRUE,"RU","RUS","RU-YAR"
"Yaroslavl oblast","Russia",57.6299,39.8737,0,0,2020-02-26,0,0,FALSE,TRUE,"RU","RUS","RU-YAR"
"Yaroslavl oblast","Russia",57.6299,39.8737,0,0,2020-02-27,0,0,FALSE,TRUE,"RU","RUS","RU-YAR"
"Yaroslavl oblast","Russia",57.6299,39.8737,0,0,2020-02-28,0,0,FALSE,TRUE,"RU","RUS","RU-YAR"
"Yaroslavl oblast","Russia",57.6299,39.8737,0,0,2020-02-29,0,0,FALSE,TRUE,"RU","RUS","RU-YAR"
"Yaroslavl oblast","Russia",57.6299,39.8737,0,0,2020-03-01,0,0,FALSE,TRUE,"RU","RUS","RU-YAR"
"Yaroslavl oblast","Russia",57.6299,39.8737,0,0,2020-03-02,0,0,FALSE,TRUE,"RU","RUS","RU-YAR"
"Yaroslavl oblast","Russia",57.6299,39.8737,0,0,2020-03-03,0,0,FALSE,TRUE,"RU","RUS","RU-YAR"
"Yaroslavl oblast","Russia",57.6299,39.8737,0,0,2020-03-04,0,0,FALSE,TRUE,"RU","RUS","RU-YAR"
"Yaroslavl oblast","Russia",57.6299,39.8737,0,0,2020-03-05,0,0,FALSE,TRUE,"RU","RUS","RU-YAR"
"Yaroslavl oblast","Russia",57.6299,39.8737,0,0,2020-03-06,0,0,FALSE,TRUE,"RU","RUS","RU-YAR"
"Yaroslavl oblast","Russia",57.6299,39.8737,0,0,2020-03-07,0,0,FALSE,TRUE,"RU","RUS","RU-YAR"
"Yaroslavl oblast","Russia",57.6299,39.8737,0,0,2020-03-08,0,0,FALSE,TRUE,"RU","RUS","RU-YAR"
"Yaroslavl oblast","Russia",57.6299,39.8737,0,0,2020-03-09,0,0,FALSE,TRUE,"RU","RUS","RU-YAR"
"Yaroslavl oblast","Russia",57.6299,39.8737,0,0,2020-03-10,0,0,FALSE,TRUE,"RU","RUS","RU-YAR"
"Yaroslavl oblast","Russia",57.6299,39.8737,0,0,2020-03-11,0,0,FALSE,TRUE,"RU","RUS","RU-YAR"
"Yaroslavl oblast","Russia",57.6299,39.8737,0,0,2020-03-12,0,0,FALSE,TRUE,"RU","RUS","RU-YAR"
"Yaroslavl oblast","Russia",57.6299,39.8737,0,0,2020-03-13,0,0,FALSE,TRUE,"RU","RUS","RU-YAR"
"Yaroslavl oblast","Russia",57.6299,39.8737,0,0,2020-03-14,0,0,FALSE,TRUE,"RU","RUS","RU-YAR"
"Yaroslavl oblast","Russia",57.6299,39.8737,0,0,2020-03-15,0,0,FALSE,TRUE,"RU","RUS","RU-YAR"
"Yaroslavl oblast","Russia",57.6299,39.8737,0,0,2020-03-16,0,0,FALSE,TRUE,"RU","RUS","RU-YAR"
"Yaroslavl oblast","Russia",57.6299,39.8737,0,0,2020-03-17,0,0,FALSE,TRUE,"RU","RUS","RU-YAR"
"Yaroslavl oblast","Russia",57.6299,39.8737,0,0,2020-03-18,0,0,FALSE,TRUE,"RU","RUS","RU-YAR"
"Yaroslavl oblast","Russia",57.6299,39.8737,0,0,2020-03-19,0,0,FALSE,TRUE,"RU","RUS","RU-YAR"
"Yaroslavl oblast","Russia",57.6299,39.8737,0,0,2020-03-20,0,0,FALSE,TRUE,"RU","RUS","RU-YAR"
"Yaroslavl oblast","Russia",57.6299,39.8737,0,0,2020-03-21,0,0,FALSE,TRUE,"RU","RUS","RU-YAR"
"Yaroslavl oblast","Russia",57.6299,39.8737,0,0,2020-03-22,0,0,FALSE,TRUE,"RU","RUS","RU-YAR"
"Yaroslavl oblast","Russia",57.6299,39.8737,0,0,2020-03-23,0,0,FALSE,TRUE,"RU","RUS","RU-YAR"
"Yaroslavl oblast","Russia",57.6299,39.8737,0,0,2020-03-24,0,0,FALSE,TRUE,"RU","RUS","RU-YAR"
"Yaroslavl oblast","Russia",57.6299,39.8737,1,0,2020-03-25,1,0,FALSE,TRUE,"RU","RUS","RU-YAR"
"Yaroslavl oblast","Russia",57.6299,39.8737,1,0,2020-03-26,0,0,FALSE,TRUE,"RU","RUS","RU-YAR"
"Yaroslavl oblast","Russia",57.6299,39.8737,2,0,2020-03-27,1,0,FALSE,TRUE,"RU","RUS","RU-YAR"
"Yaroslavl oblast","Russia",57.6299,39.8737,2,0,2020-03-28,0,0,FALSE,TRUE,"RU","RUS","RU-YAR"
"Yaroslavl oblast","Russia",57.6299,39.8737,3,0,2020-03-29,1,0,FALSE,TRUE,"RU","RUS","RU-YAR"
"Yaroslavl oblast","Russia",57.6299,39.8737,3,0,2020-03-30,0,0,FALSE,TRUE,"RU","RUS","RU-YAR"
"Yaroslavl oblast","Russia",57.6299,39.8737,3,0,2020-03-31,0,0,FALSE,TRUE,"RU","RUS","RU-YAR"
"Yaroslavl oblast","Russia",57.6299,39.8737,3,0,2020-04-01,0,0,FALSE,TRUE,"RU","RUS","RU-YAR"
"Yaroslavl oblast","Russia",57.6299,39.8737,3,0,2020-04-02,0,0,FALSE,TRUE,"RU","RUS","RU-YAR"
"Yaroslavl oblast","Russia",57.6299,39.8737,3,0,2020-04-03,0,0,FALSE,TRUE,"RU","RUS","RU-YAR"
"Yaroslavl oblast","Russia",57.6299,39.8737,5,0,2020-04-04,2,0,FALSE,TRUE,"RU","RUS","RU-YAR"
"Yaroslavl oblast","Russia",57.6299,39.8737,6,0,2020-04-05,1,0,FALSE,TRUE,"RU","RUS","RU-YAR"
"Yaroslavl oblast","Russia",57.6299,39.8737,6,0,2020-04-06,0,0,FALSE,TRUE,"RU","RUS","RU-YAR"
"Yaroslavl oblast","Russia",57.6299,39.8737,11,0,2020-04-07,5,0,FALSE,TRUE,"RU","RUS","RU-YAR"
"Yaroslavl oblast","Russia",57.6299,39.8737,11,0,2020-04-08,0,0,FALSE,TRUE,"RU","RUS","RU-YAR"
"Yaroslavl oblast","Russia",57.6299,39.8737,13,0,2020-04-09,2,0,FALSE,TRUE,"RU","RUS","RU-YAR"
"Yaroslavl oblast","Russia",57.6299,39.8737,13,0,2020-04-10,0,0,FALSE,TRUE,"RU","RUS","RU-YAR"
"Yaroslavl oblast","Russia",57.6299,39.8737,13,0,2020-04-11,0,0,FALSE,TRUE,"RU","RUS","RU-YAR"
"Yaroslavl oblast","Russia",57.6299,39.8737,27,0,2020-04-12,14,0,FALSE,TRUE,"RU","RUS","RU-YAR"
"Yaroslavl oblast","Russia",57.6299,39.8737,27,0,2020-04-13,0,0,FALSE,TRUE,"RU","RUS","RU-YAR"
"Yaroslavl oblast","Russia",57.6299,39.8737,27,0,2020-04-14,0,0,FALSE,TRUE,"RU","RUS","RU-YAR"
"Yaroslavl oblast","Russia",57.6299,39.8737,39,0,2020-04-15,12,0,FALSE,TRUE,"RU","RUS","RU-YAR"
"Yaroslavl oblast","Russia",57.6299,39.8737,62,0,2020-04-16,23,0,FALSE,TRUE,"RU","RUS","RU-YAR"
"Yaroslavl oblast","Russia",57.6299,39.8737,81,0,2020-04-17,19,0,FALSE,TRUE,"RU","RUS","RU-YAR"
"Yaroslavl oblast","Russia",57.6299,39.8737,105,0,2020-04-18,24,0,FALSE,TRUE,"RU","RUS","RU-YAR"
"Yaroslavl oblast","Russia",57.6299,39.8737,117,0,2020-04-19,12,0,FALSE,TRUE,"RU","RUS","RU-YAR"
"Yaroslavl oblast","Russia",57.6299,39.8737,144,0,2020-04-20,27,0,FALSE,TRUE,"RU","RUS","RU-YAR"
"Yaroslavl oblast","Russia",57.6299,39.8737,187,0,2020-04-21,43,0,FALSE,TRUE,"RU","RUS","RU-YAR"
"Yaroslavl oblast","Russia",57.6299,39.8737,198,0,2020-04-22,11,0,FALSE,TRUE,"RU","RUS","RU-YAR"
"Yaroslavl oblast","Russia",57.6299,39.8737,263,1,2020-04-23,65,1,FALSE,TRUE,"RU","RUS","RU-YAR"
"Yaroslavl oblast","Russia",57.6299,39.8737,305,2,2020-04-24,42,1,FALSE,TRUE,"RU","RUS","RU-YAR"
"Yaroslavl oblast","Russia",57.6299,39.8737,342,2,2020-04-25,37,0,FALSE,TRUE,"RU","RUS","RU-YAR"
"Yaroslavl oblast","Russia",57.6299,39.8737,384,2,2020-04-26,42,0,FALSE,TRUE,"RU","RUS","RU-YAR"
"Yaroslavl oblast","Russia",57.6299,39.8737,409,3,2020-04-27,25,1,FALSE,TRUE,"RU","RUS","RU-YAR"
"Yaroslavl oblast","Russia",57.6299,39.8737,456,3,2020-04-28,47,0,FALSE,TRUE,"RU","RUS","RU-YAR"
"Yaroslavl oblast","Russia",57.6299,39.8737,483,4,2020-04-29,27,1,FALSE,TRUE,"RU","RUS","RU-YAR"
"Yaroslavl oblast","Russia",57.6299,39.8737,506,4,2020-04-30,23,0,FALSE,TRUE,"RU","RUS","RU-YAR"
"Yaroslavl oblast","Russia",57.6299,39.8737,570,5,2020-05-01,64,1,FALSE,TRUE,"RU","RUS","RU-YAR"
"Yaroslavl oblast","Russia",57.6299,39.8737,634,5,2020-05-02,64,0,FALSE,TRUE,"RU","RUS","RU-YAR"
"Yaroslavl oblast","Russia",57.6299,39.8737,710,5,2020-05-03,76,0,FALSE,TRUE,"RU","RUS","RU-YAR"
"Yaroslavl oblast","Russia",57.6299,39.8737,789,5,2020-05-04,79,0,FALSE,TRUE,"RU","RUS","RU-YAR"
"Yaroslavl oblast","Russia",57.6299,39.8737,829,5,2020-05-05,40,0,FALSE,TRUE,"RU","RUS","RU-YAR"
"Yaroslavl oblast","Russia",57.6299,39.8737,880,11,2020-05-06,51,6,FALSE,TRUE,"RU","RUS","RU-YAR"
"Yaroslavl oblast","Russia",57.6299,39.8737,935,11,2020-05-07,55,0,FALSE,TRUE,"RU","RUS","RU-YAR"
"Yaroslavl oblast","Russia",57.6299,39.8737,993,11,2020-05-08,58,0,FALSE,TRUE,"RU","RUS","RU-YAR"
"Yaroslavl oblast","Russia",57.6299,39.8737,1051,11,2020-05-09,58,0,FALSE,TRUE,"RU","RUS","RU-YAR"
"Yaroslavl oblast","Russia",57.6299,39.8737,1114,11,2020-05-10,63,0,FALSE,TRUE,"RU","RUS","RU-YAR"
"Yaroslavl oblast","Russia",57.6299,39.8737,1192,11,2020-05-11,78,0,FALSE,TRUE,"RU","RUS","RU-YAR"
"Yaroslavl oblast","Russia",57.6299,39.8737,1275,11,2020-05-12,83,0,FALSE,TRUE,"RU","RUS","RU-YAR"
"Yaroslavl oblast","Russia",57.6299,39.8737,1363,11,2020-05-13,88,0,FALSE,TRUE,"RU","RUS","RU-YAR"
"Yaroslavl oblast","Russia",57.6299,39.8737,1450,11,2020-05-14,87,0,FALSE,TRUE,"RU","RUS","RU-YAR"
"Yaroslavl oblast","Russia",57.6299,39.8737,1537,11,2020-05-15,87,0,FALSE,TRUE,"RU","RUS","RU-YAR"
"Yaroslavl oblast","Russia",57.6299,39.8737,1629,11,2020-05-16,92,0,FALSE,TRUE,"RU","RUS","RU-YAR"
"Yaroslavl oblast","Russia",57.6299,39.8737,1726,11,2020-05-17,97,0,FALSE,TRUE,"RU","RUS","RU-YAR"
"Yaroslavl oblast","Russia",57.6299,39.8737,1829,12,2020-05-18,103,1,FALSE,TRUE,"RU","RUS","RU-YAR"
"Yaroslavl oblast","Russia",57.6299,39.8737,1938,12,2020-05-19,109,0,FALSE,TRUE,"RU","RUS","RU-YAR"
"Yaroslavl oblast","Russia",57.6299,39.8737,2073,12,2020-05-20,135,0,FALSE,TRUE,"RU","RUS","RU-YAR"
"Yaroslavl oblast","Russia",57.6299,39.8737,2206,13,2020-05-21,133,1,FALSE,TRUE,"RU","RUS","RU-YAR"
"Yaroslavl oblast","Russia",57.6299,39.8737,2309,13,2020-05-22,103,0,FALSE,TRUE,"RU","RUS","RU-YAR"
"Yaroslavl oblast","Russia",57.6299,39.8737,2424,13,2020-05-23,115,0,FALSE,TRUE,"RU","RUS","RU-YAR"
"Yaroslavl oblast","Russia",57.6299,39.8737,2531,13,2020-05-24,107,0,FALSE,TRUE,"RU","RUS","RU-YAR"
"Yaroslavl oblast","Russia",57.6299,39.8737,2632,13,2020-05-25,101,0,FALSE,TRUE,"RU","RUS","RU-YAR"
"Yaroslavl oblast","Russia",57.6299,39.8737,2726,13,2020-05-26,94,0,FALSE,TRUE,"RU","RUS","RU-YAR"
"Yaroslavl oblast","Russia",57.6299,39.8737,2808,13,2020-05-27,82,0,FALSE,TRUE,"RU","RUS","RU-YAR"
"Yaroslavl oblast","Russia",57.6299,39.8737,2892,13,2020-05-28,84,0,FALSE,TRUE,"RU","RUS","RU-YAR"
