"UID","iso2","iso3","code3","FIPS","Admin2","Province.State","Country.Region","Lat","Long","Combined_Key","confirmed","deaths","date","confirmed_new","deaths_new","hasErrors","hasParent","country_code","country_code3","territory_code"
84005115,"US","USA",840,5115,"Pope","Arkansas","US",35.4487,-93.0321,"Pope, Arkansas, US",0,0,2020-01-22,0,0,FALSE,TRUE,"US","USA","US-AR"
84005115,"US","USA",840,5115,"Pope","Arkansas","US",35.4487,-93.0321,"Pope, Arkansas, US",0,0,2020-01-23,0,0,FALSE,TRUE,"US","USA","US-AR"
84005115,"US","USA",840,5115,"Pope","Arkansas","US",35.4487,-93.0321,"Pope, Arkansas, US",0,0,2020-01-24,0,0,FALSE,TRUE,"US","USA","US-AR"
84005115,"US","USA",840,5115,"Pope","Arkansas","US",35.4487,-93.0321,"Pope, Arkansas, US",0,0,2020-01-25,0,0,FALSE,TRUE,"US","USA","US-AR"
84005115,"US","USA",840,5115,"Pope","Arkansas","US",35.4487,-93.0321,"Pope, Arkansas, US",0,0,2020-01-26,0,0,FALSE,TRUE,"US","USA","US-AR"
84005115,"US","USA",840,5115,"Pope","Arkansas","US",35.4487,-93.0321,"Pope, Arkansas, US",0,0,2020-01-27,0,0,FALSE,TRUE,"US","USA","US-AR"
84005115,"US","USA",840,5115,"Pope","Arkansas","US",35.4487,-93.0321,"Pope, Arkansas, US",0,0,2020-01-28,0,0,FALSE,TRUE,"US","USA","US-AR"
84005115,"US","USA",840,5115,"Pope","Arkansas","US",35.4487,-93.0321,"Pope, Arkansas, US",0,0,2020-01-29,0,0,FALSE,TRUE,"US","USA","US-AR"
84005115,"US","USA",840,5115,"Pope","Arkansas","US",35.4487,-93.0321,"Pope, Arkansas, US",0,0,2020-01-30,0,0,FALSE,TRUE,"US","USA","US-AR"
84005115,"US","USA",840,5115,"Pope","Arkansas","US",35.4487,-93.0321,"Pope, Arkansas, US",0,0,2020-01-31,0,0,FALSE,TRUE,"US","USA","US-AR"
84005115,"US","USA",840,5115,"Pope","Arkansas","US",35.4487,-93.0321,"Pope, Arkansas, US",0,0,2020-02-01,0,0,FALSE,TRUE,"US","USA","US-AR"
84005115,"US","USA",840,5115,"Pope","Arkansas","US",35.4487,-93.0321,"Pope, Arkansas, US",0,0,2020-02-02,0,0,FALSE,TRUE,"US","USA","US-AR"
84005115,"US","USA",840,5115,"Pope","Arkansas","US",35.4487,-93.0321,"Pope, Arkansas, US",0,0,2020-02-03,0,0,FALSE,TRUE,"US","USA","US-AR"
84005115,"US","USA",840,5115,"Pope","Arkansas","US",35.4487,-93.0321,"Pope, Arkansas, US",0,0,2020-02-04,0,0,FALSE,TRUE,"US","USA","US-AR"
84005115,"US","USA",840,5115,"Pope","Arkansas","US",35.4487,-93.0321,"Pope, Arkansas, US",0,0,2020-02-05,0,0,FALSE,TRUE,"US","USA","US-AR"
84005115,"US","USA",840,5115,"Pope","Arkansas","US",35.4487,-93.0321,"Pope, Arkansas, US",0,0,2020-02-06,0,0,FALSE,TRUE,"US","USA","US-AR"
84005115,"US","USA",840,5115,"Pope","Arkansas","US",35.4487,-93.0321,"Pope, Arkansas, US",0,0,2020-02-07,0,0,FALSE,TRUE,"US","USA","US-AR"
84005115,"US","USA",840,5115,"Pope","Arkansas","US",35.4487,-93.0321,"Pope, Arkansas, US",0,0,2020-02-08,0,0,FALSE,TRUE,"US","USA","US-AR"
84005115,"US","USA",840,5115,"Pope","Arkansas","US",35.4487,-93.0321,"Pope, Arkansas, US",0,0,2020-02-09,0,0,FALSE,TRUE,"US","USA","US-AR"
84005115,"US","USA",840,5115,"Pope","Arkansas","US",35.4487,-93.0321,"Pope, Arkansas, US",0,0,2020-02-10,0,0,FALSE,TRUE,"US","USA","US-AR"
84005115,"US","USA",840,5115,"Pope","Arkansas","US",35.4487,-93.0321,"Pope, Arkansas, US",0,0,2020-02-11,0,0,FALSE,TRUE,"US","USA","US-AR"
84005115,"US","USA",840,5115,"Pope","Arkansas","US",35.4487,-93.0321,"Pope, Arkansas, US",0,0,2020-02-12,0,0,FALSE,TRUE,"US","USA","US-AR"
84005115,"US","USA",840,5115,"Pope","Arkansas","US",35.4487,-93.0321,"Pope, Arkansas, US",0,0,2020-02-13,0,0,FALSE,TRUE,"US","USA","US-AR"
84005115,"US","USA",840,5115,"Pope","Arkansas","US",35.4487,-93.0321,"Pope, Arkansas, US",0,0,2020-02-14,0,0,FALSE,TRUE,"US","USA","US-AR"
84005115,"US","USA",840,5115,"Pope","Arkansas","US",35.4487,-93.0321,"Pope, Arkansas, US",0,0,2020-02-15,0,0,FALSE,TRUE,"US","USA","US-AR"
84005115,"US","USA",840,5115,"Pope","Arkansas","US",35.4487,-93.0321,"Pope, Arkansas, US",0,0,2020-02-16,0,0,FALSE,TRUE,"US","USA","US-AR"
84005115,"US","USA",840,5115,"Pope","Arkansas","US",35.4487,-93.0321,"Pope, Arkansas, US",0,0,2020-02-17,0,0,FALSE,TRUE,"US","USA","US-AR"
84005115,"US","USA",840,5115,"Pope","Arkansas","US",35.4487,-93.0321,"Pope, Arkansas, US",0,0,2020-02-18,0,0,FALSE,TRUE,"US","USA","US-AR"
84005115,"US","USA",840,5115,"Pope","Arkansas","US",35.4487,-93.0321,"Pope, Arkansas, US",0,0,2020-02-19,0,0,FALSE,TRUE,"US","USA","US-AR"
84005115,"US","USA",840,5115,"Pope","Arkansas","US",35.4487,-93.0321,"Pope, Arkansas, US",0,0,2020-02-20,0,0,FALSE,TRUE,"US","USA","US-AR"
84005115,"US","USA",840,5115,"Pope","Arkansas","US",35.4487,-93.0321,"Pope, Arkansas, US",0,0,2020-02-21,0,0,FALSE,TRUE,"US","USA","US-AR"
84005115,"US","USA",840,5115,"Pope","Arkansas","US",35.4487,-93.0321,"Pope, Arkansas, US",0,0,2020-02-22,0,0,FALSE,TRUE,"US","USA","US-AR"
84005115,"US","USA",840,5115,"Pope","Arkansas","US",35.4487,-93.0321,"Pope, Arkansas, US",0,0,2020-02-23,0,0,FALSE,TRUE,"US","USA","US-AR"
84005115,"US","USA",840,5115,"Pope","Arkansas","US",35.4487,-93.0321,"Pope, Arkansas, US",0,0,2020-02-24,0,0,FALSE,TRUE,"US","USA","US-AR"
84005115,"US","USA",840,5115,"Pope","Arkansas","US",35.4487,-93.0321,"Pope, Arkansas, US",0,0,2020-02-25,0,0,FALSE,TRUE,"US","USA","US-AR"
84005115,"US","USA",840,5115,"Pope","Arkansas","US",35.4487,-93.0321,"Pope, Arkansas, US",0,0,2020-02-26,0,0,FALSE,TRUE,"US","USA","US-AR"
84005115,"US","USA",840,5115,"Pope","Arkansas","US",35.4487,-93.0321,"Pope, Arkansas, US",0,0,2020-02-27,0,0,FALSE,TRUE,"US","USA","US-AR"
84005115,"US","USA",840,5115,"Pope","Arkansas","US",35.4487,-93.0321,"Pope, Arkansas, US",0,0,2020-02-28,0,0,FALSE,TRUE,"US","USA","US-AR"
84005115,"US","USA",840,5115,"Pope","Arkansas","US",35.4487,-93.0321,"Pope, Arkansas, US",0,0,2020-02-29,0,0,FALSE,TRUE,"US","USA","US-AR"
84005115,"US","USA",840,5115,"Pope","Arkansas","US",35.4487,-93.0321,"Pope, Arkansas, US",0,0,2020-03-01,0,0,FALSE,TRUE,"US","USA","US-AR"
84005115,"US","USA",840,5115,"Pope","Arkansas","US",35.4487,-93.0321,"Pope, Arkansas, US",0,0,2020-03-02,0,0,FALSE,TRUE,"US","USA","US-AR"
84005115,"US","USA",840,5115,"Pope","Arkansas","US",35.4487,-93.0321,"Pope, Arkansas, US",0,0,2020-03-03,0,0,FALSE,TRUE,"US","USA","US-AR"
84005115,"US","USA",840,5115,"Pope","Arkansas","US",35.4487,-93.0321,"Pope, Arkansas, US",0,0,2020-03-04,0,0,FALSE,TRUE,"US","USA","US-AR"
84005115,"US","USA",840,5115,"Pope","Arkansas","US",35.4487,-93.0321,"Pope, Arkansas, US",0,0,2020-03-05,0,0,FALSE,TRUE,"US","USA","US-AR"
84005115,"US","USA",840,5115,"Pope","Arkansas","US",35.4487,-93.0321,"Pope, Arkansas, US",0,0,2020-03-06,0,0,FALSE,TRUE,"US","USA","US-AR"
84005115,"US","USA",840,5115,"Pope","Arkansas","US",35.4487,-93.0321,"Pope, Arkansas, US",0,0,2020-03-07,0,0,FALSE,TRUE,"US","USA","US-AR"
84005115,"US","USA",840,5115,"Pope","Arkansas","US",35.4487,-93.0321,"Pope, Arkansas, US",0,0,2020-03-08,0,0,FALSE,TRUE,"US","USA","US-AR"
84005115,"US","USA",840,5115,"Pope","Arkansas","US",35.4487,-93.0321,"Pope, Arkansas, US",0,0,2020-03-09,0,0,FALSE,TRUE,"US","USA","US-AR"
84005115,"US","USA",840,5115,"Pope","Arkansas","US",35.4487,-93.0321,"Pope, Arkansas, US",0,0,2020-03-10,0,0,FALSE,TRUE,"US","USA","US-AR"
84005115,"US","USA",840,5115,"Pope","Arkansas","US",35.4487,-93.0321,"Pope, Arkansas, US",0,0,2020-03-11,0,0,FALSE,TRUE,"US","USA","US-AR"
84005115,"US","USA",840,5115,"Pope","Arkansas","US",35.4487,-93.0321,"Pope, Arkansas, US",0,0,2020-03-12,0,0,FALSE,TRUE,"US","USA","US-AR"
84005115,"US","USA",840,5115,"Pope","Arkansas","US",35.4487,-93.0321,"Pope, Arkansas, US",0,0,2020-03-13,0,0,FALSE,TRUE,"US","USA","US-AR"
84005115,"US","USA",840,5115,"Pope","Arkansas","US",35.4487,-93.0321,"Pope, Arkansas, US",0,0,2020-03-14,0,0,FALSE,TRUE,"US","USA","US-AR"
84005115,"US","USA",840,5115,"Pope","Arkansas","US",35.4487,-93.0321,"Pope, Arkansas, US",0,0,2020-03-15,0,0,FALSE,TRUE,"US","USA","US-AR"
84005115,"US","USA",840,5115,"Pope","Arkansas","US",35.4487,-93.0321,"Pope, Arkansas, US",0,0,2020-03-16,0,0,FALSE,TRUE,"US","USA","US-AR"
84005115,"US","USA",840,5115,"Pope","Arkansas","US",35.4487,-93.0321,"Pope, Arkansas, US",0,0,2020-03-17,0,0,FALSE,TRUE,"US","USA","US-AR"
84005115,"US","USA",840,5115,"Pope","Arkansas","US",35.4487,-93.0321,"Pope, Arkansas, US",0,0,2020-03-18,0,0,FALSE,TRUE,"US","USA","US-AR"
84005115,"US","USA",840,5115,"Pope","Arkansas","US",35.4487,-93.0321,"Pope, Arkansas, US",0,0,2020-03-19,0,0,FALSE,TRUE,"US","USA","US-AR"
84005115,"US","USA",840,5115,"Pope","Arkansas","US",35.4487,-93.0321,"Pope, Arkansas, US",0,0,2020-03-20,0,0,FALSE,TRUE,"US","USA","US-AR"
84005115,"US","USA",840,5115,"Pope","Arkansas","US",35.4487,-93.0321,"Pope, Arkansas, US",0,0,2020-03-21,0,0,FALSE,TRUE,"US","USA","US-AR"
84005115,"US","USA",840,5115,"Pope","Arkansas","US",35.4487,-93.0321,"Pope, Arkansas, US",1,0,2020-03-22,1,0,FALSE,TRUE,"US","USA","US-AR"
84005115,"US","USA",840,5115,"Pope","Arkansas","US",35.4487,-93.0321,"Pope, Arkansas, US",1,0,2020-03-23,0,0,FALSE,TRUE,"US","USA","US-AR"
84005115,"US","USA",840,5115,"Pope","Arkansas","US",35.4487,-93.0321,"Pope, Arkansas, US",1,0,2020-03-24,0,0,FALSE,TRUE,"US","USA","US-AR"
84005115,"US","USA",840,5115,"Pope","Arkansas","US",35.4487,-93.0321,"Pope, Arkansas, US",1,0,2020-03-25,0,0,FALSE,TRUE,"US","USA","US-AR"
84005115,"US","USA",840,5115,"Pope","Arkansas","US",35.4487,-93.0321,"Pope, Arkansas, US",1,0,2020-03-26,0,0,FALSE,TRUE,"US","USA","US-AR"
84005115,"US","USA",840,5115,"Pope","Arkansas","US",35.4487,-93.0321,"Pope, Arkansas, US",1,0,2020-03-27,0,0,FALSE,TRUE,"US","USA","US-AR"
84005115,"US","USA",840,5115,"Pope","Arkansas","US",35.4487,-93.0321,"Pope, Arkansas, US",1,0,2020-03-28,0,0,FALSE,TRUE,"US","USA","US-AR"
84005115,"US","USA",840,5115,"Pope","Arkansas","US",35.4487,-93.0321,"Pope, Arkansas, US",1,0,2020-03-29,0,0,FALSE,TRUE,"US","USA","US-AR"
84005115,"US","USA",840,5115,"Pope","Arkansas","US",35.4487,-93.0321,"Pope, Arkansas, US",1,0,2020-03-30,0,0,FALSE,TRUE,"US","USA","US-AR"
84005115,"US","USA",840,5115,"Pope","Arkansas","US",35.4487,-93.0321,"Pope, Arkansas, US",5,0,2020-03-31,4,0,FALSE,TRUE,"US","USA","US-AR"
84005115,"US","USA",840,5115,"Pope","Arkansas","US",35.4487,-93.0321,"Pope, Arkansas, US",6,0,2020-04-01,1,0,FALSE,TRUE,"US","USA","US-AR"
84005115,"US","USA",840,5115,"Pope","Arkansas","US",35.4487,-93.0321,"Pope, Arkansas, US",6,0,2020-04-02,0,0,FALSE,TRUE,"US","USA","US-AR"
84005115,"US","USA",840,5115,"Pope","Arkansas","US",35.4487,-93.0321,"Pope, Arkansas, US",8,0,2020-04-03,2,0,FALSE,TRUE,"US","USA","US-AR"
84005115,"US","USA",840,5115,"Pope","Arkansas","US",35.4487,-93.0321,"Pope, Arkansas, US",8,0,2020-04-04,0,0,FALSE,TRUE,"US","USA","US-AR"
84005115,"US","USA",840,5115,"Pope","Arkansas","US",35.4487,-93.0321,"Pope, Arkansas, US",11,0,2020-04-05,3,0,FALSE,TRUE,"US","USA","US-AR"
84005115,"US","USA",840,5115,"Pope","Arkansas","US",35.4487,-93.0321,"Pope, Arkansas, US",13,0,2020-04-06,2,0,FALSE,TRUE,"US","USA","US-AR"
84005115,"US","USA",840,5115,"Pope","Arkansas","US",35.4487,-93.0321,"Pope, Arkansas, US",17,0,2020-04-07,4,0,FALSE,TRUE,"US","USA","US-AR"
84005115,"US","USA",840,5115,"Pope","Arkansas","US",35.4487,-93.0321,"Pope, Arkansas, US",20,0,2020-04-08,3,0,FALSE,TRUE,"US","USA","US-AR"
84005115,"US","USA",840,5115,"Pope","Arkansas","US",35.4487,-93.0321,"Pope, Arkansas, US",23,0,2020-04-09,3,0,FALSE,TRUE,"US","USA","US-AR"
84005115,"US","USA",840,5115,"Pope","Arkansas","US",35.4487,-93.0321,"Pope, Arkansas, US",23,0,2020-04-10,0,0,FALSE,TRUE,"US","USA","US-AR"
84005115,"US","USA",840,5115,"Pope","Arkansas","US",35.4487,-93.0321,"Pope, Arkansas, US",26,0,2020-04-11,3,0,FALSE,TRUE,"US","USA","US-AR"
84005115,"US","USA",840,5115,"Pope","Arkansas","US",35.4487,-93.0321,"Pope, Arkansas, US",30,0,2020-04-12,4,0,FALSE,TRUE,"US","USA","US-AR"
84005115,"US","USA",840,5115,"Pope","Arkansas","US",35.4487,-93.0321,"Pope, Arkansas, US",31,0,2020-04-13,1,0,FALSE,TRUE,"US","USA","US-AR"
84005115,"US","USA",840,5115,"Pope","Arkansas","US",35.4487,-93.0321,"Pope, Arkansas, US",31,0,2020-04-14,0,0,FALSE,TRUE,"US","USA","US-AR"
84005115,"US","USA",840,5115,"Pope","Arkansas","US",35.4487,-93.0321,"Pope, Arkansas, US",31,0,2020-04-15,0,0,FALSE,TRUE,"US","USA","US-AR"
84005115,"US","USA",840,5115,"Pope","Arkansas","US",35.4487,-93.0321,"Pope, Arkansas, US",33,0,2020-04-16,2,0,FALSE,TRUE,"US","USA","US-AR"
84005115,"US","USA",840,5115,"Pope","Arkansas","US",35.4487,-93.0321,"Pope, Arkansas, US",33,0,2020-04-17,0,0,FALSE,TRUE,"US","USA","US-AR"
84005115,"US","USA",840,5115,"Pope","Arkansas","US",35.4487,-93.0321,"Pope, Arkansas, US",35,0,2020-04-18,2,0,FALSE,TRUE,"US","USA","US-AR"
84005115,"US","USA",840,5115,"Pope","Arkansas","US",35.4487,-93.0321,"Pope, Arkansas, US",35,0,2020-04-19,0,0,FALSE,TRUE,"US","USA","US-AR"
84005115,"US","USA",840,5115,"Pope","Arkansas","US",35.4487,-93.0321,"Pope, Arkansas, US",35,0,2020-04-20,0,0,FALSE,TRUE,"US","USA","US-AR"
84005115,"US","USA",840,5115,"Pope","Arkansas","US",35.4487,-93.0321,"Pope, Arkansas, US",35,0,2020-04-21,0,0,FALSE,TRUE,"US","USA","US-AR"
84005115,"US","USA",840,5115,"Pope","Arkansas","US",35.4487,-93.0321,"Pope, Arkansas, US",35,0,2020-04-22,0,0,FALSE,TRUE,"US","USA","US-AR"
84005115,"US","USA",840,5115,"Pope","Arkansas","US",35.4487,-93.0321,"Pope, Arkansas, US",37,0,2020-04-23,2,0,FALSE,TRUE,"US","USA","US-AR"
84005115,"US","USA",840,5115,"Pope","Arkansas","US",35.4487,-93.0321,"Pope, Arkansas, US",37,0,2020-04-24,0,0,FALSE,TRUE,"US","USA","US-AR"
84005115,"US","USA",840,5115,"Pope","Arkansas","US",35.4487,-93.0321,"Pope, Arkansas, US",37,0,2020-04-25,0,0,FALSE,TRUE,"US","USA","US-AR"
84005115,"US","USA",840,5115,"Pope","Arkansas","US",35.4487,-93.0321,"Pope, Arkansas, US",41,0,2020-04-26,4,0,FALSE,TRUE,"US","USA","US-AR"
84005115,"US","USA",840,5115,"Pope","Arkansas","US",35.4487,-93.0321,"Pope, Arkansas, US",42,0,2020-04-27,1,0,FALSE,TRUE,"US","USA","US-AR"
84005115,"US","USA",840,5115,"Pope","Arkansas","US",35.4487,-93.0321,"Pope, Arkansas, US",42,0,2020-04-28,0,0,FALSE,TRUE,"US","USA","US-AR"
84005115,"US","USA",840,5115,"Pope","Arkansas","US",35.4487,-93.0321,"Pope, Arkansas, US",43,0,2020-04-29,1,0,FALSE,TRUE,"US","USA","US-AR"
84005115,"US","USA",840,5115,"Pope","Arkansas","US",35.4487,-93.0321,"Pope, Arkansas, US",43,0,2020-04-30,0,0,FALSE,TRUE,"US","USA","US-AR"
84005115,"US","USA",840,5115,"Pope","Arkansas","US",35.4487,-93.0321,"Pope, Arkansas, US",43,0,2020-05-01,0,0,FALSE,TRUE,"US","USA","US-AR"
84005115,"US","USA",840,5115,"Pope","Arkansas","US",35.4487,-93.0321,"Pope, Arkansas, US",44,0,2020-05-02,1,0,FALSE,TRUE,"US","USA","US-AR"
84005115,"US","USA",840,5115,"Pope","Arkansas","US",35.4487,-93.0321,"Pope, Arkansas, US",44,0,2020-05-03,0,0,FALSE,TRUE,"US","USA","US-AR"
84005115,"US","USA",840,5115,"Pope","Arkansas","US",35.4487,-93.0321,"Pope, Arkansas, US",44,0,2020-05-04,0,0,FALSE,TRUE,"US","USA","US-AR"
84005115,"US","USA",840,5115,"Pope","Arkansas","US",35.4487,-93.0321,"Pope, Arkansas, US",45,0,2020-05-05,1,0,FALSE,TRUE,"US","USA","US-AR"
84005115,"US","USA",840,5115,"Pope","Arkansas","US",35.4487,-93.0321,"Pope, Arkansas, US",46,0,2020-05-06,1,0,FALSE,TRUE,"US","USA","US-AR"
84005115,"US","USA",840,5115,"Pope","Arkansas","US",35.4487,-93.0321,"Pope, Arkansas, US",47,0,2020-05-07,1,0,FALSE,TRUE,"US","USA","US-AR"
84005115,"US","USA",840,5115,"Pope","Arkansas","US",35.4487,-93.0321,"Pope, Arkansas, US",47,0,2020-05-08,0,0,FALSE,TRUE,"US","USA","US-AR"
84005115,"US","USA",840,5115,"Pope","Arkansas","US",35.4487,-93.0321,"Pope, Arkansas, US",47,0,2020-05-09,0,0,FALSE,TRUE,"US","USA","US-AR"
84005115,"US","USA",840,5115,"Pope","Arkansas","US",35.4487,-93.0321,"Pope, Arkansas, US",47,0,2020-05-10,0,0,FALSE,TRUE,"US","USA","US-AR"
84005115,"US","USA",840,5115,"Pope","Arkansas","US",35.4487,-93.0321,"Pope, Arkansas, US",48,0,2020-05-11,1,0,FALSE,TRUE,"US","USA","US-AR"
84005115,"US","USA",840,5115,"Pope","Arkansas","US",35.4487,-93.0321,"Pope, Arkansas, US",48,0,2020-05-12,0,0,FALSE,TRUE,"US","USA","US-AR"
84005115,"US","USA",840,5115,"Pope","Arkansas","US",35.4487,-93.0321,"Pope, Arkansas, US",51,0,2020-05-13,3,0,FALSE,TRUE,"US","USA","US-AR"
84005115,"US","USA",840,5115,"Pope","Arkansas","US",35.4487,-93.0321,"Pope, Arkansas, US",52,0,2020-05-14,1,0,FALSE,TRUE,"US","USA","US-AR"
84005115,"US","USA",840,5115,"Pope","Arkansas","US",35.4487,-93.0321,"Pope, Arkansas, US",61,0,2020-05-15,9,0,FALSE,TRUE,"US","USA","US-AR"
84005115,"US","USA",840,5115,"Pope","Arkansas","US",35.4487,-93.0321,"Pope, Arkansas, US",63,0,2020-05-16,2,0,FALSE,TRUE,"US","USA","US-AR"
84005115,"US","USA",840,5115,"Pope","Arkansas","US",35.4487,-93.0321,"Pope, Arkansas, US",73,0,2020-05-17,10,0,FALSE,TRUE,"US","USA","US-AR"
84005115,"US","USA",840,5115,"Pope","Arkansas","US",35.4487,-93.0321,"Pope, Arkansas, US",76,0,2020-05-18,3,0,FALSE,TRUE,"US","USA","US-AR"
84005115,"US","USA",840,5115,"Pope","Arkansas","US",35.4487,-93.0321,"Pope, Arkansas, US",76,0,2020-05-19,0,0,FALSE,TRUE,"US","USA","US-AR"
84005115,"US","USA",840,5115,"Pope","Arkansas","US",35.4487,-93.0321,"Pope, Arkansas, US",79,0,2020-05-20,3,0,FALSE,TRUE,"US","USA","US-AR"
84005115,"US","USA",840,5115,"Pope","Arkansas","US",35.4487,-93.0321,"Pope, Arkansas, US",92,1,2020-05-21,13,1,FALSE,TRUE,"US","USA","US-AR"
84005115,"US","USA",840,5115,"Pope","Arkansas","US",35.4487,-93.0321,"Pope, Arkansas, US",100,1,2020-05-22,8,0,FALSE,TRUE,"US","USA","US-AR"
84005115,"US","USA",840,5115,"Pope","Arkansas","US",35.4487,-93.0321,"Pope, Arkansas, US",107,1,2020-05-23,7,0,FALSE,TRUE,"US","USA","US-AR"
84005115,"US","USA",840,5115,"Pope","Arkansas","US",35.4487,-93.0321,"Pope, Arkansas, US",113,1,2020-05-24,6,0,FALSE,TRUE,"US","USA","US-AR"
84005115,"US","USA",840,5115,"Pope","Arkansas","US",35.4487,-93.0321,"Pope, Arkansas, US",119,1,2020-05-25,6,0,FALSE,TRUE,"US","USA","US-AR"
84005115,"US","USA",840,5115,"Pope","Arkansas","US",35.4487,-93.0321,"Pope, Arkansas, US",124,1,2020-05-26,5,0,FALSE,TRUE,"US","USA","US-AR"
84005115,"US","USA",840,5115,"Pope","Arkansas","US",35.4487,-93.0321,"Pope, Arkansas, US",125,1,2020-05-27,1,0,FALSE,TRUE,"US","USA","US-AR"
84005115,"US","USA",840,5115,"Pope","Arkansas","US",35.4487,-93.0321,"Pope, Arkansas, US",129,1,2020-05-28,4,0,FALSE,TRUE,"US","USA","US-AR"
84005115,"US","USA",840,5115,"Pope","Arkansas","US",35.4487,-93.0321,"Pope, Arkansas, US",136,1,2020-05-29,7,0,FALSE,TRUE,"US","USA","US-AR"
84005115,"US","USA",840,5115,"Pope","Arkansas","US",35.4487,-93.0321,"Pope, Arkansas, US",142,1,2020-05-30,6,0,FALSE,TRUE,"US","USA","US-AR"
84005115,"US","USA",840,5115,"Pope","Arkansas","US",35.4487,-93.0321,"Pope, Arkansas, US",148,1,2020-05-31,6,0,FALSE,TRUE,"US","USA","US-AR"
84005115,"US","USA",840,5115,"Pope","Arkansas","US",35.4487,-93.0321,"Pope, Arkansas, US",161,1,2020-06-01,13,0,FALSE,TRUE,"US","USA","US-AR"
84005115,"US","USA",840,5115,"Pope","Arkansas","US",35.4487,-93.0321,"Pope, Arkansas, US",166,1,2020-06-02,5,0,FALSE,TRUE,"US","USA","US-AR"
84005115,"US","USA",840,5115,"Pope","Arkansas","US",35.4487,-93.0321,"Pope, Arkansas, US",171,1,2020-06-03,5,0,FALSE,TRUE,"US","USA","US-AR"
84005115,"US","USA",840,5115,"Pope","Arkansas","US",35.4487,-93.0321,"Pope, Arkansas, US",178,2,2020-06-04,7,1,FALSE,TRUE,"US","USA","US-AR"
84005115,"US","USA",840,5115,"Pope","Arkansas","US",35.4487,-93.0321,"Pope, Arkansas, US",184,2,2020-06-05,6,0,FALSE,TRUE,"US","USA","US-AR"
84005115,"US","USA",840,5115,"Pope","Arkansas","US",35.4487,-93.0321,"Pope, Arkansas, US",197,2,2020-06-06,13,0,FALSE,TRUE,"US","USA","US-AR"
84005115,"US","USA",840,5115,"Pope","Arkansas","US",35.4487,-93.0321,"Pope, Arkansas, US",204,2,2020-06-07,7,0,FALSE,TRUE,"US","USA","US-AR"
84005115,"US","USA",840,5115,"Pope","Arkansas","US",35.4487,-93.0321,"Pope, Arkansas, US",213,2,2020-06-08,9,0,FALSE,TRUE,"US","USA","US-AR"
84005115,"US","USA",840,5115,"Pope","Arkansas","US",35.4487,-93.0321,"Pope, Arkansas, US",218,2,2020-06-09,5,0,FALSE,TRUE,"US","USA","US-AR"
84005115,"US","USA",840,5115,"Pope","Arkansas","US",35.4487,-93.0321,"Pope, Arkansas, US",222,2,2020-06-10,4,0,FALSE,TRUE,"US","USA","US-AR"
84005115,"US","USA",840,5115,"Pope","Arkansas","US",35.4487,-93.0321,"Pope, Arkansas, US",232,2,2020-06-11,10,0,FALSE,TRUE,"US","USA","US-AR"
