"UID","iso2","iso3","code3","FIPS","Admin2","Province.State","Country.Region","Lat","Long","Combined_Key","confirmed","deaths","date","confirmed_new","deaths_new","hasErrors","hasParent","country_code","country_code3","territory_code"
84001081,"US","USA",840,1081,"Lee","Alabama","US",32.6015,-85.3513,"Lee, Alabama, US",0,0,2020-01-22,0,0,FALSE,TRUE,"US","USA","US-AL"
84001081,"US","USA",840,1081,"Lee","Alabama","US",32.6015,-85.3513,"Lee, Alabama, US",0,0,2020-01-23,0,0,FALSE,TRUE,"US","USA","US-AL"
84001081,"US","USA",840,1081,"Lee","Alabama","US",32.6015,-85.3513,"Lee, Alabama, US",0,0,2020-01-24,0,0,FALSE,TRUE,"US","USA","US-AL"
84001081,"US","USA",840,1081,"Lee","Alabama","US",32.6015,-85.3513,"Lee, Alabama, US",0,0,2020-01-25,0,0,FALSE,TRUE,"US","USA","US-AL"
84001081,"US","USA",840,1081,"Lee","Alabama","US",32.6015,-85.3513,"Lee, Alabama, US",0,0,2020-01-26,0,0,FALSE,TRUE,"US","USA","US-AL"
84001081,"US","USA",840,1081,"Lee","Alabama","US",32.6015,-85.3513,"Lee, Alabama, US",0,0,2020-01-27,0,0,FALSE,TRUE,"US","USA","US-AL"
84001081,"US","USA",840,1081,"Lee","Alabama","US",32.6015,-85.3513,"Lee, Alabama, US",0,0,2020-01-28,0,0,FALSE,TRUE,"US","USA","US-AL"
84001081,"US","USA",840,1081,"Lee","Alabama","US",32.6015,-85.3513,"Lee, Alabama, US",0,0,2020-01-29,0,0,FALSE,TRUE,"US","USA","US-AL"
84001081,"US","USA",840,1081,"Lee","Alabama","US",32.6015,-85.3513,"Lee, Alabama, US",0,0,2020-01-30,0,0,FALSE,TRUE,"US","USA","US-AL"
84001081,"US","USA",840,1081,"Lee","Alabama","US",32.6015,-85.3513,"Lee, Alabama, US",0,0,2020-01-31,0,0,FALSE,TRUE,"US","USA","US-AL"
84001081,"US","USA",840,1081,"Lee","Alabama","US",32.6015,-85.3513,"Lee, Alabama, US",0,0,2020-02-01,0,0,FALSE,TRUE,"US","USA","US-AL"
84001081,"US","USA",840,1081,"Lee","Alabama","US",32.6015,-85.3513,"Lee, Alabama, US",0,0,2020-02-02,0,0,FALSE,TRUE,"US","USA","US-AL"
84001081,"US","USA",840,1081,"Lee","Alabama","US",32.6015,-85.3513,"Lee, Alabama, US",0,0,2020-02-03,0,0,FALSE,TRUE,"US","USA","US-AL"
84001081,"US","USA",840,1081,"Lee","Alabama","US",32.6015,-85.3513,"Lee, Alabama, US",0,0,2020-02-04,0,0,FALSE,TRUE,"US","USA","US-AL"
84001081,"US","USA",840,1081,"Lee","Alabama","US",32.6015,-85.3513,"Lee, Alabama, US",0,0,2020-02-05,0,0,FALSE,TRUE,"US","USA","US-AL"
84001081,"US","USA",840,1081,"Lee","Alabama","US",32.6015,-85.3513,"Lee, Alabama, US",0,0,2020-02-06,0,0,FALSE,TRUE,"US","USA","US-AL"
84001081,"US","USA",840,1081,"Lee","Alabama","US",32.6015,-85.3513,"Lee, Alabama, US",0,0,2020-02-07,0,0,FALSE,TRUE,"US","USA","US-AL"
84001081,"US","USA",840,1081,"Lee","Alabama","US",32.6015,-85.3513,"Lee, Alabama, US",0,0,2020-02-08,0,0,FALSE,TRUE,"US","USA","US-AL"
84001081,"US","USA",840,1081,"Lee","Alabama","US",32.6015,-85.3513,"Lee, Alabama, US",0,0,2020-02-09,0,0,FALSE,TRUE,"US","USA","US-AL"
84001081,"US","USA",840,1081,"Lee","Alabama","US",32.6015,-85.3513,"Lee, Alabama, US",0,0,2020-02-10,0,0,FALSE,TRUE,"US","USA","US-AL"
84001081,"US","USA",840,1081,"Lee","Alabama","US",32.6015,-85.3513,"Lee, Alabama, US",0,0,2020-02-11,0,0,FALSE,TRUE,"US","USA","US-AL"
84001081,"US","USA",840,1081,"Lee","Alabama","US",32.6015,-85.3513,"Lee, Alabama, US",0,0,2020-02-12,0,0,FALSE,TRUE,"US","USA","US-AL"
84001081,"US","USA",840,1081,"Lee","Alabama","US",32.6015,-85.3513,"Lee, Alabama, US",0,0,2020-02-13,0,0,FALSE,TRUE,"US","USA","US-AL"
84001081,"US","USA",840,1081,"Lee","Alabama","US",32.6015,-85.3513,"Lee, Alabama, US",0,0,2020-02-14,0,0,FALSE,TRUE,"US","USA","US-AL"
84001081,"US","USA",840,1081,"Lee","Alabama","US",32.6015,-85.3513,"Lee, Alabama, US",0,0,2020-02-15,0,0,FALSE,TRUE,"US","USA","US-AL"
84001081,"US","USA",840,1081,"Lee","Alabama","US",32.6015,-85.3513,"Lee, Alabama, US",0,0,2020-02-16,0,0,FALSE,TRUE,"US","USA","US-AL"
84001081,"US","USA",840,1081,"Lee","Alabama","US",32.6015,-85.3513,"Lee, Alabama, US",0,0,2020-02-17,0,0,FALSE,TRUE,"US","USA","US-AL"
84001081,"US","USA",840,1081,"Lee","Alabama","US",32.6015,-85.3513,"Lee, Alabama, US",0,0,2020-02-18,0,0,FALSE,TRUE,"US","USA","US-AL"
84001081,"US","USA",840,1081,"Lee","Alabama","US",32.6015,-85.3513,"Lee, Alabama, US",0,0,2020-02-19,0,0,FALSE,TRUE,"US","USA","US-AL"
84001081,"US","USA",840,1081,"Lee","Alabama","US",32.6015,-85.3513,"Lee, Alabama, US",0,0,2020-02-20,0,0,FALSE,TRUE,"US","USA","US-AL"
84001081,"US","USA",840,1081,"Lee","Alabama","US",32.6015,-85.3513,"Lee, Alabama, US",0,0,2020-02-21,0,0,FALSE,TRUE,"US","USA","US-AL"
84001081,"US","USA",840,1081,"Lee","Alabama","US",32.6015,-85.3513,"Lee, Alabama, US",0,0,2020-02-22,0,0,FALSE,TRUE,"US","USA","US-AL"
84001081,"US","USA",840,1081,"Lee","Alabama","US",32.6015,-85.3513,"Lee, Alabama, US",0,0,2020-02-23,0,0,FALSE,TRUE,"US","USA","US-AL"
84001081,"US","USA",840,1081,"Lee","Alabama","US",32.6015,-85.3513,"Lee, Alabama, US",0,0,2020-02-24,0,0,FALSE,TRUE,"US","USA","US-AL"
84001081,"US","USA",840,1081,"Lee","Alabama","US",32.6015,-85.3513,"Lee, Alabama, US",0,0,2020-02-25,0,0,FALSE,TRUE,"US","USA","US-AL"
84001081,"US","USA",840,1081,"Lee","Alabama","US",32.6015,-85.3513,"Lee, Alabama, US",0,0,2020-02-26,0,0,FALSE,TRUE,"US","USA","US-AL"
84001081,"US","USA",840,1081,"Lee","Alabama","US",32.6015,-85.3513,"Lee, Alabama, US",0,0,2020-02-27,0,0,FALSE,TRUE,"US","USA","US-AL"
84001081,"US","USA",840,1081,"Lee","Alabama","US",32.6015,-85.3513,"Lee, Alabama, US",0,0,2020-02-28,0,0,FALSE,TRUE,"US","USA","US-AL"
84001081,"US","USA",840,1081,"Lee","Alabama","US",32.6015,-85.3513,"Lee, Alabama, US",0,0,2020-02-29,0,0,FALSE,TRUE,"US","USA","US-AL"
84001081,"US","USA",840,1081,"Lee","Alabama","US",32.6015,-85.3513,"Lee, Alabama, US",0,0,2020-03-01,0,0,FALSE,TRUE,"US","USA","US-AL"
84001081,"US","USA",840,1081,"Lee","Alabama","US",32.6015,-85.3513,"Lee, Alabama, US",0,0,2020-03-02,0,0,FALSE,TRUE,"US","USA","US-AL"
84001081,"US","USA",840,1081,"Lee","Alabama","US",32.6015,-85.3513,"Lee, Alabama, US",0,0,2020-03-03,0,0,FALSE,TRUE,"US","USA","US-AL"
84001081,"US","USA",840,1081,"Lee","Alabama","US",32.6015,-85.3513,"Lee, Alabama, US",0,0,2020-03-04,0,0,FALSE,TRUE,"US","USA","US-AL"
84001081,"US","USA",840,1081,"Lee","Alabama","US",32.6015,-85.3513,"Lee, Alabama, US",0,0,2020-03-05,0,0,FALSE,TRUE,"US","USA","US-AL"
84001081,"US","USA",840,1081,"Lee","Alabama","US",32.6015,-85.3513,"Lee, Alabama, US",0,0,2020-03-06,0,0,FALSE,TRUE,"US","USA","US-AL"
84001081,"US","USA",840,1081,"Lee","Alabama","US",32.6015,-85.3513,"Lee, Alabama, US",0,0,2020-03-07,0,0,FALSE,TRUE,"US","USA","US-AL"
84001081,"US","USA",840,1081,"Lee","Alabama","US",32.6015,-85.3513,"Lee, Alabama, US",0,0,2020-03-08,0,0,FALSE,TRUE,"US","USA","US-AL"
84001081,"US","USA",840,1081,"Lee","Alabama","US",32.6015,-85.3513,"Lee, Alabama, US",0,0,2020-03-09,0,0,FALSE,TRUE,"US","USA","US-AL"
84001081,"US","USA",840,1081,"Lee","Alabama","US",32.6015,-85.3513,"Lee, Alabama, US",0,0,2020-03-10,0,0,FALSE,TRUE,"US","USA","US-AL"
84001081,"US","USA",840,1081,"Lee","Alabama","US",32.6015,-85.3513,"Lee, Alabama, US",0,0,2020-03-11,0,0,FALSE,TRUE,"US","USA","US-AL"
84001081,"US","USA",840,1081,"Lee","Alabama","US",32.6015,-85.3513,"Lee, Alabama, US",0,0,2020-03-12,0,0,FALSE,TRUE,"US","USA","US-AL"
84001081,"US","USA",840,1081,"Lee","Alabama","US",32.6015,-85.3513,"Lee, Alabama, US",0,0,2020-03-13,0,0,FALSE,TRUE,"US","USA","US-AL"
84001081,"US","USA",840,1081,"Lee","Alabama","US",32.6015,-85.3513,"Lee, Alabama, US",0,0,2020-03-14,0,0,FALSE,TRUE,"US","USA","US-AL"
84001081,"US","USA",840,1081,"Lee","Alabama","US",32.6015,-85.3513,"Lee, Alabama, US",0,0,2020-03-15,0,0,FALSE,TRUE,"US","USA","US-AL"
84001081,"US","USA",840,1081,"Lee","Alabama","US",32.6015,-85.3513,"Lee, Alabama, US",1,0,2020-03-16,1,0,FALSE,TRUE,"US","USA","US-AL"
84001081,"US","USA",840,1081,"Lee","Alabama","US",32.6015,-85.3513,"Lee, Alabama, US",3,0,2020-03-17,2,0,FALSE,TRUE,"US","USA","US-AL"
84001081,"US","USA",840,1081,"Lee","Alabama","US",32.6015,-85.3513,"Lee, Alabama, US",8,0,2020-03-18,5,0,FALSE,TRUE,"US","USA","US-AL"
84001081,"US","USA",840,1081,"Lee","Alabama","US",32.6015,-85.3513,"Lee, Alabama, US",10,0,2020-03-19,2,0,FALSE,TRUE,"US","USA","US-AL"
84001081,"US","USA",840,1081,"Lee","Alabama","US",32.6015,-85.3513,"Lee, Alabama, US",11,0,2020-03-20,1,0,FALSE,TRUE,"US","USA","US-AL"
84001081,"US","USA",840,1081,"Lee","Alabama","US",32.6015,-85.3513,"Lee, Alabama, US",12,0,2020-03-21,1,0,FALSE,TRUE,"US","USA","US-AL"
84001081,"US","USA",840,1081,"Lee","Alabama","US",32.6015,-85.3513,"Lee, Alabama, US",16,0,2020-03-22,4,0,FALSE,TRUE,"US","USA","US-AL"
84001081,"US","USA",840,1081,"Lee","Alabama","US",32.6015,-85.3513,"Lee, Alabama, US",19,0,2020-03-23,3,0,FALSE,TRUE,"US","USA","US-AL"
84001081,"US","USA",840,1081,"Lee","Alabama","US",32.6015,-85.3513,"Lee, Alabama, US",26,0,2020-03-24,7,0,FALSE,TRUE,"US","USA","US-AL"
84001081,"US","USA",840,1081,"Lee","Alabama","US",32.6015,-85.3513,"Lee, Alabama, US",40,0,2020-03-25,14,0,FALSE,TRUE,"US","USA","US-AL"
84001081,"US","USA",840,1081,"Lee","Alabama","US",32.6015,-85.3513,"Lee, Alabama, US",47,0,2020-03-26,7,0,FALSE,TRUE,"US","USA","US-AL"
84001081,"US","USA",840,1081,"Lee","Alabama","US",32.6015,-85.3513,"Lee, Alabama, US",48,0,2020-03-27,1,0,FALSE,TRUE,"US","USA","US-AL"
84001081,"US","USA",840,1081,"Lee","Alabama","US",32.6015,-85.3513,"Lee, Alabama, US",56,0,2020-03-28,8,0,FALSE,TRUE,"US","USA","US-AL"
84001081,"US","USA",840,1081,"Lee","Alabama","US",32.6015,-85.3513,"Lee, Alabama, US",59,2,2020-03-29,3,2,FALSE,TRUE,"US","USA","US-AL"
84001081,"US","USA",840,1081,"Lee","Alabama","US",32.6015,-85.3513,"Lee, Alabama, US",71,2,2020-03-30,12,0,FALSE,TRUE,"US","USA","US-AL"
84001081,"US","USA",840,1081,"Lee","Alabama","US",32.6015,-85.3513,"Lee, Alabama, US",75,2,2020-03-31,4,0,FALSE,TRUE,"US","USA","US-AL"
84001081,"US","USA",840,1081,"Lee","Alabama","US",32.6015,-85.3513,"Lee, Alabama, US",81,2,2020-04-01,6,0,FALSE,TRUE,"US","USA","US-AL"
84001081,"US","USA",840,1081,"Lee","Alabama","US",32.6015,-85.3513,"Lee, Alabama, US",91,2,2020-04-02,10,0,FALSE,TRUE,"US","USA","US-AL"
84001081,"US","USA",840,1081,"Lee","Alabama","US",32.6015,-85.3513,"Lee, Alabama, US",99,3,2020-04-03,8,1,FALSE,TRUE,"US","USA","US-AL"
84001081,"US","USA",840,1081,"Lee","Alabama","US",32.6015,-85.3513,"Lee, Alabama, US",102,3,2020-04-04,3,0,FALSE,TRUE,"US","USA","US-AL"
84001081,"US","USA",840,1081,"Lee","Alabama","US",32.6015,-85.3513,"Lee, Alabama, US",109,3,2020-04-05,7,0,FALSE,TRUE,"US","USA","US-AL"
84001081,"US","USA",840,1081,"Lee","Alabama","US",32.6015,-85.3513,"Lee, Alabama, US",113,3,2020-04-06,4,0,FALSE,TRUE,"US","USA","US-AL"
84001081,"US","USA",840,1081,"Lee","Alabama","US",32.6015,-85.3513,"Lee, Alabama, US",128,5,2020-04-07,15,2,FALSE,TRUE,"US","USA","US-AL"
84001081,"US","USA",840,1081,"Lee","Alabama","US",32.6015,-85.3513,"Lee, Alabama, US",148,5,2020-04-08,20,0,FALSE,TRUE,"US","USA","US-AL"
84001081,"US","USA",840,1081,"Lee","Alabama","US",32.6015,-85.3513,"Lee, Alabama, US",199,5,2020-04-09,51,0,FALSE,TRUE,"US","USA","US-AL"
84001081,"US","USA",840,1081,"Lee","Alabama","US",32.6015,-85.3513,"Lee, Alabama, US",209,6,2020-04-10,10,1,FALSE,TRUE,"US","USA","US-AL"
84001081,"US","USA",840,1081,"Lee","Alabama","US",32.6015,-85.3513,"Lee, Alabama, US",218,8,2020-04-11,9,2,FALSE,TRUE,"US","USA","US-AL"
84001081,"US","USA",840,1081,"Lee","Alabama","US",32.6015,-85.3513,"Lee, Alabama, US",236,8,2020-04-12,18,0,FALSE,TRUE,"US","USA","US-AL"
84001081,"US","USA",840,1081,"Lee","Alabama","US",32.6015,-85.3513,"Lee, Alabama, US",250,8,2020-04-13,14,0,FALSE,TRUE,"US","USA","US-AL"
84001081,"US","USA",840,1081,"Lee","Alabama","US",32.6015,-85.3513,"Lee, Alabama, US",265,11,2020-04-14,15,3,FALSE,TRUE,"US","USA","US-AL"
84001081,"US","USA",840,1081,"Lee","Alabama","US",32.6015,-85.3513,"Lee, Alabama, US",269,12,2020-04-15,4,1,FALSE,TRUE,"US","USA","US-AL"
84001081,"US","USA",840,1081,"Lee","Alabama","US",32.6015,-85.3513,"Lee, Alabama, US",292,12,2020-04-16,23,0,FALSE,TRUE,"US","USA","US-AL"
84001081,"US","USA",840,1081,"Lee","Alabama","US",32.6015,-85.3513,"Lee, Alabama, US",301,12,2020-04-17,9,0,FALSE,TRUE,"US","USA","US-AL"
84001081,"US","USA",840,1081,"Lee","Alabama","US",32.6015,-85.3513,"Lee, Alabama, US",305,14,2020-04-18,4,2,FALSE,TRUE,"US","USA","US-AL"
84001081,"US","USA",840,1081,"Lee","Alabama","US",32.6015,-85.3513,"Lee, Alabama, US",308,14,2020-04-19,3,0,FALSE,TRUE,"US","USA","US-AL"
84001081,"US","USA",840,1081,"Lee","Alabama","US",32.6015,-85.3513,"Lee, Alabama, US",311,15,2020-04-20,3,1,FALSE,TRUE,"US","USA","US-AL"
84001081,"US","USA",840,1081,"Lee","Alabama","US",32.6015,-85.3513,"Lee, Alabama, US",319,19,2020-04-21,8,4,FALSE,TRUE,"US","USA","US-AL"
84001081,"US","USA",840,1081,"Lee","Alabama","US",32.6015,-85.3513,"Lee, Alabama, US",331,20,2020-04-22,12,1,FALSE,TRUE,"US","USA","US-AL"
84001081,"US","USA",840,1081,"Lee","Alabama","US",32.6015,-85.3513,"Lee, Alabama, US",340,21,2020-04-23,9,1,FALSE,TRUE,"US","USA","US-AL"
84001081,"US","USA",840,1081,"Lee","Alabama","US",32.6015,-85.3513,"Lee, Alabama, US",351,22,2020-04-24,11,1,FALSE,TRUE,"US","USA","US-AL"
84001081,"US","USA",840,1081,"Lee","Alabama","US",32.6015,-85.3513,"Lee, Alabama, US",351,22,2020-04-25,0,0,FALSE,TRUE,"US","USA","US-AL"
84001081,"US","USA",840,1081,"Lee","Alabama","US",32.6015,-85.3513,"Lee, Alabama, US",365,24,2020-04-26,14,2,FALSE,TRUE,"US","USA","US-AL"
84001081,"US","USA",840,1081,"Lee","Alabama","US",32.6015,-85.3513,"Lee, Alabama, US",368,24,2020-04-27,3,0,FALSE,TRUE,"US","USA","US-AL"
84001081,"US","USA",840,1081,"Lee","Alabama","US",32.6015,-85.3513,"Lee, Alabama, US",377,25,2020-04-28,9,1,FALSE,TRUE,"US","USA","US-AL"
84001081,"US","USA",840,1081,"Lee","Alabama","US",32.6015,-85.3513,"Lee, Alabama, US",386,28,2020-04-29,9,3,FALSE,TRUE,"US","USA","US-AL"
84001081,"US","USA",840,1081,"Lee","Alabama","US",32.6015,-85.3513,"Lee, Alabama, US",394,29,2020-04-30,8,1,FALSE,TRUE,"US","USA","US-AL"
84001081,"US","USA",840,1081,"Lee","Alabama","US",32.6015,-85.3513,"Lee, Alabama, US",391,29,2020-05-01,-3,0,FALSE,TRUE,"US","USA","US-AL"
84001081,"US","USA",840,1081,"Lee","Alabama","US",32.6015,-85.3513,"Lee, Alabama, US",397,28,2020-05-02,6,-1,FALSE,TRUE,"US","USA","US-AL"
84001081,"US","USA",840,1081,"Lee","Alabama","US",32.6015,-85.3513,"Lee, Alabama, US",400,28,2020-05-03,3,0,FALSE,TRUE,"US","USA","US-AL"
84001081,"US","USA",840,1081,"Lee","Alabama","US",32.6015,-85.3513,"Lee, Alabama, US",403,28,2020-05-04,3,0,FALSE,TRUE,"US","USA","US-AL"
84001081,"US","USA",840,1081,"Lee","Alabama","US",32.6015,-85.3513,"Lee, Alabama, US",408,28,2020-05-05,5,0,FALSE,TRUE,"US","USA","US-AL"
84001081,"US","USA",840,1081,"Lee","Alabama","US",32.6015,-85.3513,"Lee, Alabama, US",410,29,2020-05-06,2,1,FALSE,TRUE,"US","USA","US-AL"
84001081,"US","USA",840,1081,"Lee","Alabama","US",32.6015,-85.3513,"Lee, Alabama, US",417,30,2020-05-07,7,1,FALSE,TRUE,"US","USA","US-AL"
84001081,"US","USA",840,1081,"Lee","Alabama","US",32.6015,-85.3513,"Lee, Alabama, US",419,30,2020-05-08,2,0,FALSE,TRUE,"US","USA","US-AL"
84001081,"US","USA",840,1081,"Lee","Alabama","US",32.6015,-85.3513,"Lee, Alabama, US",422,30,2020-05-09,3,0,FALSE,TRUE,"US","USA","US-AL"
84001081,"US","USA",840,1081,"Lee","Alabama","US",32.6015,-85.3513,"Lee, Alabama, US",425,30,2020-05-10,3,0,FALSE,TRUE,"US","USA","US-AL"
