"UID","iso2","iso3","code3","FIPS","Admin2","Province.State","Country.Region","Lat","Long","Combined_Key","confirmed","deaths","date","confirmed_new","deaths_new","hasErrors","hasParent","country_code","country_code3","territory_code"
84006029,"US","USA",840,6029,"Kern","California","US",35.3433,-118.728,"Kern, California, US",0,0,2020-01-22,0,0,FALSE,TRUE,"US","USA","US-CA"
84006029,"US","USA",840,6029,"Kern","California","US",35.3433,-118.728,"Kern, California, US",0,0,2020-01-23,0,0,FALSE,TRUE,"US","USA","US-CA"
84006029,"US","USA",840,6029,"Kern","California","US",35.3433,-118.728,"Kern, California, US",0,0,2020-01-24,0,0,FALSE,TRUE,"US","USA","US-CA"
84006029,"US","USA",840,6029,"Kern","California","US",35.3433,-118.728,"Kern, California, US",0,0,2020-01-25,0,0,FALSE,TRUE,"US","USA","US-CA"
84006029,"US","USA",840,6029,"Kern","California","US",35.3433,-118.728,"Kern, California, US",0,0,2020-01-26,0,0,FALSE,TRUE,"US","USA","US-CA"
84006029,"US","USA",840,6029,"Kern","California","US",35.3433,-118.728,"Kern, California, US",0,0,2020-01-27,0,0,FALSE,TRUE,"US","USA","US-CA"
84006029,"US","USA",840,6029,"Kern","California","US",35.3433,-118.728,"Kern, California, US",0,0,2020-01-28,0,0,FALSE,TRUE,"US","USA","US-CA"
84006029,"US","USA",840,6029,"Kern","California","US",35.3433,-118.728,"Kern, California, US",0,0,2020-01-29,0,0,FALSE,TRUE,"US","USA","US-CA"
84006029,"US","USA",840,6029,"Kern","California","US",35.3433,-118.728,"Kern, California, US",0,0,2020-01-30,0,0,FALSE,TRUE,"US","USA","US-CA"
84006029,"US","USA",840,6029,"Kern","California","US",35.3433,-118.728,"Kern, California, US",0,0,2020-01-31,0,0,FALSE,TRUE,"US","USA","US-CA"
84006029,"US","USA",840,6029,"Kern","California","US",35.3433,-118.728,"Kern, California, US",0,0,2020-02-01,0,0,FALSE,TRUE,"US","USA","US-CA"
84006029,"US","USA",840,6029,"Kern","California","US",35.3433,-118.728,"Kern, California, US",0,0,2020-02-02,0,0,FALSE,TRUE,"US","USA","US-CA"
84006029,"US","USA",840,6029,"Kern","California","US",35.3433,-118.728,"Kern, California, US",0,0,2020-02-03,0,0,FALSE,TRUE,"US","USA","US-CA"
84006029,"US","USA",840,6029,"Kern","California","US",35.3433,-118.728,"Kern, California, US",0,0,2020-02-04,0,0,FALSE,TRUE,"US","USA","US-CA"
84006029,"US","USA",840,6029,"Kern","California","US",35.3433,-118.728,"Kern, California, US",0,0,2020-02-05,0,0,FALSE,TRUE,"US","USA","US-CA"
84006029,"US","USA",840,6029,"Kern","California","US",35.3433,-118.728,"Kern, California, US",0,0,2020-02-06,0,0,FALSE,TRUE,"US","USA","US-CA"
84006029,"US","USA",840,6029,"Kern","California","US",35.3433,-118.728,"Kern, California, US",0,0,2020-02-07,0,0,FALSE,TRUE,"US","USA","US-CA"
84006029,"US","USA",840,6029,"Kern","California","US",35.3433,-118.728,"Kern, California, US",0,0,2020-02-08,0,0,FALSE,TRUE,"US","USA","US-CA"
84006029,"US","USA",840,6029,"Kern","California","US",35.3433,-118.728,"Kern, California, US",0,0,2020-02-09,0,0,FALSE,TRUE,"US","USA","US-CA"
84006029,"US","USA",840,6029,"Kern","California","US",35.3433,-118.728,"Kern, California, US",0,0,2020-02-10,0,0,FALSE,TRUE,"US","USA","US-CA"
84006029,"US","USA",840,6029,"Kern","California","US",35.3433,-118.728,"Kern, California, US",0,0,2020-02-11,0,0,FALSE,TRUE,"US","USA","US-CA"
84006029,"US","USA",840,6029,"Kern","California","US",35.3433,-118.728,"Kern, California, US",0,0,2020-02-12,0,0,FALSE,TRUE,"US","USA","US-CA"
84006029,"US","USA",840,6029,"Kern","California","US",35.3433,-118.728,"Kern, California, US",0,0,2020-02-13,0,0,FALSE,TRUE,"US","USA","US-CA"
84006029,"US","USA",840,6029,"Kern","California","US",35.3433,-118.728,"Kern, California, US",0,0,2020-02-14,0,0,FALSE,TRUE,"US","USA","US-CA"
84006029,"US","USA",840,6029,"Kern","California","US",35.3433,-118.728,"Kern, California, US",0,0,2020-02-15,0,0,FALSE,TRUE,"US","USA","US-CA"
84006029,"US","USA",840,6029,"Kern","California","US",35.3433,-118.728,"Kern, California, US",0,0,2020-02-16,0,0,FALSE,TRUE,"US","USA","US-CA"
84006029,"US","USA",840,6029,"Kern","California","US",35.3433,-118.728,"Kern, California, US",0,0,2020-02-17,0,0,FALSE,TRUE,"US","USA","US-CA"
84006029,"US","USA",840,6029,"Kern","California","US",35.3433,-118.728,"Kern, California, US",0,0,2020-02-18,0,0,FALSE,TRUE,"US","USA","US-CA"
84006029,"US","USA",840,6029,"Kern","California","US",35.3433,-118.728,"Kern, California, US",0,0,2020-02-19,0,0,FALSE,TRUE,"US","USA","US-CA"
84006029,"US","USA",840,6029,"Kern","California","US",35.3433,-118.728,"Kern, California, US",0,0,2020-02-20,0,0,FALSE,TRUE,"US","USA","US-CA"
84006029,"US","USA",840,6029,"Kern","California","US",35.3433,-118.728,"Kern, California, US",0,0,2020-02-21,0,0,FALSE,TRUE,"US","USA","US-CA"
84006029,"US","USA",840,6029,"Kern","California","US",35.3433,-118.728,"Kern, California, US",0,0,2020-02-22,0,0,FALSE,TRUE,"US","USA","US-CA"
84006029,"US","USA",840,6029,"Kern","California","US",35.3433,-118.728,"Kern, California, US",0,0,2020-02-23,0,0,FALSE,TRUE,"US","USA","US-CA"
84006029,"US","USA",840,6029,"Kern","California","US",35.3433,-118.728,"Kern, California, US",0,0,2020-02-24,0,0,FALSE,TRUE,"US","USA","US-CA"
84006029,"US","USA",840,6029,"Kern","California","US",35.3433,-118.728,"Kern, California, US",0,0,2020-02-25,0,0,FALSE,TRUE,"US","USA","US-CA"
84006029,"US","USA",840,6029,"Kern","California","US",35.3433,-118.728,"Kern, California, US",0,0,2020-02-26,0,0,FALSE,TRUE,"US","USA","US-CA"
84006029,"US","USA",840,6029,"Kern","California","US",35.3433,-118.728,"Kern, California, US",0,0,2020-02-27,0,0,FALSE,TRUE,"US","USA","US-CA"
84006029,"US","USA",840,6029,"Kern","California","US",35.3433,-118.728,"Kern, California, US",0,0,2020-02-28,0,0,FALSE,TRUE,"US","USA","US-CA"
84006029,"US","USA",840,6029,"Kern","California","US",35.3433,-118.728,"Kern, California, US",0,0,2020-02-29,0,0,FALSE,TRUE,"US","USA","US-CA"
84006029,"US","USA",840,6029,"Kern","California","US",35.3433,-118.728,"Kern, California, US",0,0,2020-03-01,0,0,FALSE,TRUE,"US","USA","US-CA"
84006029,"US","USA",840,6029,"Kern","California","US",35.3433,-118.728,"Kern, California, US",0,0,2020-03-02,0,0,FALSE,TRUE,"US","USA","US-CA"
84006029,"US","USA",840,6029,"Kern","California","US",35.3433,-118.728,"Kern, California, US",0,0,2020-03-03,0,0,FALSE,TRUE,"US","USA","US-CA"
84006029,"US","USA",840,6029,"Kern","California","US",35.3433,-118.728,"Kern, California, US",0,0,2020-03-04,0,0,FALSE,TRUE,"US","USA","US-CA"
84006029,"US","USA",840,6029,"Kern","California","US",35.3433,-118.728,"Kern, California, US",0,0,2020-03-05,0,0,FALSE,TRUE,"US","USA","US-CA"
84006029,"US","USA",840,6029,"Kern","California","US",35.3433,-118.728,"Kern, California, US",0,0,2020-03-06,0,0,FALSE,TRUE,"US","USA","US-CA"
84006029,"US","USA",840,6029,"Kern","California","US",35.3433,-118.728,"Kern, California, US",0,0,2020-03-07,0,0,FALSE,TRUE,"US","USA","US-CA"
84006029,"US","USA",840,6029,"Kern","California","US",35.3433,-118.728,"Kern, California, US",0,0,2020-03-08,0,0,FALSE,TRUE,"US","USA","US-CA"
84006029,"US","USA",840,6029,"Kern","California","US",35.3433,-118.728,"Kern, California, US",0,0,2020-03-09,0,0,FALSE,TRUE,"US","USA","US-CA"
84006029,"US","USA",840,6029,"Kern","California","US",35.3433,-118.728,"Kern, California, US",0,0,2020-03-10,0,0,FALSE,TRUE,"US","USA","US-CA"
84006029,"US","USA",840,6029,"Kern","California","US",35.3433,-118.728,"Kern, California, US",0,0,2020-03-11,0,0,FALSE,TRUE,"US","USA","US-CA"
84006029,"US","USA",840,6029,"Kern","California","US",35.3433,-118.728,"Kern, California, US",0,0,2020-03-12,0,0,FALSE,TRUE,"US","USA","US-CA"
84006029,"US","USA",840,6029,"Kern","California","US",35.3433,-118.728,"Kern, California, US",0,0,2020-03-13,0,0,FALSE,TRUE,"US","USA","US-CA"
84006029,"US","USA",840,6029,"Kern","California","US",35.3433,-118.728,"Kern, California, US",0,0,2020-03-14,0,0,FALSE,TRUE,"US","USA","US-CA"
84006029,"US","USA",840,6029,"Kern","California","US",35.3433,-118.728,"Kern, California, US",0,0,2020-03-15,0,0,FALSE,TRUE,"US","USA","US-CA"
84006029,"US","USA",840,6029,"Kern","California","US",35.3433,-118.728,"Kern, California, US",0,0,2020-03-16,0,0,FALSE,TRUE,"US","USA","US-CA"
84006029,"US","USA",840,6029,"Kern","California","US",35.3433,-118.728,"Kern, California, US",1,0,2020-03-17,1,0,FALSE,TRUE,"US","USA","US-CA"
84006029,"US","USA",840,6029,"Kern","California","US",35.3433,-118.728,"Kern, California, US",1,0,2020-03-18,0,0,FALSE,TRUE,"US","USA","US-CA"
84006029,"US","USA",840,6029,"Kern","California","US",35.3433,-118.728,"Kern, California, US",3,0,2020-03-19,2,0,FALSE,TRUE,"US","USA","US-CA"
84006029,"US","USA",840,6029,"Kern","California","US",35.3433,-118.728,"Kern, California, US",4,0,2020-03-20,1,0,FALSE,TRUE,"US","USA","US-CA"
84006029,"US","USA",840,6029,"Kern","California","US",35.3433,-118.728,"Kern, California, US",5,0,2020-03-21,1,0,FALSE,TRUE,"US","USA","US-CA"
84006029,"US","USA",840,6029,"Kern","California","US",35.3433,-118.728,"Kern, California, US",5,0,2020-03-22,0,0,FALSE,TRUE,"US","USA","US-CA"
84006029,"US","USA",840,6029,"Kern","California","US",35.3433,-118.728,"Kern, California, US",12,0,2020-03-23,7,0,FALSE,TRUE,"US","USA","US-CA"
84006029,"US","USA",840,6029,"Kern","California","US",35.3433,-118.728,"Kern, California, US",13,0,2020-03-24,1,0,FALSE,TRUE,"US","USA","US-CA"
84006029,"US","USA",840,6029,"Kern","California","US",35.3433,-118.728,"Kern, California, US",15,0,2020-03-25,2,0,FALSE,TRUE,"US","USA","US-CA"
84006029,"US","USA",840,6029,"Kern","California","US",35.3433,-118.728,"Kern, California, US",29,0,2020-03-26,14,0,FALSE,TRUE,"US","USA","US-CA"
84006029,"US","USA",840,6029,"Kern","California","US",35.3433,-118.728,"Kern, California, US",33,1,2020-03-27,4,1,FALSE,TRUE,"US","USA","US-CA"
84006029,"US","USA",840,6029,"Kern","California","US",35.3433,-118.728,"Kern, California, US",47,1,2020-03-28,14,0,FALSE,TRUE,"US","USA","US-CA"
84006029,"US","USA",840,6029,"Kern","California","US",35.3433,-118.728,"Kern, California, US",51,1,2020-03-29,4,0,FALSE,TRUE,"US","USA","US-CA"
84006029,"US","USA",840,6029,"Kern","California","US",35.3433,-118.728,"Kern, California, US",60,1,2020-03-30,9,0,FALSE,TRUE,"US","USA","US-CA"
84006029,"US","USA",840,6029,"Kern","California","US",35.3433,-118.728,"Kern, California, US",83,1,2020-03-31,23,0,FALSE,TRUE,"US","USA","US-CA"
84006029,"US","USA",840,6029,"Kern","California","US",35.3433,-118.728,"Kern, California, US",110,1,2020-04-01,27,0,FALSE,TRUE,"US","USA","US-CA"
84006029,"US","USA",840,6029,"Kern","California","US",35.3433,-118.728,"Kern, California, US",142,1,2020-04-02,32,0,FALSE,TRUE,"US","USA","US-CA"
84006029,"US","USA",840,6029,"Kern","California","US",35.3433,-118.728,"Kern, California, US",173,2,2020-04-03,31,1,FALSE,TRUE,"US","USA","US-CA"
84006029,"US","USA",840,6029,"Kern","California","US",35.3433,-118.728,"Kern, California, US",210,2,2020-04-04,37,0,FALSE,TRUE,"US","USA","US-CA"
84006029,"US","USA",840,6029,"Kern","California","US",35.3433,-118.728,"Kern, California, US",230,2,2020-04-05,20,0,FALSE,TRUE,"US","USA","US-CA"
84006029,"US","USA",840,6029,"Kern","California","US",35.3433,-118.728,"Kern, California, US",239,2,2020-04-06,9,0,FALSE,TRUE,"US","USA","US-CA"
84006029,"US","USA",840,6029,"Kern","California","US",35.3433,-118.728,"Kern, California, US",252,2,2020-04-07,13,0,FALSE,TRUE,"US","USA","US-CA"
84006029,"US","USA",840,6029,"Kern","California","US",35.3433,-118.728,"Kern, California, US",271,2,2020-04-08,19,0,FALSE,TRUE,"US","USA","US-CA"
84006029,"US","USA",840,6029,"Kern","California","US",35.3433,-118.728,"Kern, California, US",303,2,2020-04-09,32,0,FALSE,TRUE,"US","USA","US-CA"
84006029,"US","USA",840,6029,"Kern","California","US",35.3433,-118.728,"Kern, California, US",337,3,2020-04-10,34,1,FALSE,TRUE,"US","USA","US-CA"
84006029,"US","USA",840,6029,"Kern","California","US",35.3433,-118.728,"Kern, California, US",371,3,2020-04-11,34,0,FALSE,TRUE,"US","USA","US-CA"
84006029,"US","USA",840,6029,"Kern","California","US",35.3433,-118.728,"Kern, California, US",396,3,2020-04-12,25,0,FALSE,TRUE,"US","USA","US-CA"
84006029,"US","USA",840,6029,"Kern","California","US",35.3433,-118.728,"Kern, California, US",436,3,2020-04-13,40,0,FALSE,TRUE,"US","USA","US-CA"
84006029,"US","USA",840,6029,"Kern","California","US",35.3433,-118.728,"Kern, California, US",462,3,2020-04-14,26,0,FALSE,TRUE,"US","USA","US-CA"
84006029,"US","USA",840,6029,"Kern","California","US",35.3433,-118.728,"Kern, California, US",533,3,2020-04-15,71,0,FALSE,TRUE,"US","USA","US-CA"
84006029,"US","USA",840,6029,"Kern","California","US",35.3433,-118.728,"Kern, California, US",565,3,2020-04-16,32,0,FALSE,TRUE,"US","USA","US-CA"
84006029,"US","USA",840,6029,"Kern","California","US",35.3433,-118.728,"Kern, California, US",578,3,2020-04-17,13,0,FALSE,TRUE,"US","USA","US-CA"
84006029,"US","USA",840,6029,"Kern","California","US",35.3433,-118.728,"Kern, California, US",610,3,2020-04-18,32,0,FALSE,TRUE,"US","USA","US-CA"
84006029,"US","USA",840,6029,"Kern","California","US",35.3433,-118.728,"Kern, California, US",623,3,2020-04-19,13,0,FALSE,TRUE,"US","USA","US-CA"
84006029,"US","USA",840,6029,"Kern","California","US",35.3433,-118.728,"Kern, California, US",643,3,2020-04-20,20,0,FALSE,TRUE,"US","USA","US-CA"
84006029,"US","USA",840,6029,"Kern","California","US",35.3433,-118.728,"Kern, California, US",671,3,2020-04-21,28,0,FALSE,TRUE,"US","USA","US-CA"
84006029,"US","USA",840,6029,"Kern","California","US",35.3433,-118.728,"Kern, California, US",683,4,2020-04-22,12,1,FALSE,TRUE,"US","USA","US-CA"
84006029,"US","USA",840,6029,"Kern","California","US",35.3433,-118.728,"Kern, California, US",699,4,2020-04-23,16,0,FALSE,TRUE,"US","USA","US-CA"
84006029,"US","USA",840,6029,"Kern","California","US",35.3433,-118.728,"Kern, California, US",735,4,2020-04-24,36,0,FALSE,TRUE,"US","USA","US-CA"
84006029,"US","USA",840,6029,"Kern","California","US",35.3433,-118.728,"Kern, California, US",755,4,2020-04-25,20,0,FALSE,TRUE,"US","USA","US-CA"
84006029,"US","USA",840,6029,"Kern","California","US",35.3433,-118.728,"Kern, California, US",809,4,2020-04-26,54,0,FALSE,TRUE,"US","USA","US-CA"
84006029,"US","USA",840,6029,"Kern","California","US",35.3433,-118.728,"Kern, California, US",828,5,2020-04-27,19,1,FALSE,TRUE,"US","USA","US-CA"
84006029,"US","USA",840,6029,"Kern","California","US",35.3433,-118.728,"Kern, California, US",847,5,2020-04-28,19,0,FALSE,TRUE,"US","USA","US-CA"
84006029,"US","USA",840,6029,"Kern","California","US",35.3433,-118.728,"Kern, California, US",866,6,2020-04-29,19,1,FALSE,TRUE,"US","USA","US-CA"
84006029,"US","USA",840,6029,"Kern","California","US",35.3433,-118.728,"Kern, California, US",893,7,2020-04-30,27,1,FALSE,TRUE,"US","USA","US-CA"
84006029,"US","USA",840,6029,"Kern","California","US",35.3433,-118.728,"Kern, California, US",939,8,2020-05-01,46,1,FALSE,TRUE,"US","USA","US-CA"
84006029,"US","USA",840,6029,"Kern","California","US",35.3433,-118.728,"Kern, California, US",969,8,2020-05-02,30,0,FALSE,TRUE,"US","USA","US-CA"
84006029,"US","USA",840,6029,"Kern","California","US",35.3433,-118.728,"Kern, California, US",1005,8,2020-05-03,36,0,FALSE,TRUE,"US","USA","US-CA"
84006029,"US","USA",840,6029,"Kern","California","US",35.3433,-118.728,"Kern, California, US",1016,8,2020-05-04,11,0,FALSE,TRUE,"US","USA","US-CA"
84006029,"US","USA",840,6029,"Kern","California","US",35.3433,-118.728,"Kern, California, US",1045,11,2020-05-05,29,3,FALSE,TRUE,"US","USA","US-CA"
84006029,"US","USA",840,6029,"Kern","California","US",35.3433,-118.728,"Kern, California, US",1073,11,2020-05-06,28,0,FALSE,TRUE,"US","USA","US-CA"
84006029,"US","USA",840,6029,"Kern","California","US",35.3433,-118.728,"Kern, California, US",1133,13,2020-05-07,60,2,FALSE,TRUE,"US","USA","US-CA"
84006029,"US","USA",840,6029,"Kern","California","US",35.3433,-118.728,"Kern, California, US",1166,15,2020-05-08,33,2,FALSE,TRUE,"US","USA","US-CA"
84006029,"US","USA",840,6029,"Kern","California","US",35.3433,-118.728,"Kern, California, US",1228,15,2020-05-09,62,0,FALSE,TRUE,"US","USA","US-CA"
84006029,"US","USA",840,6029,"Kern","California","US",35.3433,-118.728,"Kern, California, US",1254,15,2020-05-10,26,0,FALSE,TRUE,"US","USA","US-CA"
84006029,"US","USA",840,6029,"Kern","California","US",35.3433,-118.728,"Kern, California, US",1286,15,2020-05-11,32,0,FALSE,TRUE,"US","USA","US-CA"
84006029,"US","USA",840,6029,"Kern","California","US",35.3433,-118.728,"Kern, California, US",1316,17,2020-05-12,30,2,FALSE,TRUE,"US","USA","US-CA"
84006029,"US","USA",840,6029,"Kern","California","US",35.3433,-118.728,"Kern, California, US",1343,17,2020-05-13,27,0,FALSE,TRUE,"US","USA","US-CA"
84006029,"US","USA",840,6029,"Kern","California","US",35.3433,-118.728,"Kern, California, US",1393,21,2020-05-14,50,4,FALSE,TRUE,"US","USA","US-CA"
84006029,"US","USA",840,6029,"Kern","California","US",35.3433,-118.728,"Kern, California, US",1428,24,2020-05-15,35,3,FALSE,TRUE,"US","USA","US-CA"
84006029,"US","USA",840,6029,"Kern","California","US",35.3433,-118.728,"Kern, California, US",1473,25,2020-05-16,45,1,FALSE,TRUE,"US","USA","US-CA"
84006029,"US","USA",840,6029,"Kern","California","US",35.3433,-118.728,"Kern, California, US",1515,25,2020-05-17,42,0,FALSE,TRUE,"US","USA","US-CA"
84006029,"US","USA",840,6029,"Kern","California","US",35.3433,-118.728,"Kern, California, US",1537,25,2020-05-18,22,0,FALSE,TRUE,"US","USA","US-CA"
84006029,"US","USA",840,6029,"Kern","California","US",35.3433,-118.728,"Kern, California, US",1571,25,2020-05-19,34,0,FALSE,TRUE,"US","USA","US-CA"
84006029,"US","USA",840,6029,"Kern","California","US",35.3433,-118.728,"Kern, California, US",1605,25,2020-05-20,34,0,FALSE,TRUE,"US","USA","US-CA"
84006029,"US","USA",840,6029,"Kern","California","US",35.3433,-118.728,"Kern, California, US",1644,25,2020-05-21,39,0,FALSE,TRUE,"US","USA","US-CA"
84006029,"US","USA",840,6029,"Kern","California","US",35.3433,-118.728,"Kern, California, US",1695,27,2020-05-22,51,2,FALSE,TRUE,"US","USA","US-CA"
84006029,"US","USA",840,6029,"Kern","California","US",35.3433,-118.728,"Kern, California, US",1757,29,2020-05-23,62,2,FALSE,TRUE,"US","USA","US-CA"
84006029,"US","USA",840,6029,"Kern","California","US",35.3433,-118.728,"Kern, California, US",1824,29,2020-05-24,67,0,FALSE,TRUE,"US","USA","US-CA"
84006029,"US","USA",840,6029,"Kern","California","US",35.3433,-118.728,"Kern, California, US",1871,29,2020-05-25,47,0,FALSE,TRUE,"US","USA","US-CA"
84006029,"US","USA",840,6029,"Kern","California","US",35.3433,-118.728,"Kern, California, US",1876,29,2020-05-26,5,0,FALSE,TRUE,"US","USA","US-CA"
84006029,"US","USA",840,6029,"Kern","California","US",35.3433,-118.728,"Kern, California, US",1941,36,2020-05-27,65,7,FALSE,TRUE,"US","USA","US-CA"
84006029,"US","USA",840,6029,"Kern","California","US",35.3433,-118.728,"Kern, California, US",2007,37,2020-05-28,66,1,FALSE,TRUE,"US","USA","US-CA"
84006029,"US","USA",840,6029,"Kern","California","US",35.3433,-118.728,"Kern, California, US",2076,37,2020-05-29,69,0,FALSE,TRUE,"US","USA","US-CA"
84006029,"US","USA",840,6029,"Kern","California","US",35.3433,-118.728,"Kern, California, US",2145,38,2020-05-30,69,1,FALSE,TRUE,"US","USA","US-CA"
84006029,"US","USA",840,6029,"Kern","California","US",35.3433,-118.728,"Kern, California, US",2250,38,2020-05-31,105,0,FALSE,TRUE,"US","USA","US-CA"
84006029,"US","USA",840,6029,"Kern","California","US",35.3433,-118.728,"Kern, California, US",2322,38,2020-06-01,72,0,FALSE,TRUE,"US","USA","US-CA"
84006029,"US","USA",840,6029,"Kern","California","US",35.3433,-118.728,"Kern, California, US",2376,39,2020-06-02,54,1,FALSE,TRUE,"US","USA","US-CA"
84006029,"US","USA",840,6029,"Kern","California","US",35.3433,-118.728,"Kern, California, US",2418,40,2020-06-03,42,1,FALSE,TRUE,"US","USA","US-CA"
84006029,"US","USA",840,6029,"Kern","California","US",35.3433,-118.728,"Kern, California, US",2462,45,2020-06-04,44,5,FALSE,TRUE,"US","USA","US-CA"
