"UID","iso2","iso3","code3","FIPS","Admin2","Province.State","Country.Region","Lat","Long","Combined_Key","confirmed","deaths","date","confirmed_new","deaths_new","hasErrors","hasParent","country_code","country_code3","territory_code"
84012011,"US","USA",840,12011,"Broward","Florida","US",26.1518,-80.4873,"Broward, Florida, US",0,0,2020-01-22,0,0,FALSE,TRUE,"US","USA","US-FL"
84012011,"US","USA",840,12011,"Broward","Florida","US",26.1518,-80.4873,"Broward, Florida, US",0,0,2020-01-23,0,0,FALSE,TRUE,"US","USA","US-FL"
84012011,"US","USA",840,12011,"Broward","Florida","US",26.1518,-80.4873,"Broward, Florida, US",0,0,2020-01-24,0,0,FALSE,TRUE,"US","USA","US-FL"
84012011,"US","USA",840,12011,"Broward","Florida","US",26.1518,-80.4873,"Broward, Florida, US",0,0,2020-01-25,0,0,FALSE,TRUE,"US","USA","US-FL"
84012011,"US","USA",840,12011,"Broward","Florida","US",26.1518,-80.4873,"Broward, Florida, US",0,0,2020-01-26,0,0,FALSE,TRUE,"US","USA","US-FL"
84012011,"US","USA",840,12011,"Broward","Florida","US",26.1518,-80.4873,"Broward, Florida, US",0,0,2020-01-27,0,0,FALSE,TRUE,"US","USA","US-FL"
84012011,"US","USA",840,12011,"Broward","Florida","US",26.1518,-80.4873,"Broward, Florida, US",0,0,2020-01-28,0,0,FALSE,TRUE,"US","USA","US-FL"
84012011,"US","USA",840,12011,"Broward","Florida","US",26.1518,-80.4873,"Broward, Florida, US",0,0,2020-01-29,0,0,FALSE,TRUE,"US","USA","US-FL"
84012011,"US","USA",840,12011,"Broward","Florida","US",26.1518,-80.4873,"Broward, Florida, US",0,0,2020-01-30,0,0,FALSE,TRUE,"US","USA","US-FL"
84012011,"US","USA",840,12011,"Broward","Florida","US",26.1518,-80.4873,"Broward, Florida, US",0,0,2020-01-31,0,0,FALSE,TRUE,"US","USA","US-FL"
84012011,"US","USA",840,12011,"Broward","Florida","US",26.1518,-80.4873,"Broward, Florida, US",0,0,2020-02-01,0,0,FALSE,TRUE,"US","USA","US-FL"
84012011,"US","USA",840,12011,"Broward","Florida","US",26.1518,-80.4873,"Broward, Florida, US",0,0,2020-02-02,0,0,FALSE,TRUE,"US","USA","US-FL"
84012011,"US","USA",840,12011,"Broward","Florida","US",26.1518,-80.4873,"Broward, Florida, US",0,0,2020-02-03,0,0,FALSE,TRUE,"US","USA","US-FL"
84012011,"US","USA",840,12011,"Broward","Florida","US",26.1518,-80.4873,"Broward, Florida, US",0,0,2020-02-04,0,0,FALSE,TRUE,"US","USA","US-FL"
84012011,"US","USA",840,12011,"Broward","Florida","US",26.1518,-80.4873,"Broward, Florida, US",0,0,2020-02-05,0,0,FALSE,TRUE,"US","USA","US-FL"
84012011,"US","USA",840,12011,"Broward","Florida","US",26.1518,-80.4873,"Broward, Florida, US",0,0,2020-02-06,0,0,FALSE,TRUE,"US","USA","US-FL"
84012011,"US","USA",840,12011,"Broward","Florida","US",26.1518,-80.4873,"Broward, Florida, US",0,0,2020-02-07,0,0,FALSE,TRUE,"US","USA","US-FL"
84012011,"US","USA",840,12011,"Broward","Florida","US",26.1518,-80.4873,"Broward, Florida, US",0,0,2020-02-08,0,0,FALSE,TRUE,"US","USA","US-FL"
84012011,"US","USA",840,12011,"Broward","Florida","US",26.1518,-80.4873,"Broward, Florida, US",0,0,2020-02-09,0,0,FALSE,TRUE,"US","USA","US-FL"
84012011,"US","USA",840,12011,"Broward","Florida","US",26.1518,-80.4873,"Broward, Florida, US",0,0,2020-02-10,0,0,FALSE,TRUE,"US","USA","US-FL"
84012011,"US","USA",840,12011,"Broward","Florida","US",26.1518,-80.4873,"Broward, Florida, US",0,0,2020-02-11,0,0,FALSE,TRUE,"US","USA","US-FL"
84012011,"US","USA",840,12011,"Broward","Florida","US",26.1518,-80.4873,"Broward, Florida, US",0,0,2020-02-12,0,0,FALSE,TRUE,"US","USA","US-FL"
84012011,"US","USA",840,12011,"Broward","Florida","US",26.1518,-80.4873,"Broward, Florida, US",0,0,2020-02-13,0,0,FALSE,TRUE,"US","USA","US-FL"
84012011,"US","USA",840,12011,"Broward","Florida","US",26.1518,-80.4873,"Broward, Florida, US",0,0,2020-02-14,0,0,FALSE,TRUE,"US","USA","US-FL"
84012011,"US","USA",840,12011,"Broward","Florida","US",26.1518,-80.4873,"Broward, Florida, US",0,0,2020-02-15,0,0,FALSE,TRUE,"US","USA","US-FL"
84012011,"US","USA",840,12011,"Broward","Florida","US",26.1518,-80.4873,"Broward, Florida, US",0,0,2020-02-16,0,0,FALSE,TRUE,"US","USA","US-FL"
84012011,"US","USA",840,12011,"Broward","Florida","US",26.1518,-80.4873,"Broward, Florida, US",0,0,2020-02-17,0,0,FALSE,TRUE,"US","USA","US-FL"
84012011,"US","USA",840,12011,"Broward","Florida","US",26.1518,-80.4873,"Broward, Florida, US",0,0,2020-02-18,0,0,FALSE,TRUE,"US","USA","US-FL"
84012011,"US","USA",840,12011,"Broward","Florida","US",26.1518,-80.4873,"Broward, Florida, US",0,0,2020-02-19,0,0,FALSE,TRUE,"US","USA","US-FL"
84012011,"US","USA",840,12011,"Broward","Florida","US",26.1518,-80.4873,"Broward, Florida, US",0,0,2020-02-20,0,0,FALSE,TRUE,"US","USA","US-FL"
84012011,"US","USA",840,12011,"Broward","Florida","US",26.1518,-80.4873,"Broward, Florida, US",0,0,2020-02-21,0,0,FALSE,TRUE,"US","USA","US-FL"
84012011,"US","USA",840,12011,"Broward","Florida","US",26.1518,-80.4873,"Broward, Florida, US",0,0,2020-02-22,0,0,FALSE,TRUE,"US","USA","US-FL"
84012011,"US","USA",840,12011,"Broward","Florida","US",26.1518,-80.4873,"Broward, Florida, US",0,0,2020-02-23,0,0,FALSE,TRUE,"US","USA","US-FL"
84012011,"US","USA",840,12011,"Broward","Florida","US",26.1518,-80.4873,"Broward, Florida, US",0,0,2020-02-24,0,0,FALSE,TRUE,"US","USA","US-FL"
84012011,"US","USA",840,12011,"Broward","Florida","US",26.1518,-80.4873,"Broward, Florida, US",0,0,2020-02-25,0,0,FALSE,TRUE,"US","USA","US-FL"
84012011,"US","USA",840,12011,"Broward","Florida","US",26.1518,-80.4873,"Broward, Florida, US",0,0,2020-02-26,0,0,FALSE,TRUE,"US","USA","US-FL"
84012011,"US","USA",840,12011,"Broward","Florida","US",26.1518,-80.4873,"Broward, Florida, US",0,0,2020-02-27,0,0,FALSE,TRUE,"US","USA","US-FL"
84012011,"US","USA",840,12011,"Broward","Florida","US",26.1518,-80.4873,"Broward, Florida, US",0,0,2020-02-28,0,0,FALSE,TRUE,"US","USA","US-FL"
84012011,"US","USA",840,12011,"Broward","Florida","US",26.1518,-80.4873,"Broward, Florida, US",0,0,2020-02-29,0,0,FALSE,TRUE,"US","USA","US-FL"
84012011,"US","USA",840,12011,"Broward","Florida","US",26.1518,-80.4873,"Broward, Florida, US",0,0,2020-03-01,0,0,FALSE,TRUE,"US","USA","US-FL"
84012011,"US","USA",840,12011,"Broward","Florida","US",26.1518,-80.4873,"Broward, Florida, US",0,0,2020-03-02,0,0,FALSE,TRUE,"US","USA","US-FL"
84012011,"US","USA",840,12011,"Broward","Florida","US",26.1518,-80.4873,"Broward, Florida, US",0,0,2020-03-03,0,0,FALSE,TRUE,"US","USA","US-FL"
84012011,"US","USA",840,12011,"Broward","Florida","US",26.1518,-80.4873,"Broward, Florida, US",0,0,2020-03-04,0,0,FALSE,TRUE,"US","USA","US-FL"
84012011,"US","USA",840,12011,"Broward","Florida","US",26.1518,-80.4873,"Broward, Florida, US",0,0,2020-03-05,0,0,FALSE,TRUE,"US","USA","US-FL"
84012011,"US","USA",840,12011,"Broward","Florida","US",26.1518,-80.4873,"Broward, Florida, US",0,0,2020-03-06,0,0,FALSE,TRUE,"US","USA","US-FL"
84012011,"US","USA",840,12011,"Broward","Florida","US",26.1518,-80.4873,"Broward, Florida, US",2,0,2020-03-07,2,0,FALSE,TRUE,"US","USA","US-FL"
84012011,"US","USA",840,12011,"Broward","Florida","US",26.1518,-80.4873,"Broward, Florida, US",2,0,2020-03-08,0,0,FALSE,TRUE,"US","USA","US-FL"
84012011,"US","USA",840,12011,"Broward","Florida","US",26.1518,-80.4873,"Broward, Florida, US",3,0,2020-03-09,1,0,FALSE,TRUE,"US","USA","US-FL"
84012011,"US","USA",840,12011,"Broward","Florida","US",26.1518,-80.4873,"Broward, Florida, US",4,0,2020-03-10,1,0,FALSE,TRUE,"US","USA","US-FL"
84012011,"US","USA",840,12011,"Broward","Florida","US",26.1518,-80.4873,"Broward, Florida, US",4,0,2020-03-11,0,0,FALSE,TRUE,"US","USA","US-FL"
84012011,"US","USA",840,12011,"Broward","Florida","US",26.1518,-80.4873,"Broward, Florida, US",7,0,2020-03-12,3,0,FALSE,TRUE,"US","USA","US-FL"
84012011,"US","USA",840,12011,"Broward","Florida","US",26.1518,-80.4873,"Broward, Florida, US",11,0,2020-03-13,4,0,FALSE,TRUE,"US","USA","US-FL"
84012011,"US","USA",840,12011,"Broward","Florida","US",26.1518,-80.4873,"Broward, Florida, US",20,0,2020-03-14,9,0,FALSE,TRUE,"US","USA","US-FL"
84012011,"US","USA",840,12011,"Broward","Florida","US",26.1518,-80.4873,"Broward, Florida, US",36,0,2020-03-15,16,0,FALSE,TRUE,"US","USA","US-FL"
84012011,"US","USA",840,12011,"Broward","Florida","US",26.1518,-80.4873,"Broward, Florida, US",36,0,2020-03-16,0,0,FALSE,TRUE,"US","USA","US-FL"
84012011,"US","USA",840,12011,"Broward","Florida","US",26.1518,-80.4873,"Broward, Florida, US",48,1,2020-03-17,12,1,FALSE,TRUE,"US","USA","US-FL"
84012011,"US","USA",840,12011,"Broward","Florida","US",26.1518,-80.4873,"Broward, Florida, US",72,1,2020-03-18,24,0,FALSE,TRUE,"US","USA","US-FL"
84012011,"US","USA",840,12011,"Broward","Florida","US",26.1518,-80.4873,"Broward, Florida, US",96,1,2020-03-19,24,0,FALSE,TRUE,"US","USA","US-FL"
84012011,"US","USA",840,12011,"Broward","Florida","US",26.1518,-80.4873,"Broward, Florida, US",128,1,2020-03-20,32,0,FALSE,TRUE,"US","USA","US-FL"
84012011,"US","USA",840,12011,"Broward","Florida","US",26.1518,-80.4873,"Broward, Florida, US",164,3,2020-03-21,36,2,FALSE,TRUE,"US","USA","US-FL"
84012011,"US","USA",840,12011,"Broward","Florida","US",26.1518,-80.4873,"Broward, Florida, US",217,3,2020-03-22,53,0,FALSE,TRUE,"US","USA","US-FL"
84012011,"US","USA",840,12011,"Broward","Florida","US",26.1518,-80.4873,"Broward, Florida, US",263,3,2020-03-23,46,0,FALSE,TRUE,"US","USA","US-FL"
84012011,"US","USA",840,12011,"Broward","Florida","US",26.1518,-80.4873,"Broward, Florida, US",311,3,2020-03-24,48,0,FALSE,TRUE,"US","USA","US-FL"
84012011,"US","USA",840,12011,"Broward","Florida","US",26.1518,-80.4873,"Broward, Florida, US",355,3,2020-03-25,44,0,FALSE,TRUE,"US","USA","US-FL"
84012011,"US","USA",840,12011,"Broward","Florida","US",26.1518,-80.4873,"Broward, Florida, US",504,3,2020-03-26,149,0,FALSE,TRUE,"US","USA","US-FL"
84012011,"US","USA",840,12011,"Broward","Florida","US",26.1518,-80.4873,"Broward, Florida, US",614,5,2020-03-27,110,2,FALSE,TRUE,"US","USA","US-FL"
84012011,"US","USA",840,12011,"Broward","Florida","US",26.1518,-80.4873,"Broward, Florida, US",814,10,2020-03-28,200,5,FALSE,TRUE,"US","USA","US-FL"
84012011,"US","USA",840,12011,"Broward","Florida","US",26.1518,-80.4873,"Broward, Florida, US",838,11,2020-03-29,24,1,FALSE,TRUE,"US","USA","US-FL"
84012011,"US","USA",840,12011,"Broward","Florida","US",26.1518,-80.4873,"Broward, Florida, US",1152,11,2020-03-30,314,0,FALSE,TRUE,"US","USA","US-FL"
84012011,"US","USA",840,12011,"Broward","Florida","US",26.1518,-80.4873,"Broward, Florida, US",1219,12,2020-03-31,67,1,FALSE,TRUE,"US","USA","US-FL"
84012011,"US","USA",840,12011,"Broward","Florida","US",26.1518,-80.4873,"Broward, Florida, US",1232,12,2020-04-01,13,0,FALSE,TRUE,"US","USA","US-FL"
84012011,"US","USA",840,12011,"Broward","Florida","US",26.1518,-80.4873,"Broward, Florida, US",1481,17,2020-04-02,249,5,FALSE,TRUE,"US","USA","US-FL"
84012011,"US","USA",840,12011,"Broward","Florida","US",26.1518,-80.4873,"Broward, Florida, US",1598,22,2020-04-03,117,5,FALSE,TRUE,"US","USA","US-FL"
84012011,"US","USA",840,12011,"Broward","Florida","US",26.1518,-80.4873,"Broward, Florida, US",1765,31,2020-04-04,167,9,FALSE,TRUE,"US","USA","US-FL"
84012011,"US","USA",840,12011,"Broward","Florida","US",26.1518,-80.4873,"Broward, Florida, US",1886,40,2020-04-05,121,9,FALSE,TRUE,"US","USA","US-FL"
84012011,"US","USA",840,12011,"Broward","Florida","US",26.1518,-80.4873,"Broward, Florida, US",2067,46,2020-04-06,181,6,FALSE,TRUE,"US","USA","US-FL"
84012011,"US","USA",840,12011,"Broward","Florida","US",26.1518,-80.4873,"Broward, Florida, US",2230,47,2020-04-07,163,1,FALSE,TRUE,"US","USA","US-FL"
84012011,"US","USA",840,12011,"Broward","Florida","US",26.1518,-80.4873,"Broward, Florida, US",2358,58,2020-04-08,128,11,FALSE,TRUE,"US","USA","US-FL"
84012011,"US","USA",840,12011,"Broward","Florida","US",26.1518,-80.4873,"Broward, Florida, US",2454,66,2020-04-09,96,8,FALSE,TRUE,"US","USA","US-FL"
84012011,"US","USA",840,12011,"Broward","Florida","US",26.1518,-80.4873,"Broward, Florida, US",2645,72,2020-04-10,191,6,FALSE,TRUE,"US","USA","US-FL"
84012011,"US","USA",840,12011,"Broward","Florida","US",26.1518,-80.4873,"Broward, Florida, US",2806,76,2020-04-11,161,4,FALSE,TRUE,"US","USA","US-FL"
84012011,"US","USA",840,12011,"Broward","Florida","US",26.1518,-80.4873,"Broward, Florida, US",2945,76,2020-04-12,139,0,FALSE,TRUE,"US","USA","US-FL"
84012011,"US","USA",840,12011,"Broward","Florida","US",26.1518,-80.4873,"Broward, Florida, US",3177,77,2020-04-13,232,1,FALSE,TRUE,"US","USA","US-FL"
84012011,"US","USA",840,12011,"Broward","Florida","US",26.1518,-80.4873,"Broward, Florida, US",3261,78,2020-04-14,84,1,FALSE,TRUE,"US","USA","US-FL"
84012011,"US","USA",840,12011,"Broward","Florida","US",26.1518,-80.4873,"Broward, Florida, US",3363,92,2020-04-15,102,14,FALSE,TRUE,"US","USA","US-FL"
84012011,"US","USA",840,12011,"Broward","Florida","US",26.1518,-80.4873,"Broward, Florida, US",3466,101,2020-04-16,103,9,FALSE,TRUE,"US","USA","US-FL"
84012011,"US","USA",840,12011,"Broward","Florida","US",26.1518,-80.4873,"Broward, Florida, US",3688,107,2020-04-17,222,6,FALSE,TRUE,"US","USA","US-FL"
84012011,"US","USA",840,12011,"Broward","Florida","US",26.1518,-80.4873,"Broward, Florida, US",3838,115,2020-04-18,150,8,FALSE,TRUE,"US","USA","US-FL"
84012011,"US","USA",840,12011,"Broward","Florida","US",26.1518,-80.4873,"Broward, Florida, US",3971,115,2020-04-19,133,0,FALSE,TRUE,"US","USA","US-FL"
84012011,"US","USA",840,12011,"Broward","Florida","US",26.1518,-80.4873,"Broward, Florida, US",4078,122,2020-04-20,107,7,FALSE,TRUE,"US","USA","US-FL"
84012011,"US","USA",840,12011,"Broward","Florida","US",26.1518,-80.4873,"Broward, Florida, US",4168,126,2020-04-21,90,4,FALSE,TRUE,"US","USA","US-FL"
84012011,"US","USA",840,12011,"Broward","Florida","US",26.1518,-80.4873,"Broward, Florida, US",4228,141,2020-04-22,60,15,FALSE,TRUE,"US","USA","US-FL"
84012011,"US","USA",840,12011,"Broward","Florida","US",26.1518,-80.4873,"Broward, Florida, US",4431,157,2020-04-23,203,16,FALSE,TRUE,"US","USA","US-FL"
84012011,"US","USA",840,12011,"Broward","Florida","US",26.1518,-80.4873,"Broward, Florida, US",4591,162,2020-04-24,160,5,FALSE,TRUE,"US","USA","US-FL"
84012011,"US","USA",840,12011,"Broward","Florida","US",26.1518,-80.4873,"Broward, Florida, US",4659,162,2020-04-25,68,0,FALSE,TRUE,"US","USA","US-FL"
84012011,"US","USA",840,12011,"Broward","Florida","US",26.1518,-80.4873,"Broward, Florida, US",4729,170,2020-04-26,70,8,FALSE,TRUE,"US","USA","US-FL"
84012011,"US","USA",840,12011,"Broward","Florida","US",26.1518,-80.4873,"Broward, Florida, US",4794,174,2020-04-27,65,4,FALSE,TRUE,"US","USA","US-FL"
84012011,"US","USA",840,12011,"Broward","Florida","US",26.1518,-80.4873,"Broward, Florida, US",4847,179,2020-04-28,53,5,FALSE,TRUE,"US","USA","US-FL"
84012011,"US","USA",840,12011,"Broward","Florida","US",26.1518,-80.4873,"Broward, Florida, US",4898,182,2020-04-29,51,3,FALSE,TRUE,"US","USA","US-FL"
84012011,"US","USA",840,12011,"Broward","Florida","US",26.1518,-80.4873,"Broward, Florida, US",4953,185,2020-04-30,55,3,FALSE,TRUE,"US","USA","US-FL"
84012011,"US","USA",840,12011,"Broward","Florida","US",26.1518,-80.4873,"Broward, Florida, US",5144,199,2020-05-01,191,14,FALSE,TRUE,"US","USA","US-FL"
84012011,"US","USA",840,12011,"Broward","Florida","US",26.1518,-80.4873,"Broward, Florida, US",5257,204,2020-05-02,113,5,FALSE,TRUE,"US","USA","US-FL"
84012011,"US","USA",840,12011,"Broward","Florida","US",26.1518,-80.4873,"Broward, Florida, US",5312,207,2020-05-03,55,3,FALSE,TRUE,"US","USA","US-FL"
84012011,"US","USA",840,12011,"Broward","Florida","US",26.1518,-80.4873,"Broward, Florida, US",5383,208,2020-05-04,71,1,FALSE,TRUE,"US","USA","US-FL"
84012011,"US","USA",840,12011,"Broward","Florida","US",26.1518,-80.4873,"Broward, Florida, US",5492,215,2020-05-05,109,7,FALSE,TRUE,"US","USA","US-FL"
84012011,"US","USA",840,12011,"Broward","Florida","US",26.1518,-80.4873,"Broward, Florida, US",5553,219,2020-05-06,61,4,FALSE,TRUE,"US","USA","US-FL"
84012011,"US","USA",840,12011,"Broward","Florida","US",26.1518,-80.4873,"Broward, Florida, US",5677,230,2020-05-07,124,11,FALSE,TRUE,"US","USA","US-FL"
84012011,"US","USA",840,12011,"Broward","Florida","US",26.1518,-80.4873,"Broward, Florida, US",5688,248,2020-05-08,11,18,FALSE,TRUE,"US","USA","US-FL"
84012011,"US","USA",840,12011,"Broward","Florida","US",26.1518,-80.4873,"Broward, Florida, US",5780,257,2020-05-09,92,9,FALSE,TRUE,"US","USA","US-FL"
84012011,"US","USA",840,12011,"Broward","Florida","US",26.1518,-80.4873,"Broward, Florida, US",5858,257,2020-05-10,78,0,FALSE,TRUE,"US","USA","US-FL"
