"UID","iso2","iso3","code3","FIPS","Admin2","Province.State","Country.Region","Lat","Long","Combined_Key","confirmed","deaths","date","confirmed_new","deaths_new","hasErrors","hasParent","country_code","country_code3","territory_code"
84012015,"US","USA",840,12015,"Charlotte","Florida","US",26.9013,-81.9295,"Charlotte, Florida, US",0,0,2020-01-22,0,0,FALSE,TRUE,"US","USA","US-FL"
84012015,"US","USA",840,12015,"Charlotte","Florida","US",26.9013,-81.9295,"Charlotte, Florida, US",0,0,2020-01-23,0,0,FALSE,TRUE,"US","USA","US-FL"
84012015,"US","USA",840,12015,"Charlotte","Florida","US",26.9013,-81.9295,"Charlotte, Florida, US",0,0,2020-01-24,0,0,FALSE,TRUE,"US","USA","US-FL"
84012015,"US","USA",840,12015,"Charlotte","Florida","US",26.9013,-81.9295,"Charlotte, Florida, US",0,0,2020-01-25,0,0,FALSE,TRUE,"US","USA","US-FL"
84012015,"US","USA",840,12015,"Charlotte","Florida","US",26.9013,-81.9295,"Charlotte, Florida, US",0,0,2020-01-26,0,0,FALSE,TRUE,"US","USA","US-FL"
84012015,"US","USA",840,12015,"Charlotte","Florida","US",26.9013,-81.9295,"Charlotte, Florida, US",0,0,2020-01-27,0,0,FALSE,TRUE,"US","USA","US-FL"
84012015,"US","USA",840,12015,"Charlotte","Florida","US",26.9013,-81.9295,"Charlotte, Florida, US",0,0,2020-01-28,0,0,FALSE,TRUE,"US","USA","US-FL"
84012015,"US","USA",840,12015,"Charlotte","Florida","US",26.9013,-81.9295,"Charlotte, Florida, US",0,0,2020-01-29,0,0,FALSE,TRUE,"US","USA","US-FL"
84012015,"US","USA",840,12015,"Charlotte","Florida","US",26.9013,-81.9295,"Charlotte, Florida, US",0,0,2020-01-30,0,0,FALSE,TRUE,"US","USA","US-FL"
84012015,"US","USA",840,12015,"Charlotte","Florida","US",26.9013,-81.9295,"Charlotte, Florida, US",0,0,2020-01-31,0,0,FALSE,TRUE,"US","USA","US-FL"
84012015,"US","USA",840,12015,"Charlotte","Florida","US",26.9013,-81.9295,"Charlotte, Florida, US",0,0,2020-02-01,0,0,FALSE,TRUE,"US","USA","US-FL"
84012015,"US","USA",840,12015,"Charlotte","Florida","US",26.9013,-81.9295,"Charlotte, Florida, US",0,0,2020-02-02,0,0,FALSE,TRUE,"US","USA","US-FL"
84012015,"US","USA",840,12015,"Charlotte","Florida","US",26.9013,-81.9295,"Charlotte, Florida, US",0,0,2020-02-03,0,0,FALSE,TRUE,"US","USA","US-FL"
84012015,"US","USA",840,12015,"Charlotte","Florida","US",26.9013,-81.9295,"Charlotte, Florida, US",0,0,2020-02-04,0,0,FALSE,TRUE,"US","USA","US-FL"
84012015,"US","USA",840,12015,"Charlotte","Florida","US",26.9013,-81.9295,"Charlotte, Florida, US",0,0,2020-02-05,0,0,FALSE,TRUE,"US","USA","US-FL"
84012015,"US","USA",840,12015,"Charlotte","Florida","US",26.9013,-81.9295,"Charlotte, Florida, US",0,0,2020-02-06,0,0,FALSE,TRUE,"US","USA","US-FL"
84012015,"US","USA",840,12015,"Charlotte","Florida","US",26.9013,-81.9295,"Charlotte, Florida, US",0,0,2020-02-07,0,0,FALSE,TRUE,"US","USA","US-FL"
84012015,"US","USA",840,12015,"Charlotte","Florida","US",26.9013,-81.9295,"Charlotte, Florida, US",0,0,2020-02-08,0,0,FALSE,TRUE,"US","USA","US-FL"
84012015,"US","USA",840,12015,"Charlotte","Florida","US",26.9013,-81.9295,"Charlotte, Florida, US",0,0,2020-02-09,0,0,FALSE,TRUE,"US","USA","US-FL"
84012015,"US","USA",840,12015,"Charlotte","Florida","US",26.9013,-81.9295,"Charlotte, Florida, US",0,0,2020-02-10,0,0,FALSE,TRUE,"US","USA","US-FL"
84012015,"US","USA",840,12015,"Charlotte","Florida","US",26.9013,-81.9295,"Charlotte, Florida, US",0,0,2020-02-11,0,0,FALSE,TRUE,"US","USA","US-FL"
84012015,"US","USA",840,12015,"Charlotte","Florida","US",26.9013,-81.9295,"Charlotte, Florida, US",0,0,2020-02-12,0,0,FALSE,TRUE,"US","USA","US-FL"
84012015,"US","USA",840,12015,"Charlotte","Florida","US",26.9013,-81.9295,"Charlotte, Florida, US",0,0,2020-02-13,0,0,FALSE,TRUE,"US","USA","US-FL"
84012015,"US","USA",840,12015,"Charlotte","Florida","US",26.9013,-81.9295,"Charlotte, Florida, US",0,0,2020-02-14,0,0,FALSE,TRUE,"US","USA","US-FL"
84012015,"US","USA",840,12015,"Charlotte","Florida","US",26.9013,-81.9295,"Charlotte, Florida, US",0,0,2020-02-15,0,0,FALSE,TRUE,"US","USA","US-FL"
84012015,"US","USA",840,12015,"Charlotte","Florida","US",26.9013,-81.9295,"Charlotte, Florida, US",0,0,2020-02-16,0,0,FALSE,TRUE,"US","USA","US-FL"
84012015,"US","USA",840,12015,"Charlotte","Florida","US",26.9013,-81.9295,"Charlotte, Florida, US",0,0,2020-02-17,0,0,FALSE,TRUE,"US","USA","US-FL"
84012015,"US","USA",840,12015,"Charlotte","Florida","US",26.9013,-81.9295,"Charlotte, Florida, US",0,0,2020-02-18,0,0,FALSE,TRUE,"US","USA","US-FL"
84012015,"US","USA",840,12015,"Charlotte","Florida","US",26.9013,-81.9295,"Charlotte, Florida, US",0,0,2020-02-19,0,0,FALSE,TRUE,"US","USA","US-FL"
84012015,"US","USA",840,12015,"Charlotte","Florida","US",26.9013,-81.9295,"Charlotte, Florida, US",0,0,2020-02-20,0,0,FALSE,TRUE,"US","USA","US-FL"
84012015,"US","USA",840,12015,"Charlotte","Florida","US",26.9013,-81.9295,"Charlotte, Florida, US",0,0,2020-02-21,0,0,FALSE,TRUE,"US","USA","US-FL"
84012015,"US","USA",840,12015,"Charlotte","Florida","US",26.9013,-81.9295,"Charlotte, Florida, US",0,0,2020-02-22,0,0,FALSE,TRUE,"US","USA","US-FL"
84012015,"US","USA",840,12015,"Charlotte","Florida","US",26.9013,-81.9295,"Charlotte, Florida, US",0,0,2020-02-23,0,0,FALSE,TRUE,"US","USA","US-FL"
84012015,"US","USA",840,12015,"Charlotte","Florida","US",26.9013,-81.9295,"Charlotte, Florida, US",0,0,2020-02-24,0,0,FALSE,TRUE,"US","USA","US-FL"
84012015,"US","USA",840,12015,"Charlotte","Florida","US",26.9013,-81.9295,"Charlotte, Florida, US",0,0,2020-02-25,0,0,FALSE,TRUE,"US","USA","US-FL"
84012015,"US","USA",840,12015,"Charlotte","Florida","US",26.9013,-81.9295,"Charlotte, Florida, US",0,0,2020-02-26,0,0,FALSE,TRUE,"US","USA","US-FL"
84012015,"US","USA",840,12015,"Charlotte","Florida","US",26.9013,-81.9295,"Charlotte, Florida, US",0,0,2020-02-27,0,0,FALSE,TRUE,"US","USA","US-FL"
84012015,"US","USA",840,12015,"Charlotte","Florida","US",26.9013,-81.9295,"Charlotte, Florida, US",0,0,2020-02-28,0,0,FALSE,TRUE,"US","USA","US-FL"
84012015,"US","USA",840,12015,"Charlotte","Florida","US",26.9013,-81.9295,"Charlotte, Florida, US",0,0,2020-02-29,0,0,FALSE,TRUE,"US","USA","US-FL"
84012015,"US","USA",840,12015,"Charlotte","Florida","US",26.9013,-81.9295,"Charlotte, Florida, US",0,0,2020-03-01,0,0,FALSE,TRUE,"US","USA","US-FL"
84012015,"US","USA",840,12015,"Charlotte","Florida","US",26.9013,-81.9295,"Charlotte, Florida, US",0,0,2020-03-02,0,0,FALSE,TRUE,"US","USA","US-FL"
84012015,"US","USA",840,12015,"Charlotte","Florida","US",26.9013,-81.9295,"Charlotte, Florida, US",0,0,2020-03-03,0,0,FALSE,TRUE,"US","USA","US-FL"
84012015,"US","USA",840,12015,"Charlotte","Florida","US",26.9013,-81.9295,"Charlotte, Florida, US",0,0,2020-03-04,0,0,FALSE,TRUE,"US","USA","US-FL"
84012015,"US","USA",840,12015,"Charlotte","Florida","US",26.9013,-81.9295,"Charlotte, Florida, US",0,0,2020-03-05,0,0,FALSE,TRUE,"US","USA","US-FL"
84012015,"US","USA",840,12015,"Charlotte","Florida","US",26.9013,-81.9295,"Charlotte, Florida, US",0,0,2020-03-06,0,0,FALSE,TRUE,"US","USA","US-FL"
84012015,"US","USA",840,12015,"Charlotte","Florida","US",26.9013,-81.9295,"Charlotte, Florida, US",0,0,2020-03-07,0,0,FALSE,TRUE,"US","USA","US-FL"
84012015,"US","USA",840,12015,"Charlotte","Florida","US",26.9013,-81.9295,"Charlotte, Florida, US",0,0,2020-03-08,0,0,FALSE,TRUE,"US","USA","US-FL"
84012015,"US","USA",840,12015,"Charlotte","Florida","US",26.9013,-81.9295,"Charlotte, Florida, US",1,0,2020-03-09,1,0,FALSE,TRUE,"US","USA","US-FL"
84012015,"US","USA",840,12015,"Charlotte","Florida","US",26.9013,-81.9295,"Charlotte, Florida, US",1,0,2020-03-10,0,0,FALSE,TRUE,"US","USA","US-FL"
84012015,"US","USA",840,12015,"Charlotte","Florida","US",26.9013,-81.9295,"Charlotte, Florida, US",1,0,2020-03-11,0,0,FALSE,TRUE,"US","USA","US-FL"
84012015,"US","USA",840,12015,"Charlotte","Florida","US",26.9013,-81.9295,"Charlotte, Florida, US",1,0,2020-03-12,0,0,FALSE,TRUE,"US","USA","US-FL"
84012015,"US","USA",840,12015,"Charlotte","Florida","US",26.9013,-81.9295,"Charlotte, Florida, US",1,0,2020-03-13,0,0,FALSE,TRUE,"US","USA","US-FL"
84012015,"US","USA",840,12015,"Charlotte","Florida","US",26.9013,-81.9295,"Charlotte, Florida, US",1,0,2020-03-14,0,0,FALSE,TRUE,"US","USA","US-FL"
84012015,"US","USA",840,12015,"Charlotte","Florida","US",26.9013,-81.9295,"Charlotte, Florida, US",1,0,2020-03-15,0,0,FALSE,TRUE,"US","USA","US-FL"
84012015,"US","USA",840,12015,"Charlotte","Florida","US",26.9013,-81.9295,"Charlotte, Florida, US",1,0,2020-03-16,0,0,FALSE,TRUE,"US","USA","US-FL"
84012015,"US","USA",840,12015,"Charlotte","Florida","US",26.9013,-81.9295,"Charlotte, Florida, US",1,0,2020-03-17,0,0,FALSE,TRUE,"US","USA","US-FL"
84012015,"US","USA",840,12015,"Charlotte","Florida","US",26.9013,-81.9295,"Charlotte, Florida, US",1,0,2020-03-18,0,0,FALSE,TRUE,"US","USA","US-FL"
84012015,"US","USA",840,12015,"Charlotte","Florida","US",26.9013,-81.9295,"Charlotte, Florida, US",1,0,2020-03-19,0,0,FALSE,TRUE,"US","USA","US-FL"
84012015,"US","USA",840,12015,"Charlotte","Florida","US",26.9013,-81.9295,"Charlotte, Florida, US",2,0,2020-03-20,1,0,FALSE,TRUE,"US","USA","US-FL"
84012015,"US","USA",840,12015,"Charlotte","Florida","US",26.9013,-81.9295,"Charlotte, Florida, US",2,0,2020-03-21,0,0,FALSE,TRUE,"US","USA","US-FL"
84012015,"US","USA",840,12015,"Charlotte","Florida","US",26.9013,-81.9295,"Charlotte, Florida, US",2,0,2020-03-22,0,0,FALSE,TRUE,"US","USA","US-FL"
84012015,"US","USA",840,12015,"Charlotte","Florida","US",26.9013,-81.9295,"Charlotte, Florida, US",3,0,2020-03-23,1,0,FALSE,TRUE,"US","USA","US-FL"
84012015,"US","USA",840,12015,"Charlotte","Florida","US",26.9013,-81.9295,"Charlotte, Florida, US",3,0,2020-03-24,0,0,FALSE,TRUE,"US","USA","US-FL"
84012015,"US","USA",840,12015,"Charlotte","Florida","US",26.9013,-81.9295,"Charlotte, Florida, US",3,0,2020-03-25,0,0,FALSE,TRUE,"US","USA","US-FL"
84012015,"US","USA",840,12015,"Charlotte","Florida","US",26.9013,-81.9295,"Charlotte, Florida, US",3,0,2020-03-26,0,0,FALSE,TRUE,"US","USA","US-FL"
84012015,"US","USA",840,12015,"Charlotte","Florida","US",26.9013,-81.9295,"Charlotte, Florida, US",5,0,2020-03-27,2,0,FALSE,TRUE,"US","USA","US-FL"
84012015,"US","USA",840,12015,"Charlotte","Florida","US",26.9013,-81.9295,"Charlotte, Florida, US",12,0,2020-03-28,7,0,FALSE,TRUE,"US","USA","US-FL"
84012015,"US","USA",840,12015,"Charlotte","Florida","US",26.9013,-81.9295,"Charlotte, Florida, US",16,0,2020-03-29,4,0,FALSE,TRUE,"US","USA","US-FL"
84012015,"US","USA",840,12015,"Charlotte","Florida","US",26.9013,-81.9295,"Charlotte, Florida, US",18,0,2020-03-30,2,0,FALSE,TRUE,"US","USA","US-FL"
84012015,"US","USA",840,12015,"Charlotte","Florida","US",26.9013,-81.9295,"Charlotte, Florida, US",24,0,2020-03-31,6,0,FALSE,TRUE,"US","USA","US-FL"
84012015,"US","USA",840,12015,"Charlotte","Florida","US",26.9013,-81.9295,"Charlotte, Florida, US",24,0,2020-04-01,0,0,FALSE,TRUE,"US","USA","US-FL"
84012015,"US","USA",840,12015,"Charlotte","Florida","US",26.9013,-81.9295,"Charlotte, Florida, US",38,0,2020-04-02,14,0,FALSE,TRUE,"US","USA","US-FL"
84012015,"US","USA",840,12015,"Charlotte","Florida","US",26.9013,-81.9295,"Charlotte, Florida, US",43,1,2020-04-03,5,1,FALSE,TRUE,"US","USA","US-FL"
84012015,"US","USA",840,12015,"Charlotte","Florida","US",26.9013,-81.9295,"Charlotte, Florida, US",46,1,2020-04-04,3,0,FALSE,TRUE,"US","USA","US-FL"
84012015,"US","USA",840,12015,"Charlotte","Florida","US",26.9013,-81.9295,"Charlotte, Florida, US",47,1,2020-04-05,1,0,FALSE,TRUE,"US","USA","US-FL"
84012015,"US","USA",840,12015,"Charlotte","Florida","US",26.9013,-81.9295,"Charlotte, Florida, US",55,1,2020-04-06,8,0,FALSE,TRUE,"US","USA","US-FL"
84012015,"US","USA",840,12015,"Charlotte","Florida","US",26.9013,-81.9295,"Charlotte, Florida, US",67,1,2020-04-07,12,0,FALSE,TRUE,"US","USA","US-FL"
84012015,"US","USA",840,12015,"Charlotte","Florida","US",26.9013,-81.9295,"Charlotte, Florida, US",76,1,2020-04-08,9,0,FALSE,TRUE,"US","USA","US-FL"
84012015,"US","USA",840,12015,"Charlotte","Florida","US",26.9013,-81.9295,"Charlotte, Florida, US",79,1,2020-04-09,3,0,FALSE,TRUE,"US","USA","US-FL"
84012015,"US","USA",840,12015,"Charlotte","Florida","US",26.9013,-81.9295,"Charlotte, Florida, US",85,4,2020-04-10,6,3,FALSE,TRUE,"US","USA","US-FL"
84012015,"US","USA",840,12015,"Charlotte","Florida","US",26.9013,-81.9295,"Charlotte, Florida, US",107,5,2020-04-11,22,1,FALSE,TRUE,"US","USA","US-FL"
84012015,"US","USA",840,12015,"Charlotte","Florida","US",26.9013,-81.9295,"Charlotte, Florida, US",113,5,2020-04-12,6,0,FALSE,TRUE,"US","USA","US-FL"
84012015,"US","USA",840,12015,"Charlotte","Florida","US",26.9013,-81.9295,"Charlotte, Florida, US",119,5,2020-04-13,6,0,FALSE,TRUE,"US","USA","US-FL"
84012015,"US","USA",840,12015,"Charlotte","Florida","US",26.9013,-81.9295,"Charlotte, Florida, US",123,5,2020-04-14,4,0,FALSE,TRUE,"US","USA","US-FL"
84012015,"US","USA",840,12015,"Charlotte","Florida","US",26.9013,-81.9295,"Charlotte, Florida, US",124,5,2020-04-15,1,0,FALSE,TRUE,"US","USA","US-FL"
84012015,"US","USA",840,12015,"Charlotte","Florida","US",26.9013,-81.9295,"Charlotte, Florida, US",127,7,2020-04-16,3,2,FALSE,TRUE,"US","USA","US-FL"
84012015,"US","USA",840,12015,"Charlotte","Florida","US",26.9013,-81.9295,"Charlotte, Florida, US",131,9,2020-04-17,4,2,FALSE,TRUE,"US","USA","US-FL"
84012015,"US","USA",840,12015,"Charlotte","Florida","US",26.9013,-81.9295,"Charlotte, Florida, US",138,9,2020-04-18,7,0,FALSE,TRUE,"US","USA","US-FL"
84012015,"US","USA",840,12015,"Charlotte","Florida","US",26.9013,-81.9295,"Charlotte, Florida, US",138,9,2020-04-19,0,0,FALSE,TRUE,"US","USA","US-FL"
84012015,"US","USA",840,12015,"Charlotte","Florida","US",26.9013,-81.9295,"Charlotte, Florida, US",139,11,2020-04-20,1,2,FALSE,TRUE,"US","USA","US-FL"
84012015,"US","USA",840,12015,"Charlotte","Florida","US",26.9013,-81.9295,"Charlotte, Florida, US",143,11,2020-04-21,4,0,FALSE,TRUE,"US","USA","US-FL"
84012015,"US","USA",840,12015,"Charlotte","Florida","US",26.9013,-81.9295,"Charlotte, Florida, US",148,11,2020-04-22,5,0,FALSE,TRUE,"US","USA","US-FL"
84012015,"US","USA",840,12015,"Charlotte","Florida","US",26.9013,-81.9295,"Charlotte, Florida, US",178,12,2020-04-23,30,1,FALSE,TRUE,"US","USA","US-FL"
84012015,"US","USA",840,12015,"Charlotte","Florida","US",26.9013,-81.9295,"Charlotte, Florida, US",199,14,2020-04-24,21,2,FALSE,TRUE,"US","USA","US-FL"
84012015,"US","USA",840,12015,"Charlotte","Florida","US",26.9013,-81.9295,"Charlotte, Florida, US",202,14,2020-04-25,3,0,FALSE,TRUE,"US","USA","US-FL"
84012015,"US","USA",840,12015,"Charlotte","Florida","US",26.9013,-81.9295,"Charlotte, Florida, US",203,14,2020-04-26,1,0,FALSE,TRUE,"US","USA","US-FL"
84012015,"US","USA",840,12015,"Charlotte","Florida","US",26.9013,-81.9295,"Charlotte, Florida, US",211,14,2020-04-27,8,0,FALSE,TRUE,"US","USA","US-FL"
84012015,"US","USA",840,12015,"Charlotte","Florida","US",26.9013,-81.9295,"Charlotte, Florida, US",219,15,2020-04-28,8,1,FALSE,TRUE,"US","USA","US-FL"
84012015,"US","USA",840,12015,"Charlotte","Florida","US",26.9013,-81.9295,"Charlotte, Florida, US",223,18,2020-04-29,4,3,FALSE,TRUE,"US","USA","US-FL"
84012015,"US","USA",840,12015,"Charlotte","Florida","US",26.9013,-81.9295,"Charlotte, Florida, US",236,19,2020-04-30,13,1,FALSE,TRUE,"US","USA","US-FL"
84012015,"US","USA",840,12015,"Charlotte","Florida","US",26.9013,-81.9295,"Charlotte, Florida, US",245,22,2020-05-01,9,3,FALSE,TRUE,"US","USA","US-FL"
84012015,"US","USA",840,12015,"Charlotte","Florida","US",26.9013,-81.9295,"Charlotte, Florida, US",244,25,2020-05-02,-1,3,FALSE,TRUE,"US","USA","US-FL"
84012015,"US","USA",840,12015,"Charlotte","Florida","US",26.9013,-81.9295,"Charlotte, Florida, US",249,25,2020-05-03,5,0,FALSE,TRUE,"US","USA","US-FL"
84012015,"US","USA",840,12015,"Charlotte","Florida","US",26.9013,-81.9295,"Charlotte, Florida, US",257,25,2020-05-04,8,0,FALSE,TRUE,"US","USA","US-FL"
84012015,"US","USA",840,12015,"Charlotte","Florida","US",26.9013,-81.9295,"Charlotte, Florida, US",269,26,2020-05-05,12,1,FALSE,TRUE,"US","USA","US-FL"
84012015,"US","USA",840,12015,"Charlotte","Florida","US",26.9013,-81.9295,"Charlotte, Florida, US",294,29,2020-05-06,25,3,FALSE,TRUE,"US","USA","US-FL"
84012015,"US","USA",840,12015,"Charlotte","Florida","US",26.9013,-81.9295,"Charlotte, Florida, US",304,30,2020-05-07,10,1,FALSE,TRUE,"US","USA","US-FL"
84012015,"US","USA",840,12015,"Charlotte","Florida","US",26.9013,-81.9295,"Charlotte, Florida, US",312,31,2020-05-08,8,1,FALSE,TRUE,"US","USA","US-FL"
84012015,"US","USA",840,12015,"Charlotte","Florida","US",26.9013,-81.9295,"Charlotte, Florida, US",317,33,2020-05-09,5,2,FALSE,TRUE,"US","USA","US-FL"
84012015,"US","USA",840,12015,"Charlotte","Florida","US",26.9013,-81.9295,"Charlotte, Florida, US",329,33,2020-05-10,12,0,FALSE,TRUE,"US","USA","US-FL"
84012015,"US","USA",840,12015,"Charlotte","Florida","US",26.9013,-81.9295,"Charlotte, Florida, US",337,33,2020-05-11,8,0,FALSE,TRUE,"US","USA","US-FL"
84012015,"US","USA",840,12015,"Charlotte","Florida","US",26.9013,-81.9295,"Charlotte, Florida, US",347,35,2020-05-12,10,2,FALSE,TRUE,"US","USA","US-FL"
84012015,"US","USA",840,12015,"Charlotte","Florida","US",26.9013,-81.9295,"Charlotte, Florida, US",350,37,2020-05-13,3,2,FALSE,TRUE,"US","USA","US-FL"
84012015,"US","USA",840,12015,"Charlotte","Florida","US",26.9013,-81.9295,"Charlotte, Florida, US",357,38,2020-05-14,7,1,FALSE,TRUE,"US","USA","US-FL"
84012015,"US","USA",840,12015,"Charlotte","Florida","US",26.9013,-81.9295,"Charlotte, Florida, US",367,40,2020-05-15,10,2,FALSE,TRUE,"US","USA","US-FL"
84012015,"US","USA",840,12015,"Charlotte","Florida","US",26.9013,-81.9295,"Charlotte, Florida, US",370,41,2020-05-16,3,1,FALSE,TRUE,"US","USA","US-FL"
84012015,"US","USA",840,12015,"Charlotte","Florida","US",26.9013,-81.9295,"Charlotte, Florida, US",380,41,2020-05-17,10,0,FALSE,TRUE,"US","USA","US-FL"
84012015,"US","USA",840,12015,"Charlotte","Florida","US",26.9013,-81.9295,"Charlotte, Florida, US",389,41,2020-05-18,9,0,FALSE,TRUE,"US","USA","US-FL"
84012015,"US","USA",840,12015,"Charlotte","Florida","US",26.9013,-81.9295,"Charlotte, Florida, US",392,44,2020-05-19,3,3,FALSE,TRUE,"US","USA","US-FL"
84012015,"US","USA",840,12015,"Charlotte","Florida","US",26.9013,-81.9295,"Charlotte, Florida, US",398,51,2020-05-20,6,7,FALSE,TRUE,"US","USA","US-FL"
84012015,"US","USA",840,12015,"Charlotte","Florida","US",26.9013,-81.9295,"Charlotte, Florida, US",410,52,2020-05-21,12,1,FALSE,TRUE,"US","USA","US-FL"
84012015,"US","USA",840,12015,"Charlotte","Florida","US",26.9013,-81.9295,"Charlotte, Florida, US",412,54,2020-05-22,2,2,FALSE,TRUE,"US","USA","US-FL"
84012015,"US","USA",840,12015,"Charlotte","Florida","US",26.9013,-81.9295,"Charlotte, Florida, US",417,56,2020-05-23,5,2,FALSE,TRUE,"US","USA","US-FL"
84012015,"US","USA",840,12015,"Charlotte","Florida","US",26.9013,-81.9295,"Charlotte, Florida, US",423,56,2020-05-24,6,0,FALSE,TRUE,"US","USA","US-FL"
84012015,"US","USA",840,12015,"Charlotte","Florida","US",26.9013,-81.9295,"Charlotte, Florida, US",427,56,2020-05-25,4,0,FALSE,TRUE,"US","USA","US-FL"
84012015,"US","USA",840,12015,"Charlotte","Florida","US",26.9013,-81.9295,"Charlotte, Florida, US",430,56,2020-05-26,3,0,FALSE,TRUE,"US","USA","US-FL"
84012015,"US","USA",840,12015,"Charlotte","Florida","US",26.9013,-81.9295,"Charlotte, Florida, US",433,58,2020-05-27,3,2,FALSE,TRUE,"US","USA","US-FL"
84012015,"US","USA",840,12015,"Charlotte","Florida","US",26.9013,-81.9295,"Charlotte, Florida, US",438,61,2020-05-28,5,3,FALSE,TRUE,"US","USA","US-FL"
84012015,"US","USA",840,12015,"Charlotte","Florida","US",26.9013,-81.9295,"Charlotte, Florida, US",446,62,2020-05-29,8,1,FALSE,TRUE,"US","USA","US-FL"
84012015,"US","USA",840,12015,"Charlotte","Florida","US",26.9013,-81.9295,"Charlotte, Florida, US",450,63,2020-05-30,4,1,FALSE,TRUE,"US","USA","US-FL"
84012015,"US","USA",840,12015,"Charlotte","Florida","US",26.9013,-81.9295,"Charlotte, Florida, US",458,63,2020-05-31,8,0,FALSE,TRUE,"US","USA","US-FL"
84012015,"US","USA",840,12015,"Charlotte","Florida","US",26.9013,-81.9295,"Charlotte, Florida, US",461,63,2020-06-01,3,0,FALSE,TRUE,"US","USA","US-FL"
84012015,"US","USA",840,12015,"Charlotte","Florida","US",26.9013,-81.9295,"Charlotte, Florida, US",463,65,2020-06-02,2,2,FALSE,TRUE,"US","USA","US-FL"
84012015,"US","USA",840,12015,"Charlotte","Florida","US",26.9013,-81.9295,"Charlotte, Florida, US",470,68,2020-06-03,7,3,FALSE,TRUE,"US","USA","US-FL"
84012015,"US","USA",840,12015,"Charlotte","Florida","US",26.9013,-81.9295,"Charlotte, Florida, US",476,68,2020-06-04,6,0,FALSE,TRUE,"US","USA","US-FL"
84012015,"US","USA",840,12015,"Charlotte","Florida","US",26.9013,-81.9295,"Charlotte, Florida, US",481,72,2020-06-05,5,4,FALSE,TRUE,"US","USA","US-FL"
84012015,"US","USA",840,12015,"Charlotte","Florida","US",26.9013,-81.9295,"Charlotte, Florida, US",488,72,2020-06-06,7,0,FALSE,TRUE,"US","USA","US-FL"
84012015,"US","USA",840,12015,"Charlotte","Florida","US",26.9013,-81.9295,"Charlotte, Florida, US",493,72,2020-06-07,5,0,FALSE,TRUE,"US","USA","US-FL"
84012015,"US","USA",840,12015,"Charlotte","Florida","US",26.9013,-81.9295,"Charlotte, Florida, US",500,72,2020-06-08,7,0,FALSE,TRUE,"US","USA","US-FL"
84012015,"US","USA",840,12015,"Charlotte","Florida","US",26.9013,-81.9295,"Charlotte, Florida, US",501,72,2020-06-09,1,0,FALSE,TRUE,"US","USA","US-FL"
84012015,"US","USA",840,12015,"Charlotte","Florida","US",26.9013,-81.9295,"Charlotte, Florida, US",505,72,2020-06-10,4,0,FALSE,TRUE,"US","USA","US-FL"
84012015,"US","USA",840,12015,"Charlotte","Florida","US",26.9013,-81.9295,"Charlotte, Florida, US",515,72,2020-06-11,10,0,FALSE,TRUE,"US","USA","US-FL"
84012015,"US","USA",840,12015,"Charlotte","Florida","US",26.9013,-81.9295,"Charlotte, Florida, US",522,72,2020-06-12,7,0,FALSE,TRUE,"US","USA","US-FL"
84012015,"US","USA",840,12015,"Charlotte","Florida","US",26.9013,-81.9295,"Charlotte, Florida, US",529,73,2020-06-13,7,1,FALSE,TRUE,"US","USA","US-FL"
84012015,"US","USA",840,12015,"Charlotte","Florida","US",26.9013,-81.9295,"Charlotte, Florida, US",532,73,2020-06-14,3,0,FALSE,TRUE,"US","USA","US-FL"
84012015,"US","USA",840,12015,"Charlotte","Florida","US",26.9013,-81.9295,"Charlotte, Florida, US",537,73,2020-06-15,5,0,FALSE,TRUE,"US","USA","US-FL"
84012015,"US","USA",840,12015,"Charlotte","Florida","US",26.9013,-81.9295,"Charlotte, Florida, US",543,73,2020-06-16,6,0,FALSE,TRUE,"US","USA","US-FL"
84012015,"US","USA",840,12015,"Charlotte","Florida","US",26.9013,-81.9295,"Charlotte, Florida, US",551,73,2020-06-17,8,0,FALSE,TRUE,"US","USA","US-FL"
84012015,"US","USA",840,12015,"Charlotte","Florida","US",26.9013,-81.9295,"Charlotte, Florida, US",553,74,2020-06-18,2,1,FALSE,TRUE,"US","USA","US-FL"
84012015,"US","USA",840,12015,"Charlotte","Florida","US",26.9013,-81.9295,"Charlotte, Florida, US",570,75,2020-06-19,17,1,FALSE,TRUE,"US","USA","US-FL"
84012015,"US","USA",840,12015,"Charlotte","Florida","US",26.9013,-81.9295,"Charlotte, Florida, US",581,75,2020-06-20,11,0,FALSE,TRUE,"US","USA","US-FL"
84012015,"US","USA",840,12015,"Charlotte","Florida","US",26.9013,-81.9295,"Charlotte, Florida, US",587,75,2020-06-21,6,0,FALSE,TRUE,"US","USA","US-FL"
84012015,"US","USA",840,12015,"Charlotte","Florida","US",26.9013,-81.9295,"Charlotte, Florida, US",597,75,2020-06-22,10,0,FALSE,TRUE,"US","USA","US-FL"
