"UID","iso2","iso3","code3","FIPS","Admin2","Province.State","Country.Region","Lat","Long","Combined_Key","confirmed","deaths","date","confirmed_new","deaths_new","hasErrors","hasParent","country_code","country_code3","territory_code"
84013085,"US","USA",840,13085,"Dawson","Georgia","US",34.4424,-84.1696,"Dawson, Georgia, US",0,0,2020-01-22,0,0,FALSE,TRUE,"US","USA","US-GA"
84013085,"US","USA",840,13085,"Dawson","Georgia","US",34.4424,-84.1696,"Dawson, Georgia, US",0,0,2020-01-23,0,0,FALSE,TRUE,"US","USA","US-GA"
84013085,"US","USA",840,13085,"Dawson","Georgia","US",34.4424,-84.1696,"Dawson, Georgia, US",0,0,2020-01-24,0,0,FALSE,TRUE,"US","USA","US-GA"
84013085,"US","USA",840,13085,"Dawson","Georgia","US",34.4424,-84.1696,"Dawson, Georgia, US",0,0,2020-01-25,0,0,FALSE,TRUE,"US","USA","US-GA"
84013085,"US","USA",840,13085,"Dawson","Georgia","US",34.4424,-84.1696,"Dawson, Georgia, US",0,0,2020-01-26,0,0,FALSE,TRUE,"US","USA","US-GA"
84013085,"US","USA",840,13085,"Dawson","Georgia","US",34.4424,-84.1696,"Dawson, Georgia, US",0,0,2020-01-27,0,0,FALSE,TRUE,"US","USA","US-GA"
84013085,"US","USA",840,13085,"Dawson","Georgia","US",34.4424,-84.1696,"Dawson, Georgia, US",0,0,2020-01-28,0,0,FALSE,TRUE,"US","USA","US-GA"
84013085,"US","USA",840,13085,"Dawson","Georgia","US",34.4424,-84.1696,"Dawson, Georgia, US",0,0,2020-01-29,0,0,FALSE,TRUE,"US","USA","US-GA"
84013085,"US","USA",840,13085,"Dawson","Georgia","US",34.4424,-84.1696,"Dawson, Georgia, US",0,0,2020-01-30,0,0,FALSE,TRUE,"US","USA","US-GA"
84013085,"US","USA",840,13085,"Dawson","Georgia","US",34.4424,-84.1696,"Dawson, Georgia, US",0,0,2020-01-31,0,0,FALSE,TRUE,"US","USA","US-GA"
84013085,"US","USA",840,13085,"Dawson","Georgia","US",34.4424,-84.1696,"Dawson, Georgia, US",0,0,2020-02-01,0,0,FALSE,TRUE,"US","USA","US-GA"
84013085,"US","USA",840,13085,"Dawson","Georgia","US",34.4424,-84.1696,"Dawson, Georgia, US",0,0,2020-02-02,0,0,FALSE,TRUE,"US","USA","US-GA"
84013085,"US","USA",840,13085,"Dawson","Georgia","US",34.4424,-84.1696,"Dawson, Georgia, US",0,0,2020-02-03,0,0,FALSE,TRUE,"US","USA","US-GA"
84013085,"US","USA",840,13085,"Dawson","Georgia","US",34.4424,-84.1696,"Dawson, Georgia, US",0,0,2020-02-04,0,0,FALSE,TRUE,"US","USA","US-GA"
84013085,"US","USA",840,13085,"Dawson","Georgia","US",34.4424,-84.1696,"Dawson, Georgia, US",0,0,2020-02-05,0,0,FALSE,TRUE,"US","USA","US-GA"
84013085,"US","USA",840,13085,"Dawson","Georgia","US",34.4424,-84.1696,"Dawson, Georgia, US",0,0,2020-02-06,0,0,FALSE,TRUE,"US","USA","US-GA"
84013085,"US","USA",840,13085,"Dawson","Georgia","US",34.4424,-84.1696,"Dawson, Georgia, US",0,0,2020-02-07,0,0,FALSE,TRUE,"US","USA","US-GA"
84013085,"US","USA",840,13085,"Dawson","Georgia","US",34.4424,-84.1696,"Dawson, Georgia, US",0,0,2020-02-08,0,0,FALSE,TRUE,"US","USA","US-GA"
84013085,"US","USA",840,13085,"Dawson","Georgia","US",34.4424,-84.1696,"Dawson, Georgia, US",0,0,2020-02-09,0,0,FALSE,TRUE,"US","USA","US-GA"
84013085,"US","USA",840,13085,"Dawson","Georgia","US",34.4424,-84.1696,"Dawson, Georgia, US",0,0,2020-02-10,0,0,FALSE,TRUE,"US","USA","US-GA"
84013085,"US","USA",840,13085,"Dawson","Georgia","US",34.4424,-84.1696,"Dawson, Georgia, US",0,0,2020-02-11,0,0,FALSE,TRUE,"US","USA","US-GA"
84013085,"US","USA",840,13085,"Dawson","Georgia","US",34.4424,-84.1696,"Dawson, Georgia, US",0,0,2020-02-12,0,0,FALSE,TRUE,"US","USA","US-GA"
84013085,"US","USA",840,13085,"Dawson","Georgia","US",34.4424,-84.1696,"Dawson, Georgia, US",0,0,2020-02-13,0,0,FALSE,TRUE,"US","USA","US-GA"
84013085,"US","USA",840,13085,"Dawson","Georgia","US",34.4424,-84.1696,"Dawson, Georgia, US",0,0,2020-02-14,0,0,FALSE,TRUE,"US","USA","US-GA"
84013085,"US","USA",840,13085,"Dawson","Georgia","US",34.4424,-84.1696,"Dawson, Georgia, US",0,0,2020-02-15,0,0,FALSE,TRUE,"US","USA","US-GA"
84013085,"US","USA",840,13085,"Dawson","Georgia","US",34.4424,-84.1696,"Dawson, Georgia, US",0,0,2020-02-16,0,0,FALSE,TRUE,"US","USA","US-GA"
84013085,"US","USA",840,13085,"Dawson","Georgia","US",34.4424,-84.1696,"Dawson, Georgia, US",0,0,2020-02-17,0,0,FALSE,TRUE,"US","USA","US-GA"
84013085,"US","USA",840,13085,"Dawson","Georgia","US",34.4424,-84.1696,"Dawson, Georgia, US",0,0,2020-02-18,0,0,FALSE,TRUE,"US","USA","US-GA"
84013085,"US","USA",840,13085,"Dawson","Georgia","US",34.4424,-84.1696,"Dawson, Georgia, US",0,0,2020-02-19,0,0,FALSE,TRUE,"US","USA","US-GA"
84013085,"US","USA",840,13085,"Dawson","Georgia","US",34.4424,-84.1696,"Dawson, Georgia, US",0,0,2020-02-20,0,0,FALSE,TRUE,"US","USA","US-GA"
84013085,"US","USA",840,13085,"Dawson","Georgia","US",34.4424,-84.1696,"Dawson, Georgia, US",0,0,2020-02-21,0,0,FALSE,TRUE,"US","USA","US-GA"
84013085,"US","USA",840,13085,"Dawson","Georgia","US",34.4424,-84.1696,"Dawson, Georgia, US",0,0,2020-02-22,0,0,FALSE,TRUE,"US","USA","US-GA"
84013085,"US","USA",840,13085,"Dawson","Georgia","US",34.4424,-84.1696,"Dawson, Georgia, US",0,0,2020-02-23,0,0,FALSE,TRUE,"US","USA","US-GA"
84013085,"US","USA",840,13085,"Dawson","Georgia","US",34.4424,-84.1696,"Dawson, Georgia, US",0,0,2020-02-24,0,0,FALSE,TRUE,"US","USA","US-GA"
84013085,"US","USA",840,13085,"Dawson","Georgia","US",34.4424,-84.1696,"Dawson, Georgia, US",0,0,2020-02-25,0,0,FALSE,TRUE,"US","USA","US-GA"
84013085,"US","USA",840,13085,"Dawson","Georgia","US",34.4424,-84.1696,"Dawson, Georgia, US",0,0,2020-02-26,0,0,FALSE,TRUE,"US","USA","US-GA"
84013085,"US","USA",840,13085,"Dawson","Georgia","US",34.4424,-84.1696,"Dawson, Georgia, US",0,0,2020-02-27,0,0,FALSE,TRUE,"US","USA","US-GA"
84013085,"US","USA",840,13085,"Dawson","Georgia","US",34.4424,-84.1696,"Dawson, Georgia, US",0,0,2020-02-28,0,0,FALSE,TRUE,"US","USA","US-GA"
84013085,"US","USA",840,13085,"Dawson","Georgia","US",34.4424,-84.1696,"Dawson, Georgia, US",0,0,2020-02-29,0,0,FALSE,TRUE,"US","USA","US-GA"
84013085,"US","USA",840,13085,"Dawson","Georgia","US",34.4424,-84.1696,"Dawson, Georgia, US",0,0,2020-03-01,0,0,FALSE,TRUE,"US","USA","US-GA"
84013085,"US","USA",840,13085,"Dawson","Georgia","US",34.4424,-84.1696,"Dawson, Georgia, US",0,0,2020-03-02,0,0,FALSE,TRUE,"US","USA","US-GA"
84013085,"US","USA",840,13085,"Dawson","Georgia","US",34.4424,-84.1696,"Dawson, Georgia, US",0,0,2020-03-03,0,0,FALSE,TRUE,"US","USA","US-GA"
84013085,"US","USA",840,13085,"Dawson","Georgia","US",34.4424,-84.1696,"Dawson, Georgia, US",0,0,2020-03-04,0,0,FALSE,TRUE,"US","USA","US-GA"
84013085,"US","USA",840,13085,"Dawson","Georgia","US",34.4424,-84.1696,"Dawson, Georgia, US",0,0,2020-03-05,0,0,FALSE,TRUE,"US","USA","US-GA"
84013085,"US","USA",840,13085,"Dawson","Georgia","US",34.4424,-84.1696,"Dawson, Georgia, US",0,0,2020-03-06,0,0,FALSE,TRUE,"US","USA","US-GA"
84013085,"US","USA",840,13085,"Dawson","Georgia","US",34.4424,-84.1696,"Dawson, Georgia, US",0,0,2020-03-07,0,0,FALSE,TRUE,"US","USA","US-GA"
84013085,"US","USA",840,13085,"Dawson","Georgia","US",34.4424,-84.1696,"Dawson, Georgia, US",0,0,2020-03-08,0,0,FALSE,TRUE,"US","USA","US-GA"
84013085,"US","USA",840,13085,"Dawson","Georgia","US",34.4424,-84.1696,"Dawson, Georgia, US",0,0,2020-03-09,0,0,FALSE,TRUE,"US","USA","US-GA"
84013085,"US","USA",840,13085,"Dawson","Georgia","US",34.4424,-84.1696,"Dawson, Georgia, US",0,0,2020-03-10,0,0,FALSE,TRUE,"US","USA","US-GA"
84013085,"US","USA",840,13085,"Dawson","Georgia","US",34.4424,-84.1696,"Dawson, Georgia, US",0,0,2020-03-11,0,0,FALSE,TRUE,"US","USA","US-GA"
84013085,"US","USA",840,13085,"Dawson","Georgia","US",34.4424,-84.1696,"Dawson, Georgia, US",0,0,2020-03-12,0,0,FALSE,TRUE,"US","USA","US-GA"
84013085,"US","USA",840,13085,"Dawson","Georgia","US",34.4424,-84.1696,"Dawson, Georgia, US",0,0,2020-03-13,0,0,FALSE,TRUE,"US","USA","US-GA"
84013085,"US","USA",840,13085,"Dawson","Georgia","US",34.4424,-84.1696,"Dawson, Georgia, US",0,0,2020-03-14,0,0,FALSE,TRUE,"US","USA","US-GA"
84013085,"US","USA",840,13085,"Dawson","Georgia","US",34.4424,-84.1696,"Dawson, Georgia, US",0,0,2020-03-15,0,0,FALSE,TRUE,"US","USA","US-GA"
84013085,"US","USA",840,13085,"Dawson","Georgia","US",34.4424,-84.1696,"Dawson, Georgia, US",0,0,2020-03-16,0,0,FALSE,TRUE,"US","USA","US-GA"
84013085,"US","USA",840,13085,"Dawson","Georgia","US",34.4424,-84.1696,"Dawson, Georgia, US",0,0,2020-03-17,0,0,FALSE,TRUE,"US","USA","US-GA"
84013085,"US","USA",840,13085,"Dawson","Georgia","US",34.4424,-84.1696,"Dawson, Georgia, US",0,0,2020-03-18,0,0,FALSE,TRUE,"US","USA","US-GA"
84013085,"US","USA",840,13085,"Dawson","Georgia","US",34.4424,-84.1696,"Dawson, Georgia, US",0,0,2020-03-19,0,0,FALSE,TRUE,"US","USA","US-GA"
84013085,"US","USA",840,13085,"Dawson","Georgia","US",34.4424,-84.1696,"Dawson, Georgia, US",1,0,2020-03-20,1,0,FALSE,TRUE,"US","USA","US-GA"
84013085,"US","USA",840,13085,"Dawson","Georgia","US",34.4424,-84.1696,"Dawson, Georgia, US",1,0,2020-03-21,0,0,FALSE,TRUE,"US","USA","US-GA"
84013085,"US","USA",840,13085,"Dawson","Georgia","US",34.4424,-84.1696,"Dawson, Georgia, US",1,0,2020-03-22,0,0,FALSE,TRUE,"US","USA","US-GA"
84013085,"US","USA",840,13085,"Dawson","Georgia","US",34.4424,-84.1696,"Dawson, Georgia, US",1,0,2020-03-23,0,0,FALSE,TRUE,"US","USA","US-GA"
84013085,"US","USA",840,13085,"Dawson","Georgia","US",34.4424,-84.1696,"Dawson, Georgia, US",1,0,2020-03-24,0,0,FALSE,TRUE,"US","USA","US-GA"
84013085,"US","USA",840,13085,"Dawson","Georgia","US",34.4424,-84.1696,"Dawson, Georgia, US",1,0,2020-03-25,0,0,FALSE,TRUE,"US","USA","US-GA"
84013085,"US","USA",840,13085,"Dawson","Georgia","US",34.4424,-84.1696,"Dawson, Georgia, US",3,0,2020-03-26,2,0,FALSE,TRUE,"US","USA","US-GA"
84013085,"US","USA",840,13085,"Dawson","Georgia","US",34.4424,-84.1696,"Dawson, Georgia, US",2,0,2020-03-27,-1,0,FALSE,TRUE,"US","USA","US-GA"
84013085,"US","USA",840,13085,"Dawson","Georgia","US",34.4424,-84.1696,"Dawson, Georgia, US",2,0,2020-03-28,0,0,FALSE,TRUE,"US","USA","US-GA"
84013085,"US","USA",840,13085,"Dawson","Georgia","US",34.4424,-84.1696,"Dawson, Georgia, US",2,0,2020-03-29,0,0,FALSE,TRUE,"US","USA","US-GA"
84013085,"US","USA",840,13085,"Dawson","Georgia","US",34.4424,-84.1696,"Dawson, Georgia, US",5,0,2020-03-30,3,0,FALSE,TRUE,"US","USA","US-GA"
84013085,"US","USA",840,13085,"Dawson","Georgia","US",34.4424,-84.1696,"Dawson, Georgia, US",10,0,2020-03-31,5,0,FALSE,TRUE,"US","USA","US-GA"
84013085,"US","USA",840,13085,"Dawson","Georgia","US",34.4424,-84.1696,"Dawson, Georgia, US",11,0,2020-04-01,1,0,FALSE,TRUE,"US","USA","US-GA"
84013085,"US","USA",840,13085,"Dawson","Georgia","US",34.4424,-84.1696,"Dawson, Georgia, US",11,0,2020-04-02,0,0,FALSE,TRUE,"US","USA","US-GA"
84013085,"US","USA",840,13085,"Dawson","Georgia","US",34.4424,-84.1696,"Dawson, Georgia, US",13,0,2020-04-03,2,0,FALSE,TRUE,"US","USA","US-GA"
84013085,"US","USA",840,13085,"Dawson","Georgia","US",34.4424,-84.1696,"Dawson, Georgia, US",13,0,2020-04-04,0,0,FALSE,TRUE,"US","USA","US-GA"
84013085,"US","USA",840,13085,"Dawson","Georgia","US",34.4424,-84.1696,"Dawson, Georgia, US",16,0,2020-04-05,3,0,FALSE,TRUE,"US","USA","US-GA"
84013085,"US","USA",840,13085,"Dawson","Georgia","US",34.4424,-84.1696,"Dawson, Georgia, US",19,0,2020-04-06,3,0,FALSE,TRUE,"US","USA","US-GA"
84013085,"US","USA",840,13085,"Dawson","Georgia","US",34.4424,-84.1696,"Dawson, Georgia, US",20,1,2020-04-07,1,1,FALSE,TRUE,"US","USA","US-GA"
84013085,"US","USA",840,13085,"Dawson","Georgia","US",34.4424,-84.1696,"Dawson, Georgia, US",22,1,2020-04-08,2,0,FALSE,TRUE,"US","USA","US-GA"
84013085,"US","USA",840,13085,"Dawson","Georgia","US",34.4424,-84.1696,"Dawson, Georgia, US",24,1,2020-04-09,2,0,FALSE,TRUE,"US","USA","US-GA"
84013085,"US","USA",840,13085,"Dawson","Georgia","US",34.4424,-84.1696,"Dawson, Georgia, US",24,1,2020-04-10,0,0,FALSE,TRUE,"US","USA","US-GA"
84013085,"US","USA",840,13085,"Dawson","Georgia","US",34.4424,-84.1696,"Dawson, Georgia, US",25,2,2020-04-11,1,1,FALSE,TRUE,"US","USA","US-GA"
84013085,"US","USA",840,13085,"Dawson","Georgia","US",34.4424,-84.1696,"Dawson, Georgia, US",26,2,2020-04-12,1,0,FALSE,TRUE,"US","USA","US-GA"
84013085,"US","USA",840,13085,"Dawson","Georgia","US",34.4424,-84.1696,"Dawson, Georgia, US",29,2,2020-04-13,3,0,FALSE,TRUE,"US","USA","US-GA"
84013085,"US","USA",840,13085,"Dawson","Georgia","US",34.4424,-84.1696,"Dawson, Georgia, US",36,2,2020-04-14,7,0,FALSE,TRUE,"US","USA","US-GA"
84013085,"US","USA",840,13085,"Dawson","Georgia","US",34.4424,-84.1696,"Dawson, Georgia, US",37,2,2020-04-15,1,0,FALSE,TRUE,"US","USA","US-GA"
84013085,"US","USA",840,13085,"Dawson","Georgia","US",34.4424,-84.1696,"Dawson, Georgia, US",37,2,2020-04-16,0,0,FALSE,TRUE,"US","USA","US-GA"
84013085,"US","USA",840,13085,"Dawson","Georgia","US",34.4424,-84.1696,"Dawson, Georgia, US",42,2,2020-04-17,5,0,FALSE,TRUE,"US","USA","US-GA"
84013085,"US","USA",840,13085,"Dawson","Georgia","US",34.4424,-84.1696,"Dawson, Georgia, US",42,1,2020-04-18,0,-1,FALSE,TRUE,"US","USA","US-GA"
84013085,"US","USA",840,13085,"Dawson","Georgia","US",34.4424,-84.1696,"Dawson, Georgia, US",44,1,2020-04-19,2,0,FALSE,TRUE,"US","USA","US-GA"
84013085,"US","USA",840,13085,"Dawson","Georgia","US",34.4424,-84.1696,"Dawson, Georgia, US",45,1,2020-04-20,1,0,FALSE,TRUE,"US","USA","US-GA"
84013085,"US","USA",840,13085,"Dawson","Georgia","US",34.4424,-84.1696,"Dawson, Georgia, US",45,1,2020-04-21,0,0,FALSE,TRUE,"US","USA","US-GA"
84013085,"US","USA",840,13085,"Dawson","Georgia","US",34.4424,-84.1696,"Dawson, Georgia, US",49,1,2020-04-22,4,0,FALSE,TRUE,"US","USA","US-GA"
84013085,"US","USA",840,13085,"Dawson","Georgia","US",34.4424,-84.1696,"Dawson, Georgia, US",50,1,2020-04-23,1,0,FALSE,TRUE,"US","USA","US-GA"
84013085,"US","USA",840,13085,"Dawson","Georgia","US",34.4424,-84.1696,"Dawson, Georgia, US",51,1,2020-04-24,1,0,FALSE,TRUE,"US","USA","US-GA"
84013085,"US","USA",840,13085,"Dawson","Georgia","US",34.4424,-84.1696,"Dawson, Georgia, US",51,1,2020-04-25,0,0,FALSE,TRUE,"US","USA","US-GA"
84013085,"US","USA",840,13085,"Dawson","Georgia","US",34.4424,-84.1696,"Dawson, Georgia, US",51,1,2020-04-26,0,0,FALSE,TRUE,"US","USA","US-GA"
84013085,"US","USA",840,13085,"Dawson","Georgia","US",34.4424,-84.1696,"Dawson, Georgia, US",53,1,2020-04-27,2,0,FALSE,TRUE,"US","USA","US-GA"
84013085,"US","USA",840,13085,"Dawson","Georgia","US",34.4424,-84.1696,"Dawson, Georgia, US",58,1,2020-04-28,5,0,FALSE,TRUE,"US","USA","US-GA"
84013085,"US","USA",840,13085,"Dawson","Georgia","US",34.4424,-84.1696,"Dawson, Georgia, US",59,1,2020-04-29,1,0,FALSE,TRUE,"US","USA","US-GA"
84013085,"US","USA",840,13085,"Dawson","Georgia","US",34.4424,-84.1696,"Dawson, Georgia, US",61,1,2020-04-30,2,0,FALSE,TRUE,"US","USA","US-GA"
84013085,"US","USA",840,13085,"Dawson","Georgia","US",34.4424,-84.1696,"Dawson, Georgia, US",61,1,2020-05-01,0,0,FALSE,TRUE,"US","USA","US-GA"
84013085,"US","USA",840,13085,"Dawson","Georgia","US",34.4424,-84.1696,"Dawson, Georgia, US",66,1,2020-05-02,5,0,FALSE,TRUE,"US","USA","US-GA"
84013085,"US","USA",840,13085,"Dawson","Georgia","US",34.4424,-84.1696,"Dawson, Georgia, US",66,1,2020-05-03,0,0,FALSE,TRUE,"US","USA","US-GA"
84013085,"US","USA",840,13085,"Dawson","Georgia","US",34.4424,-84.1696,"Dawson, Georgia, US",67,1,2020-05-04,1,0,FALSE,TRUE,"US","USA","US-GA"
84013085,"US","USA",840,13085,"Dawson","Georgia","US",34.4424,-84.1696,"Dawson, Georgia, US",67,1,2020-05-05,0,0,FALSE,TRUE,"US","USA","US-GA"
84013085,"US","USA",840,13085,"Dawson","Georgia","US",34.4424,-84.1696,"Dawson, Georgia, US",72,1,2020-05-06,5,0,FALSE,TRUE,"US","USA","US-GA"
84013085,"US","USA",840,13085,"Dawson","Georgia","US",34.4424,-84.1696,"Dawson, Georgia, US",73,1,2020-05-07,1,0,FALSE,TRUE,"US","USA","US-GA"
84013085,"US","USA",840,13085,"Dawson","Georgia","US",34.4424,-84.1696,"Dawson, Georgia, US",75,1,2020-05-08,2,0,FALSE,TRUE,"US","USA","US-GA"
84013085,"US","USA",840,13085,"Dawson","Georgia","US",34.4424,-84.1696,"Dawson, Georgia, US",75,1,2020-05-09,0,0,FALSE,TRUE,"US","USA","US-GA"
84013085,"US","USA",840,13085,"Dawson","Georgia","US",34.4424,-84.1696,"Dawson, Georgia, US",81,1,2020-05-10,6,0,FALSE,TRUE,"US","USA","US-GA"
84013085,"US","USA",840,13085,"Dawson","Georgia","US",34.4424,-84.1696,"Dawson, Georgia, US",81,1,2020-05-11,0,0,FALSE,TRUE,"US","USA","US-GA"
84013085,"US","USA",840,13085,"Dawson","Georgia","US",34.4424,-84.1696,"Dawson, Georgia, US",81,1,2020-05-12,0,0,FALSE,TRUE,"US","USA","US-GA"
84013085,"US","USA",840,13085,"Dawson","Georgia","US",34.4424,-84.1696,"Dawson, Georgia, US",81,1,2020-05-13,0,0,FALSE,TRUE,"US","USA","US-GA"
84013085,"US","USA",840,13085,"Dawson","Georgia","US",34.4424,-84.1696,"Dawson, Georgia, US",84,1,2020-05-14,3,0,FALSE,TRUE,"US","USA","US-GA"
84013085,"US","USA",840,13085,"Dawson","Georgia","US",34.4424,-84.1696,"Dawson, Georgia, US",84,1,2020-05-15,0,0,FALSE,TRUE,"US","USA","US-GA"
84013085,"US","USA",840,13085,"Dawson","Georgia","US",34.4424,-84.1696,"Dawson, Georgia, US",84,1,2020-05-16,0,0,FALSE,TRUE,"US","USA","US-GA"
84013085,"US","USA",840,13085,"Dawson","Georgia","US",34.4424,-84.1696,"Dawson, Georgia, US",84,1,2020-05-17,0,0,FALSE,TRUE,"US","USA","US-GA"
84013085,"US","USA",840,13085,"Dawson","Georgia","US",34.4424,-84.1696,"Dawson, Georgia, US",84,1,2020-05-18,0,0,FALSE,TRUE,"US","USA","US-GA"
84013085,"US","USA",840,13085,"Dawson","Georgia","US",34.4424,-84.1696,"Dawson, Georgia, US",86,1,2020-05-19,2,0,FALSE,TRUE,"US","USA","US-GA"
84013085,"US","USA",840,13085,"Dawson","Georgia","US",34.4424,-84.1696,"Dawson, Georgia, US",95,1,2020-05-20,9,0,FALSE,TRUE,"US","USA","US-GA"
84013085,"US","USA",840,13085,"Dawson","Georgia","US",34.4424,-84.1696,"Dawson, Georgia, US",99,2,2020-05-21,4,1,FALSE,TRUE,"US","USA","US-GA"
84013085,"US","USA",840,13085,"Dawson","Georgia","US",34.4424,-84.1696,"Dawson, Georgia, US",101,1,2020-05-22,2,-1,FALSE,TRUE,"US","USA","US-GA"
84013085,"US","USA",840,13085,"Dawson","Georgia","US",34.4424,-84.1696,"Dawson, Georgia, US",101,1,2020-05-23,0,0,FALSE,TRUE,"US","USA","US-GA"
84013085,"US","USA",840,13085,"Dawson","Georgia","US",34.4424,-84.1696,"Dawson, Georgia, US",101,1,2020-05-24,0,0,FALSE,TRUE,"US","USA","US-GA"
84013085,"US","USA",840,13085,"Dawson","Georgia","US",34.4424,-84.1696,"Dawson, Georgia, US",103,1,2020-05-25,2,0,FALSE,TRUE,"US","USA","US-GA"
84013085,"US","USA",840,13085,"Dawson","Georgia","US",34.4424,-84.1696,"Dawson, Georgia, US",104,1,2020-05-26,1,0,FALSE,TRUE,"US","USA","US-GA"
84013085,"US","USA",840,13085,"Dawson","Georgia","US",34.4424,-84.1696,"Dawson, Georgia, US",108,1,2020-05-27,4,0,FALSE,TRUE,"US","USA","US-GA"
84013085,"US","USA",840,13085,"Dawson","Georgia","US",34.4424,-84.1696,"Dawson, Georgia, US",108,1,2020-05-28,0,0,FALSE,TRUE,"US","USA","US-GA"
84013085,"US","USA",840,13085,"Dawson","Georgia","US",34.4424,-84.1696,"Dawson, Georgia, US",109,1,2020-05-29,1,0,FALSE,TRUE,"US","USA","US-GA"
84013085,"US","USA",840,13085,"Dawson","Georgia","US",34.4424,-84.1696,"Dawson, Georgia, US",109,1,2020-05-30,0,0,FALSE,TRUE,"US","USA","US-GA"
84013085,"US","USA",840,13085,"Dawson","Georgia","US",34.4424,-84.1696,"Dawson, Georgia, US",109,1,2020-05-31,0,0,FALSE,TRUE,"US","USA","US-GA"
84013085,"US","USA",840,13085,"Dawson","Georgia","US",34.4424,-84.1696,"Dawson, Georgia, US",109,1,2020-06-01,0,0,FALSE,TRUE,"US","USA","US-GA"
84013085,"US","USA",840,13085,"Dawson","Georgia","US",34.4424,-84.1696,"Dawson, Georgia, US",109,1,2020-06-02,0,0,FALSE,TRUE,"US","USA","US-GA"
84013085,"US","USA",840,13085,"Dawson","Georgia","US",34.4424,-84.1696,"Dawson, Georgia, US",110,1,2020-06-03,1,0,FALSE,TRUE,"US","USA","US-GA"
84013085,"US","USA",840,13085,"Dawson","Georgia","US",34.4424,-84.1696,"Dawson, Georgia, US",110,1,2020-06-04,0,0,FALSE,TRUE,"US","USA","US-GA"
84013085,"US","USA",840,13085,"Dawson","Georgia","US",34.4424,-84.1696,"Dawson, Georgia, US",112,1,2020-06-05,2,0,FALSE,TRUE,"US","USA","US-GA"
84013085,"US","USA",840,13085,"Dawson","Georgia","US",34.4424,-84.1696,"Dawson, Georgia, US",113,1,2020-06-06,1,0,FALSE,TRUE,"US","USA","US-GA"
