"UID","iso2","iso3","code3","FIPS","Admin2","Province.State","Country.Region","Lat","Long","Combined_Key","confirmed","deaths","date","confirmed_new","deaths_new","hasErrors","hasParent","country_code","country_code3","territory_code"
84013299,"US","USA",840,13299,"Ware","Georgia","US",31.0545,-82.4222,"Ware, Georgia, US",0,0,2020-01-22,0,0,FALSE,TRUE,"US","USA","US-GA"
84013299,"US","USA",840,13299,"Ware","Georgia","US",31.0545,-82.4222,"Ware, Georgia, US",0,0,2020-01-23,0,0,FALSE,TRUE,"US","USA","US-GA"
84013299,"US","USA",840,13299,"Ware","Georgia","US",31.0545,-82.4222,"Ware, Georgia, US",0,0,2020-01-24,0,0,FALSE,TRUE,"US","USA","US-GA"
84013299,"US","USA",840,13299,"Ware","Georgia","US",31.0545,-82.4222,"Ware, Georgia, US",0,0,2020-01-25,0,0,FALSE,TRUE,"US","USA","US-GA"
84013299,"US","USA",840,13299,"Ware","Georgia","US",31.0545,-82.4222,"Ware, Georgia, US",0,0,2020-01-26,0,0,FALSE,TRUE,"US","USA","US-GA"
84013299,"US","USA",840,13299,"Ware","Georgia","US",31.0545,-82.4222,"Ware, Georgia, US",0,0,2020-01-27,0,0,FALSE,TRUE,"US","USA","US-GA"
84013299,"US","USA",840,13299,"Ware","Georgia","US",31.0545,-82.4222,"Ware, Georgia, US",0,0,2020-01-28,0,0,FALSE,TRUE,"US","USA","US-GA"
84013299,"US","USA",840,13299,"Ware","Georgia","US",31.0545,-82.4222,"Ware, Georgia, US",0,0,2020-01-29,0,0,FALSE,TRUE,"US","USA","US-GA"
84013299,"US","USA",840,13299,"Ware","Georgia","US",31.0545,-82.4222,"Ware, Georgia, US",0,0,2020-01-30,0,0,FALSE,TRUE,"US","USA","US-GA"
84013299,"US","USA",840,13299,"Ware","Georgia","US",31.0545,-82.4222,"Ware, Georgia, US",0,0,2020-01-31,0,0,FALSE,TRUE,"US","USA","US-GA"
84013299,"US","USA",840,13299,"Ware","Georgia","US",31.0545,-82.4222,"Ware, Georgia, US",0,0,2020-02-01,0,0,FALSE,TRUE,"US","USA","US-GA"
84013299,"US","USA",840,13299,"Ware","Georgia","US",31.0545,-82.4222,"Ware, Georgia, US",0,0,2020-02-02,0,0,FALSE,TRUE,"US","USA","US-GA"
84013299,"US","USA",840,13299,"Ware","Georgia","US",31.0545,-82.4222,"Ware, Georgia, US",0,0,2020-02-03,0,0,FALSE,TRUE,"US","USA","US-GA"
84013299,"US","USA",840,13299,"Ware","Georgia","US",31.0545,-82.4222,"Ware, Georgia, US",0,0,2020-02-04,0,0,FALSE,TRUE,"US","USA","US-GA"
84013299,"US","USA",840,13299,"Ware","Georgia","US",31.0545,-82.4222,"Ware, Georgia, US",0,0,2020-02-05,0,0,FALSE,TRUE,"US","USA","US-GA"
84013299,"US","USA",840,13299,"Ware","Georgia","US",31.0545,-82.4222,"Ware, Georgia, US",0,0,2020-02-06,0,0,FALSE,TRUE,"US","USA","US-GA"
84013299,"US","USA",840,13299,"Ware","Georgia","US",31.0545,-82.4222,"Ware, Georgia, US",0,0,2020-02-07,0,0,FALSE,TRUE,"US","USA","US-GA"
84013299,"US","USA",840,13299,"Ware","Georgia","US",31.0545,-82.4222,"Ware, Georgia, US",0,0,2020-02-08,0,0,FALSE,TRUE,"US","USA","US-GA"
84013299,"US","USA",840,13299,"Ware","Georgia","US",31.0545,-82.4222,"Ware, Georgia, US",0,0,2020-02-09,0,0,FALSE,TRUE,"US","USA","US-GA"
84013299,"US","USA",840,13299,"Ware","Georgia","US",31.0545,-82.4222,"Ware, Georgia, US",0,0,2020-02-10,0,0,FALSE,TRUE,"US","USA","US-GA"
84013299,"US","USA",840,13299,"Ware","Georgia","US",31.0545,-82.4222,"Ware, Georgia, US",0,0,2020-02-11,0,0,FALSE,TRUE,"US","USA","US-GA"
84013299,"US","USA",840,13299,"Ware","Georgia","US",31.0545,-82.4222,"Ware, Georgia, US",0,0,2020-02-12,0,0,FALSE,TRUE,"US","USA","US-GA"
84013299,"US","USA",840,13299,"Ware","Georgia","US",31.0545,-82.4222,"Ware, Georgia, US",0,0,2020-02-13,0,0,FALSE,TRUE,"US","USA","US-GA"
84013299,"US","USA",840,13299,"Ware","Georgia","US",31.0545,-82.4222,"Ware, Georgia, US",0,0,2020-02-14,0,0,FALSE,TRUE,"US","USA","US-GA"
84013299,"US","USA",840,13299,"Ware","Georgia","US",31.0545,-82.4222,"Ware, Georgia, US",0,0,2020-02-15,0,0,FALSE,TRUE,"US","USA","US-GA"
84013299,"US","USA",840,13299,"Ware","Georgia","US",31.0545,-82.4222,"Ware, Georgia, US",0,0,2020-02-16,0,0,FALSE,TRUE,"US","USA","US-GA"
84013299,"US","USA",840,13299,"Ware","Georgia","US",31.0545,-82.4222,"Ware, Georgia, US",0,0,2020-02-17,0,0,FALSE,TRUE,"US","USA","US-GA"
84013299,"US","USA",840,13299,"Ware","Georgia","US",31.0545,-82.4222,"Ware, Georgia, US",0,0,2020-02-18,0,0,FALSE,TRUE,"US","USA","US-GA"
84013299,"US","USA",840,13299,"Ware","Georgia","US",31.0545,-82.4222,"Ware, Georgia, US",0,0,2020-02-19,0,0,FALSE,TRUE,"US","USA","US-GA"
84013299,"US","USA",840,13299,"Ware","Georgia","US",31.0545,-82.4222,"Ware, Georgia, US",0,0,2020-02-20,0,0,FALSE,TRUE,"US","USA","US-GA"
84013299,"US","USA",840,13299,"Ware","Georgia","US",31.0545,-82.4222,"Ware, Georgia, US",0,0,2020-02-21,0,0,FALSE,TRUE,"US","USA","US-GA"
84013299,"US","USA",840,13299,"Ware","Georgia","US",31.0545,-82.4222,"Ware, Georgia, US",0,0,2020-02-22,0,0,FALSE,TRUE,"US","USA","US-GA"
84013299,"US","USA",840,13299,"Ware","Georgia","US",31.0545,-82.4222,"Ware, Georgia, US",0,0,2020-02-23,0,0,FALSE,TRUE,"US","USA","US-GA"
84013299,"US","USA",840,13299,"Ware","Georgia","US",31.0545,-82.4222,"Ware, Georgia, US",0,0,2020-02-24,0,0,FALSE,TRUE,"US","USA","US-GA"
84013299,"US","USA",840,13299,"Ware","Georgia","US",31.0545,-82.4222,"Ware, Georgia, US",0,0,2020-02-25,0,0,FALSE,TRUE,"US","USA","US-GA"
84013299,"US","USA",840,13299,"Ware","Georgia","US",31.0545,-82.4222,"Ware, Georgia, US",0,0,2020-02-26,0,0,FALSE,TRUE,"US","USA","US-GA"
84013299,"US","USA",840,13299,"Ware","Georgia","US",31.0545,-82.4222,"Ware, Georgia, US",0,0,2020-02-27,0,0,FALSE,TRUE,"US","USA","US-GA"
84013299,"US","USA",840,13299,"Ware","Georgia","US",31.0545,-82.4222,"Ware, Georgia, US",0,0,2020-02-28,0,0,FALSE,TRUE,"US","USA","US-GA"
84013299,"US","USA",840,13299,"Ware","Georgia","US",31.0545,-82.4222,"Ware, Georgia, US",0,0,2020-02-29,0,0,FALSE,TRUE,"US","USA","US-GA"
84013299,"US","USA",840,13299,"Ware","Georgia","US",31.0545,-82.4222,"Ware, Georgia, US",0,0,2020-03-01,0,0,FALSE,TRUE,"US","USA","US-GA"
84013299,"US","USA",840,13299,"Ware","Georgia","US",31.0545,-82.4222,"Ware, Georgia, US",0,0,2020-03-02,0,0,FALSE,TRUE,"US","USA","US-GA"
84013299,"US","USA",840,13299,"Ware","Georgia","US",31.0545,-82.4222,"Ware, Georgia, US",0,0,2020-03-03,0,0,FALSE,TRUE,"US","USA","US-GA"
84013299,"US","USA",840,13299,"Ware","Georgia","US",31.0545,-82.4222,"Ware, Georgia, US",0,0,2020-03-04,0,0,FALSE,TRUE,"US","USA","US-GA"
84013299,"US","USA",840,13299,"Ware","Georgia","US",31.0545,-82.4222,"Ware, Georgia, US",0,0,2020-03-05,0,0,FALSE,TRUE,"US","USA","US-GA"
84013299,"US","USA",840,13299,"Ware","Georgia","US",31.0545,-82.4222,"Ware, Georgia, US",0,0,2020-03-06,0,0,FALSE,TRUE,"US","USA","US-GA"
84013299,"US","USA",840,13299,"Ware","Georgia","US",31.0545,-82.4222,"Ware, Georgia, US",0,0,2020-03-07,0,0,FALSE,TRUE,"US","USA","US-GA"
84013299,"US","USA",840,13299,"Ware","Georgia","US",31.0545,-82.4222,"Ware, Georgia, US",0,0,2020-03-08,0,0,FALSE,TRUE,"US","USA","US-GA"
84013299,"US","USA",840,13299,"Ware","Georgia","US",31.0545,-82.4222,"Ware, Georgia, US",0,0,2020-03-09,0,0,FALSE,TRUE,"US","USA","US-GA"
84013299,"US","USA",840,13299,"Ware","Georgia","US",31.0545,-82.4222,"Ware, Georgia, US",0,0,2020-03-10,0,0,FALSE,TRUE,"US","USA","US-GA"
84013299,"US","USA",840,13299,"Ware","Georgia","US",31.0545,-82.4222,"Ware, Georgia, US",0,0,2020-03-11,0,0,FALSE,TRUE,"US","USA","US-GA"
84013299,"US","USA",840,13299,"Ware","Georgia","US",31.0545,-82.4222,"Ware, Georgia, US",0,0,2020-03-12,0,0,FALSE,TRUE,"US","USA","US-GA"
84013299,"US","USA",840,13299,"Ware","Georgia","US",31.0545,-82.4222,"Ware, Georgia, US",0,0,2020-03-13,0,0,FALSE,TRUE,"US","USA","US-GA"
84013299,"US","USA",840,13299,"Ware","Georgia","US",31.0545,-82.4222,"Ware, Georgia, US",0,0,2020-03-14,0,0,FALSE,TRUE,"US","USA","US-GA"
84013299,"US","USA",840,13299,"Ware","Georgia","US",31.0545,-82.4222,"Ware, Georgia, US",0,0,2020-03-15,0,0,FALSE,TRUE,"US","USA","US-GA"
84013299,"US","USA",840,13299,"Ware","Georgia","US",31.0545,-82.4222,"Ware, Georgia, US",0,0,2020-03-16,0,0,FALSE,TRUE,"US","USA","US-GA"
84013299,"US","USA",840,13299,"Ware","Georgia","US",31.0545,-82.4222,"Ware, Georgia, US",0,0,2020-03-17,0,0,FALSE,TRUE,"US","USA","US-GA"
84013299,"US","USA",840,13299,"Ware","Georgia","US",31.0545,-82.4222,"Ware, Georgia, US",0,0,2020-03-18,0,0,FALSE,TRUE,"US","USA","US-GA"
84013299,"US","USA",840,13299,"Ware","Georgia","US",31.0545,-82.4222,"Ware, Georgia, US",0,0,2020-03-19,0,0,FALSE,TRUE,"US","USA","US-GA"
84013299,"US","USA",840,13299,"Ware","Georgia","US",31.0545,-82.4222,"Ware, Georgia, US",0,0,2020-03-20,0,0,FALSE,TRUE,"US","USA","US-GA"
84013299,"US","USA",840,13299,"Ware","Georgia","US",31.0545,-82.4222,"Ware, Georgia, US",0,0,2020-03-21,0,0,FALSE,TRUE,"US","USA","US-GA"
84013299,"US","USA",840,13299,"Ware","Georgia","US",31.0545,-82.4222,"Ware, Georgia, US",0,0,2020-03-22,0,0,FALSE,TRUE,"US","USA","US-GA"
84013299,"US","USA",840,13299,"Ware","Georgia","US",31.0545,-82.4222,"Ware, Georgia, US",0,0,2020-03-23,0,0,FALSE,TRUE,"US","USA","US-GA"
84013299,"US","USA",840,13299,"Ware","Georgia","US",31.0545,-82.4222,"Ware, Georgia, US",0,0,2020-03-24,0,0,FALSE,TRUE,"US","USA","US-GA"
84013299,"US","USA",840,13299,"Ware","Georgia","US",31.0545,-82.4222,"Ware, Georgia, US",0,0,2020-03-25,0,0,FALSE,TRUE,"US","USA","US-GA"
84013299,"US","USA",840,13299,"Ware","Georgia","US",31.0545,-82.4222,"Ware, Georgia, US",1,0,2020-03-26,1,0,FALSE,TRUE,"US","USA","US-GA"
84013299,"US","USA",840,13299,"Ware","Georgia","US",31.0545,-82.4222,"Ware, Georgia, US",2,0,2020-03-27,1,0,FALSE,TRUE,"US","USA","US-GA"
84013299,"US","USA",840,13299,"Ware","Georgia","US",31.0545,-82.4222,"Ware, Georgia, US",2,0,2020-03-28,0,0,FALSE,TRUE,"US","USA","US-GA"
84013299,"US","USA",840,13299,"Ware","Georgia","US",31.0545,-82.4222,"Ware, Georgia, US",5,0,2020-03-29,3,0,FALSE,TRUE,"US","USA","US-GA"
84013299,"US","USA",840,13299,"Ware","Georgia","US",31.0545,-82.4222,"Ware, Georgia, US",5,0,2020-03-30,0,0,FALSE,TRUE,"US","USA","US-GA"
84013299,"US","USA",840,13299,"Ware","Georgia","US",31.0545,-82.4222,"Ware, Georgia, US",9,0,2020-03-31,4,0,FALSE,TRUE,"US","USA","US-GA"
84013299,"US","USA",840,13299,"Ware","Georgia","US",31.0545,-82.4222,"Ware, Georgia, US",10,1,2020-04-01,1,1,FALSE,TRUE,"US","USA","US-GA"
84013299,"US","USA",840,13299,"Ware","Georgia","US",31.0545,-82.4222,"Ware, Georgia, US",14,2,2020-04-02,4,1,FALSE,TRUE,"US","USA","US-GA"
84013299,"US","USA",840,13299,"Ware","Georgia","US",31.0545,-82.4222,"Ware, Georgia, US",16,2,2020-04-03,2,0,FALSE,TRUE,"US","USA","US-GA"
84013299,"US","USA",840,13299,"Ware","Georgia","US",31.0545,-82.4222,"Ware, Georgia, US",18,3,2020-04-04,2,1,FALSE,TRUE,"US","USA","US-GA"
84013299,"US","USA",840,13299,"Ware","Georgia","US",31.0545,-82.4222,"Ware, Georgia, US",18,3,2020-04-05,0,0,FALSE,TRUE,"US","USA","US-GA"
84013299,"US","USA",840,13299,"Ware","Georgia","US",31.0545,-82.4222,"Ware, Georgia, US",22,3,2020-04-06,4,0,FALSE,TRUE,"US","USA","US-GA"
84013299,"US","USA",840,13299,"Ware","Georgia","US",31.0545,-82.4222,"Ware, Georgia, US",37,3,2020-04-07,15,0,FALSE,TRUE,"US","USA","US-GA"
84013299,"US","USA",840,13299,"Ware","Georgia","US",31.0545,-82.4222,"Ware, Georgia, US",42,3,2020-04-08,5,0,FALSE,TRUE,"US","USA","US-GA"
84013299,"US","USA",840,13299,"Ware","Georgia","US",31.0545,-82.4222,"Ware, Georgia, US",45,4,2020-04-09,3,1,FALSE,TRUE,"US","USA","US-GA"
84013299,"US","USA",840,13299,"Ware","Georgia","US",31.0545,-82.4222,"Ware, Georgia, US",48,4,2020-04-10,3,0,FALSE,TRUE,"US","USA","US-GA"
84013299,"US","USA",840,13299,"Ware","Georgia","US",31.0545,-82.4222,"Ware, Georgia, US",50,4,2020-04-11,2,0,FALSE,TRUE,"US","USA","US-GA"
84013299,"US","USA",840,13299,"Ware","Georgia","US",31.0545,-82.4222,"Ware, Georgia, US",53,4,2020-04-12,3,0,FALSE,TRUE,"US","USA","US-GA"
84013299,"US","USA",840,13299,"Ware","Georgia","US",31.0545,-82.4222,"Ware, Georgia, US",56,4,2020-04-13,3,0,FALSE,TRUE,"US","USA","US-GA"
84013299,"US","USA",840,13299,"Ware","Georgia","US",31.0545,-82.4222,"Ware, Georgia, US",64,4,2020-04-14,8,0,FALSE,TRUE,"US","USA","US-GA"
84013299,"US","USA",840,13299,"Ware","Georgia","US",31.0545,-82.4222,"Ware, Georgia, US",66,4,2020-04-15,2,0,FALSE,TRUE,"US","USA","US-GA"
84013299,"US","USA",840,13299,"Ware","Georgia","US",31.0545,-82.4222,"Ware, Georgia, US",69,5,2020-04-16,3,1,FALSE,TRUE,"US","USA","US-GA"
84013299,"US","USA",840,13299,"Ware","Georgia","US",31.0545,-82.4222,"Ware, Georgia, US",77,5,2020-04-17,8,0,FALSE,TRUE,"US","USA","US-GA"
84013299,"US","USA",840,13299,"Ware","Georgia","US",31.0545,-82.4222,"Ware, Georgia, US",80,5,2020-04-18,3,0,FALSE,TRUE,"US","USA","US-GA"
84013299,"US","USA",840,13299,"Ware","Georgia","US",31.0545,-82.4222,"Ware, Georgia, US",85,6,2020-04-19,5,1,FALSE,TRUE,"US","USA","US-GA"
84013299,"US","USA",840,13299,"Ware","Georgia","US",31.0545,-82.4222,"Ware, Georgia, US",88,6,2020-04-20,3,0,FALSE,TRUE,"US","USA","US-GA"
84013299,"US","USA",840,13299,"Ware","Georgia","US",31.0545,-82.4222,"Ware, Georgia, US",92,7,2020-04-21,4,1,FALSE,TRUE,"US","USA","US-GA"
84013299,"US","USA",840,13299,"Ware","Georgia","US",31.0545,-82.4222,"Ware, Georgia, US",95,7,2020-04-22,3,0,FALSE,TRUE,"US","USA","US-GA"
84013299,"US","USA",840,13299,"Ware","Georgia","US",31.0545,-82.4222,"Ware, Georgia, US",100,7,2020-04-23,5,0,FALSE,TRUE,"US","USA","US-GA"
84013299,"US","USA",840,13299,"Ware","Georgia","US",31.0545,-82.4222,"Ware, Georgia, US",103,8,2020-04-24,3,1,FALSE,TRUE,"US","USA","US-GA"
84013299,"US","USA",840,13299,"Ware","Georgia","US",31.0545,-82.4222,"Ware, Georgia, US",105,8,2020-04-25,2,0,FALSE,TRUE,"US","USA","US-GA"
84013299,"US","USA",840,13299,"Ware","Georgia","US",31.0545,-82.4222,"Ware, Georgia, US",107,8,2020-04-26,2,0,FALSE,TRUE,"US","USA","US-GA"
84013299,"US","USA",840,13299,"Ware","Georgia","US",31.0545,-82.4222,"Ware, Georgia, US",112,8,2020-04-27,5,0,FALSE,TRUE,"US","USA","US-GA"
84013299,"US","USA",840,13299,"Ware","Georgia","US",31.0545,-82.4222,"Ware, Georgia, US",112,9,2020-04-28,0,1,FALSE,TRUE,"US","USA","US-GA"
84013299,"US","USA",840,13299,"Ware","Georgia","US",31.0545,-82.4222,"Ware, Georgia, US",115,10,2020-04-29,3,1,FALSE,TRUE,"US","USA","US-GA"
84013299,"US","USA",840,13299,"Ware","Georgia","US",31.0545,-82.4222,"Ware, Georgia, US",121,11,2020-04-30,6,1,FALSE,TRUE,"US","USA","US-GA"
84013299,"US","USA",840,13299,"Ware","Georgia","US",31.0545,-82.4222,"Ware, Georgia, US",128,11,2020-05-01,7,0,FALSE,TRUE,"US","USA","US-GA"
84013299,"US","USA",840,13299,"Ware","Georgia","US",31.0545,-82.4222,"Ware, Georgia, US",129,11,2020-05-02,1,0,FALSE,TRUE,"US","USA","US-GA"
84013299,"US","USA",840,13299,"Ware","Georgia","US",31.0545,-82.4222,"Ware, Georgia, US",130,11,2020-05-03,1,0,FALSE,TRUE,"US","USA","US-GA"
84013299,"US","USA",840,13299,"Ware","Georgia","US",31.0545,-82.4222,"Ware, Georgia, US",133,12,2020-05-04,3,1,FALSE,TRUE,"US","USA","US-GA"
84013299,"US","USA",840,13299,"Ware","Georgia","US",31.0545,-82.4222,"Ware, Georgia, US",142,13,2020-05-05,9,1,FALSE,TRUE,"US","USA","US-GA"
84013299,"US","USA",840,13299,"Ware","Georgia","US",31.0545,-82.4222,"Ware, Georgia, US",145,13,2020-05-06,3,0,FALSE,TRUE,"US","USA","US-GA"
84013299,"US","USA",840,13299,"Ware","Georgia","US",31.0545,-82.4222,"Ware, Georgia, US",148,13,2020-05-07,3,0,FALSE,TRUE,"US","USA","US-GA"
84013299,"US","USA",840,13299,"Ware","Georgia","US",31.0545,-82.4222,"Ware, Georgia, US",155,12,2020-05-08,7,-1,FALSE,TRUE,"US","USA","US-GA"
84013299,"US","USA",840,13299,"Ware","Georgia","US",31.0545,-82.4222,"Ware, Georgia, US",155,12,2020-05-09,0,0,FALSE,TRUE,"US","USA","US-GA"
84013299,"US","USA",840,13299,"Ware","Georgia","US",31.0545,-82.4222,"Ware, Georgia, US",165,12,2020-05-10,10,0,FALSE,TRUE,"US","USA","US-GA"
84013299,"US","USA",840,13299,"Ware","Georgia","US",31.0545,-82.4222,"Ware, Georgia, US",165,12,2020-05-11,0,0,FALSE,TRUE,"US","USA","US-GA"
84013299,"US","USA",840,13299,"Ware","Georgia","US",31.0545,-82.4222,"Ware, Georgia, US",167,12,2020-05-12,2,0,FALSE,TRUE,"US","USA","US-GA"
84013299,"US","USA",840,13299,"Ware","Georgia","US",31.0545,-82.4222,"Ware, Georgia, US",166,12,2020-05-13,-1,0,FALSE,TRUE,"US","USA","US-GA"
84013299,"US","USA",840,13299,"Ware","Georgia","US",31.0545,-82.4222,"Ware, Georgia, US",169,12,2020-05-14,3,0,FALSE,TRUE,"US","USA","US-GA"
84013299,"US","USA",840,13299,"Ware","Georgia","US",31.0545,-82.4222,"Ware, Georgia, US",170,12,2020-05-15,1,0,FALSE,TRUE,"US","USA","US-GA"
84013299,"US","USA",840,13299,"Ware","Georgia","US",31.0545,-82.4222,"Ware, Georgia, US",171,12,2020-05-16,1,0,FALSE,TRUE,"US","USA","US-GA"
84013299,"US","USA",840,13299,"Ware","Georgia","US",31.0545,-82.4222,"Ware, Georgia, US",171,12,2020-05-17,0,0,FALSE,TRUE,"US","USA","US-GA"
84013299,"US","USA",840,13299,"Ware","Georgia","US",31.0545,-82.4222,"Ware, Georgia, US",174,13,2020-05-18,3,1,FALSE,TRUE,"US","USA","US-GA"
84013299,"US","USA",840,13299,"Ware","Georgia","US",31.0545,-82.4222,"Ware, Georgia, US",177,13,2020-05-19,3,0,FALSE,TRUE,"US","USA","US-GA"
84013299,"US","USA",840,13299,"Ware","Georgia","US",31.0545,-82.4222,"Ware, Georgia, US",191,13,2020-05-20,14,0,FALSE,TRUE,"US","USA","US-GA"
84013299,"US","USA",840,13299,"Ware","Georgia","US",31.0545,-82.4222,"Ware, Georgia, US",191,13,2020-05-21,0,0,FALSE,TRUE,"US","USA","US-GA"
84013299,"US","USA",840,13299,"Ware","Georgia","US",31.0545,-82.4222,"Ware, Georgia, US",201,13,2020-05-22,10,0,FALSE,TRUE,"US","USA","US-GA"
84013299,"US","USA",840,13299,"Ware","Georgia","US",31.0545,-82.4222,"Ware, Georgia, US",206,13,2020-05-23,5,0,FALSE,TRUE,"US","USA","US-GA"
84013299,"US","USA",840,13299,"Ware","Georgia","US",31.0545,-82.4222,"Ware, Georgia, US",209,13,2020-05-24,3,0,FALSE,TRUE,"US","USA","US-GA"
84013299,"US","USA",840,13299,"Ware","Georgia","US",31.0545,-82.4222,"Ware, Georgia, US",218,14,2020-05-25,9,1,FALSE,TRUE,"US","USA","US-GA"
84013299,"US","USA",840,13299,"Ware","Georgia","US",31.0545,-82.4222,"Ware, Georgia, US",221,14,2020-05-26,3,0,FALSE,TRUE,"US","USA","US-GA"
84013299,"US","USA",840,13299,"Ware","Georgia","US",31.0545,-82.4222,"Ware, Georgia, US",223,14,2020-05-27,2,0,FALSE,TRUE,"US","USA","US-GA"
84013299,"US","USA",840,13299,"Ware","Georgia","US",31.0545,-82.4222,"Ware, Georgia, US",225,14,2020-05-28,2,0,FALSE,TRUE,"US","USA","US-GA"
84013299,"US","USA",840,13299,"Ware","Georgia","US",31.0545,-82.4222,"Ware, Georgia, US",229,14,2020-05-29,4,0,FALSE,TRUE,"US","USA","US-GA"
84013299,"US","USA",840,13299,"Ware","Georgia","US",31.0545,-82.4222,"Ware, Georgia, US",228,14,2020-05-30,-1,0,FALSE,TRUE,"US","USA","US-GA"
84013299,"US","USA",840,13299,"Ware","Georgia","US",31.0545,-82.4222,"Ware, Georgia, US",228,14,2020-05-31,0,0,FALSE,TRUE,"US","USA","US-GA"
84013299,"US","USA",840,13299,"Ware","Georgia","US",31.0545,-82.4222,"Ware, Georgia, US",228,14,2020-06-01,0,0,FALSE,TRUE,"US","USA","US-GA"
84013299,"US","USA",840,13299,"Ware","Georgia","US",31.0545,-82.4222,"Ware, Georgia, US",228,14,2020-06-02,0,0,FALSE,TRUE,"US","USA","US-GA"
84013299,"US","USA",840,13299,"Ware","Georgia","US",31.0545,-82.4222,"Ware, Georgia, US",234,14,2020-06-03,6,0,FALSE,TRUE,"US","USA","US-GA"
84013299,"US","USA",840,13299,"Ware","Georgia","US",31.0545,-82.4222,"Ware, Georgia, US",238,14,2020-06-04,4,0,FALSE,TRUE,"US","USA","US-GA"
84013299,"US","USA",840,13299,"Ware","Georgia","US",31.0545,-82.4222,"Ware, Georgia, US",240,14,2020-06-05,2,0,FALSE,TRUE,"US","USA","US-GA"
84013299,"US","USA",840,13299,"Ware","Georgia","US",31.0545,-82.4222,"Ware, Georgia, US",247,14,2020-06-06,7,0,FALSE,TRUE,"US","USA","US-GA"
84013299,"US","USA",840,13299,"Ware","Georgia","US",31.0545,-82.4222,"Ware, Georgia, US",248,14,2020-06-07,1,0,FALSE,TRUE,"US","USA","US-GA"
84013299,"US","USA",840,13299,"Ware","Georgia","US",31.0545,-82.4222,"Ware, Georgia, US",249,14,2020-06-08,1,0,FALSE,TRUE,"US","USA","US-GA"
84013299,"US","USA",840,13299,"Ware","Georgia","US",31.0545,-82.4222,"Ware, Georgia, US",252,14,2020-06-09,3,0,FALSE,TRUE,"US","USA","US-GA"
84013299,"US","USA",840,13299,"Ware","Georgia","US",31.0545,-82.4222,"Ware, Georgia, US",252,14,2020-06-10,0,0,FALSE,TRUE,"US","USA","US-GA"
84013299,"US","USA",840,13299,"Ware","Georgia","US",31.0545,-82.4222,"Ware, Georgia, US",254,14,2020-06-11,2,0,FALSE,TRUE,"US","USA","US-GA"
84013299,"US","USA",840,13299,"Ware","Georgia","US",31.0545,-82.4222,"Ware, Georgia, US",263,14,2020-06-12,9,0,FALSE,TRUE,"US","USA","US-GA"
