"UID","iso2","iso3","code3","FIPS","Admin2","Province.State","Country.Region","Lat","Long","Combined_Key","confirmed","deaths","date","confirmed_new","deaths_new","hasErrors","hasParent","country_code","country_code3","territory_code"
84013015,"US","USA",840,13015,"Bartow","Georgia","US",34.2373,-84.8389,"Bartow, Georgia, US",0,0,2020-01-22,0,0,FALSE,TRUE,"US","USA","US-GA"
84013015,"US","USA",840,13015,"Bartow","Georgia","US",34.2373,-84.8389,"Bartow, Georgia, US",0,0,2020-01-23,0,0,FALSE,TRUE,"US","USA","US-GA"
84013015,"US","USA",840,13015,"Bartow","Georgia","US",34.2373,-84.8389,"Bartow, Georgia, US",0,0,2020-01-24,0,0,FALSE,TRUE,"US","USA","US-GA"
84013015,"US","USA",840,13015,"Bartow","Georgia","US",34.2373,-84.8389,"Bartow, Georgia, US",0,0,2020-01-25,0,0,FALSE,TRUE,"US","USA","US-GA"
84013015,"US","USA",840,13015,"Bartow","Georgia","US",34.2373,-84.8389,"Bartow, Georgia, US",0,0,2020-01-26,0,0,FALSE,TRUE,"US","USA","US-GA"
84013015,"US","USA",840,13015,"Bartow","Georgia","US",34.2373,-84.8389,"Bartow, Georgia, US",0,0,2020-01-27,0,0,FALSE,TRUE,"US","USA","US-GA"
84013015,"US","USA",840,13015,"Bartow","Georgia","US",34.2373,-84.8389,"Bartow, Georgia, US",0,0,2020-01-28,0,0,FALSE,TRUE,"US","USA","US-GA"
84013015,"US","USA",840,13015,"Bartow","Georgia","US",34.2373,-84.8389,"Bartow, Georgia, US",0,0,2020-01-29,0,0,FALSE,TRUE,"US","USA","US-GA"
84013015,"US","USA",840,13015,"Bartow","Georgia","US",34.2373,-84.8389,"Bartow, Georgia, US",0,0,2020-01-30,0,0,FALSE,TRUE,"US","USA","US-GA"
84013015,"US","USA",840,13015,"Bartow","Georgia","US",34.2373,-84.8389,"Bartow, Georgia, US",0,0,2020-01-31,0,0,FALSE,TRUE,"US","USA","US-GA"
84013015,"US","USA",840,13015,"Bartow","Georgia","US",34.2373,-84.8389,"Bartow, Georgia, US",0,0,2020-02-01,0,0,FALSE,TRUE,"US","USA","US-GA"
84013015,"US","USA",840,13015,"Bartow","Georgia","US",34.2373,-84.8389,"Bartow, Georgia, US",0,0,2020-02-02,0,0,FALSE,TRUE,"US","USA","US-GA"
84013015,"US","USA",840,13015,"Bartow","Georgia","US",34.2373,-84.8389,"Bartow, Georgia, US",0,0,2020-02-03,0,0,FALSE,TRUE,"US","USA","US-GA"
84013015,"US","USA",840,13015,"Bartow","Georgia","US",34.2373,-84.8389,"Bartow, Georgia, US",0,0,2020-02-04,0,0,FALSE,TRUE,"US","USA","US-GA"
84013015,"US","USA",840,13015,"Bartow","Georgia","US",34.2373,-84.8389,"Bartow, Georgia, US",0,0,2020-02-05,0,0,FALSE,TRUE,"US","USA","US-GA"
84013015,"US","USA",840,13015,"Bartow","Georgia","US",34.2373,-84.8389,"Bartow, Georgia, US",0,0,2020-02-06,0,0,FALSE,TRUE,"US","USA","US-GA"
84013015,"US","USA",840,13015,"Bartow","Georgia","US",34.2373,-84.8389,"Bartow, Georgia, US",0,0,2020-02-07,0,0,FALSE,TRUE,"US","USA","US-GA"
84013015,"US","USA",840,13015,"Bartow","Georgia","US",34.2373,-84.8389,"Bartow, Georgia, US",0,0,2020-02-08,0,0,FALSE,TRUE,"US","USA","US-GA"
84013015,"US","USA",840,13015,"Bartow","Georgia","US",34.2373,-84.8389,"Bartow, Georgia, US",0,0,2020-02-09,0,0,FALSE,TRUE,"US","USA","US-GA"
84013015,"US","USA",840,13015,"Bartow","Georgia","US",34.2373,-84.8389,"Bartow, Georgia, US",0,0,2020-02-10,0,0,FALSE,TRUE,"US","USA","US-GA"
84013015,"US","USA",840,13015,"Bartow","Georgia","US",34.2373,-84.8389,"Bartow, Georgia, US",0,0,2020-02-11,0,0,FALSE,TRUE,"US","USA","US-GA"
84013015,"US","USA",840,13015,"Bartow","Georgia","US",34.2373,-84.8389,"Bartow, Georgia, US",0,0,2020-02-12,0,0,FALSE,TRUE,"US","USA","US-GA"
84013015,"US","USA",840,13015,"Bartow","Georgia","US",34.2373,-84.8389,"Bartow, Georgia, US",0,0,2020-02-13,0,0,FALSE,TRUE,"US","USA","US-GA"
84013015,"US","USA",840,13015,"Bartow","Georgia","US",34.2373,-84.8389,"Bartow, Georgia, US",0,0,2020-02-14,0,0,FALSE,TRUE,"US","USA","US-GA"
84013015,"US","USA",840,13015,"Bartow","Georgia","US",34.2373,-84.8389,"Bartow, Georgia, US",0,0,2020-02-15,0,0,FALSE,TRUE,"US","USA","US-GA"
84013015,"US","USA",840,13015,"Bartow","Georgia","US",34.2373,-84.8389,"Bartow, Georgia, US",0,0,2020-02-16,0,0,FALSE,TRUE,"US","USA","US-GA"
84013015,"US","USA",840,13015,"Bartow","Georgia","US",34.2373,-84.8389,"Bartow, Georgia, US",0,0,2020-02-17,0,0,FALSE,TRUE,"US","USA","US-GA"
84013015,"US","USA",840,13015,"Bartow","Georgia","US",34.2373,-84.8389,"Bartow, Georgia, US",0,0,2020-02-18,0,0,FALSE,TRUE,"US","USA","US-GA"
84013015,"US","USA",840,13015,"Bartow","Georgia","US",34.2373,-84.8389,"Bartow, Georgia, US",0,0,2020-02-19,0,0,FALSE,TRUE,"US","USA","US-GA"
84013015,"US","USA",840,13015,"Bartow","Georgia","US",34.2373,-84.8389,"Bartow, Georgia, US",0,0,2020-02-20,0,0,FALSE,TRUE,"US","USA","US-GA"
84013015,"US","USA",840,13015,"Bartow","Georgia","US",34.2373,-84.8389,"Bartow, Georgia, US",0,0,2020-02-21,0,0,FALSE,TRUE,"US","USA","US-GA"
84013015,"US","USA",840,13015,"Bartow","Georgia","US",34.2373,-84.8389,"Bartow, Georgia, US",0,0,2020-02-22,0,0,FALSE,TRUE,"US","USA","US-GA"
84013015,"US","USA",840,13015,"Bartow","Georgia","US",34.2373,-84.8389,"Bartow, Georgia, US",0,0,2020-02-23,0,0,FALSE,TRUE,"US","USA","US-GA"
84013015,"US","USA",840,13015,"Bartow","Georgia","US",34.2373,-84.8389,"Bartow, Georgia, US",0,0,2020-02-24,0,0,FALSE,TRUE,"US","USA","US-GA"
84013015,"US","USA",840,13015,"Bartow","Georgia","US",34.2373,-84.8389,"Bartow, Georgia, US",0,0,2020-02-25,0,0,FALSE,TRUE,"US","USA","US-GA"
84013015,"US","USA",840,13015,"Bartow","Georgia","US",34.2373,-84.8389,"Bartow, Georgia, US",0,0,2020-02-26,0,0,FALSE,TRUE,"US","USA","US-GA"
84013015,"US","USA",840,13015,"Bartow","Georgia","US",34.2373,-84.8389,"Bartow, Georgia, US",0,0,2020-02-27,0,0,FALSE,TRUE,"US","USA","US-GA"
84013015,"US","USA",840,13015,"Bartow","Georgia","US",34.2373,-84.8389,"Bartow, Georgia, US",0,0,2020-02-28,0,0,FALSE,TRUE,"US","USA","US-GA"
84013015,"US","USA",840,13015,"Bartow","Georgia","US",34.2373,-84.8389,"Bartow, Georgia, US",0,0,2020-02-29,0,0,FALSE,TRUE,"US","USA","US-GA"
84013015,"US","USA",840,13015,"Bartow","Georgia","US",34.2373,-84.8389,"Bartow, Georgia, US",0,0,2020-03-01,0,0,FALSE,TRUE,"US","USA","US-GA"
84013015,"US","USA",840,13015,"Bartow","Georgia","US",34.2373,-84.8389,"Bartow, Georgia, US",0,0,2020-03-02,0,0,FALSE,TRUE,"US","USA","US-GA"
84013015,"US","USA",840,13015,"Bartow","Georgia","US",34.2373,-84.8389,"Bartow, Georgia, US",0,0,2020-03-03,0,0,FALSE,TRUE,"US","USA","US-GA"
84013015,"US","USA",840,13015,"Bartow","Georgia","US",34.2373,-84.8389,"Bartow, Georgia, US",0,0,2020-03-04,0,0,FALSE,TRUE,"US","USA","US-GA"
84013015,"US","USA",840,13015,"Bartow","Georgia","US",34.2373,-84.8389,"Bartow, Georgia, US",0,0,2020-03-05,0,0,FALSE,TRUE,"US","USA","US-GA"
84013015,"US","USA",840,13015,"Bartow","Georgia","US",34.2373,-84.8389,"Bartow, Georgia, US",0,0,2020-03-06,0,0,FALSE,TRUE,"US","USA","US-GA"
84013015,"US","USA",840,13015,"Bartow","Georgia","US",34.2373,-84.8389,"Bartow, Georgia, US",0,0,2020-03-07,0,0,FALSE,TRUE,"US","USA","US-GA"
84013015,"US","USA",840,13015,"Bartow","Georgia","US",34.2373,-84.8389,"Bartow, Georgia, US",0,0,2020-03-08,0,0,FALSE,TRUE,"US","USA","US-GA"
84013015,"US","USA",840,13015,"Bartow","Georgia","US",34.2373,-84.8389,"Bartow, Georgia, US",0,0,2020-03-09,0,0,FALSE,TRUE,"US","USA","US-GA"
84013015,"US","USA",840,13015,"Bartow","Georgia","US",34.2373,-84.8389,"Bartow, Georgia, US",0,0,2020-03-10,0,0,FALSE,TRUE,"US","USA","US-GA"
84013015,"US","USA",840,13015,"Bartow","Georgia","US",34.2373,-84.8389,"Bartow, Georgia, US",0,0,2020-03-11,0,0,FALSE,TRUE,"US","USA","US-GA"
84013015,"US","USA",840,13015,"Bartow","Georgia","US",34.2373,-84.8389,"Bartow, Georgia, US",3,0,2020-03-12,3,0,FALSE,TRUE,"US","USA","US-GA"
84013015,"US","USA",840,13015,"Bartow","Georgia","US",34.2373,-84.8389,"Bartow, Georgia, US",4,0,2020-03-13,1,0,FALSE,TRUE,"US","USA","US-GA"
84013015,"US","USA",840,13015,"Bartow","Georgia","US",34.2373,-84.8389,"Bartow, Georgia, US",7,0,2020-03-14,3,0,FALSE,TRUE,"US","USA","US-GA"
84013015,"US","USA",840,13015,"Bartow","Georgia","US",34.2373,-84.8389,"Bartow, Georgia, US",9,0,2020-03-15,2,0,FALSE,TRUE,"US","USA","US-GA"
84013015,"US","USA",840,13015,"Bartow","Georgia","US",34.2373,-84.8389,"Bartow, Georgia, US",9,0,2020-03-16,0,0,FALSE,TRUE,"US","USA","US-GA"
84013015,"US","USA",840,13015,"Bartow","Georgia","US",34.2373,-84.8389,"Bartow, Georgia, US",10,0,2020-03-17,1,0,FALSE,TRUE,"US","USA","US-GA"
84013015,"US","USA",840,13015,"Bartow","Georgia","US",34.2373,-84.8389,"Bartow, Georgia, US",19,0,2020-03-18,9,0,FALSE,TRUE,"US","USA","US-GA"
84013015,"US","USA",840,13015,"Bartow","Georgia","US",34.2373,-84.8389,"Bartow, Georgia, US",26,0,2020-03-19,7,0,FALSE,TRUE,"US","USA","US-GA"
84013015,"US","USA",840,13015,"Bartow","Georgia","US",34.2373,-84.8389,"Bartow, Georgia, US",54,0,2020-03-20,28,0,FALSE,TRUE,"US","USA","US-GA"
84013015,"US","USA",840,13015,"Bartow","Georgia","US",34.2373,-84.8389,"Bartow, Georgia, US",56,0,2020-03-21,2,0,FALSE,TRUE,"US","USA","US-GA"
84013015,"US","USA",840,13015,"Bartow","Georgia","US",34.2373,-84.8389,"Bartow, Georgia, US",56,1,2020-03-22,0,1,FALSE,TRUE,"US","USA","US-GA"
84013015,"US","USA",840,13015,"Bartow","Georgia","US",34.2373,-84.8389,"Bartow, Georgia, US",61,1,2020-03-23,5,0,FALSE,TRUE,"US","USA","US-GA"
84013015,"US","USA",840,13015,"Bartow","Georgia","US",34.2373,-84.8389,"Bartow, Georgia, US",74,1,2020-03-24,13,0,FALSE,TRUE,"US","USA","US-GA"
84013015,"US","USA",840,13015,"Bartow","Georgia","US",34.2373,-84.8389,"Bartow, Georgia, US",78,1,2020-03-25,4,0,FALSE,TRUE,"US","USA","US-GA"
84013015,"US","USA",840,13015,"Bartow","Georgia","US",34.2373,-84.8389,"Bartow, Georgia, US",86,1,2020-03-26,8,0,FALSE,TRUE,"US","USA","US-GA"
84013015,"US","USA",840,13015,"Bartow","Georgia","US",34.2373,-84.8389,"Bartow, Georgia, US",98,1,2020-03-27,12,0,FALSE,TRUE,"US","USA","US-GA"
84013015,"US","USA",840,13015,"Bartow","Georgia","US",34.2373,-84.8389,"Bartow, Georgia, US",116,1,2020-03-28,18,0,FALSE,TRUE,"US","USA","US-GA"
84013015,"US","USA",840,13015,"Bartow","Georgia","US",34.2373,-84.8389,"Bartow, Georgia, US",119,1,2020-03-29,3,0,FALSE,TRUE,"US","USA","US-GA"
84013015,"US","USA",840,13015,"Bartow","Georgia","US",34.2373,-84.8389,"Bartow, Georgia, US",121,1,2020-03-30,2,0,FALSE,TRUE,"US","USA","US-GA"
84013015,"US","USA",840,13015,"Bartow","Georgia","US",34.2373,-84.8389,"Bartow, Georgia, US",131,2,2020-03-31,10,1,FALSE,TRUE,"US","USA","US-GA"
84013015,"US","USA",840,13015,"Bartow","Georgia","US",34.2373,-84.8389,"Bartow, Georgia, US",144,4,2020-04-01,13,2,FALSE,TRUE,"US","USA","US-GA"
84013015,"US","USA",840,13015,"Bartow","Georgia","US",34.2373,-84.8389,"Bartow, Georgia, US",147,4,2020-04-02,3,0,FALSE,TRUE,"US","USA","US-GA"
84013015,"US","USA",840,13015,"Bartow","Georgia","US",34.2373,-84.8389,"Bartow, Georgia, US",154,3,2020-04-03,7,-1,FALSE,TRUE,"US","USA","US-GA"
84013015,"US","USA",840,13015,"Bartow","Georgia","US",34.2373,-84.8389,"Bartow, Georgia, US",160,7,2020-04-04,6,4,FALSE,TRUE,"US","USA","US-GA"
84013015,"US","USA",840,13015,"Bartow","Georgia","US",34.2373,-84.8389,"Bartow, Georgia, US",160,7,2020-04-05,0,0,FALSE,TRUE,"US","USA","US-GA"
84013015,"US","USA",840,13015,"Bartow","Georgia","US",34.2373,-84.8389,"Bartow, Georgia, US",179,7,2020-04-06,19,0,FALSE,TRUE,"US","USA","US-GA"
84013015,"US","USA",840,13015,"Bartow","Georgia","US",34.2373,-84.8389,"Bartow, Georgia, US",187,11,2020-04-07,8,4,FALSE,TRUE,"US","USA","US-GA"
84013015,"US","USA",840,13015,"Bartow","Georgia","US",34.2373,-84.8389,"Bartow, Georgia, US",192,12,2020-04-08,5,1,FALSE,TRUE,"US","USA","US-GA"
84013015,"US","USA",840,13015,"Bartow","Georgia","US",34.2373,-84.8389,"Bartow, Georgia, US",196,12,2020-04-09,4,0,FALSE,TRUE,"US","USA","US-GA"
84013015,"US","USA",840,13015,"Bartow","Georgia","US",34.2373,-84.8389,"Bartow, Georgia, US",207,15,2020-04-10,11,3,FALSE,TRUE,"US","USA","US-GA"
84013015,"US","USA",840,13015,"Bartow","Georgia","US",34.2373,-84.8389,"Bartow, Georgia, US",209,15,2020-04-11,2,0,FALSE,TRUE,"US","USA","US-GA"
84013015,"US","USA",840,13015,"Bartow","Georgia","US",34.2373,-84.8389,"Bartow, Georgia, US",212,15,2020-04-12,3,0,FALSE,TRUE,"US","USA","US-GA"
84013015,"US","USA",840,13015,"Bartow","Georgia","US",34.2373,-84.8389,"Bartow, Georgia, US",216,16,2020-04-13,4,1,FALSE,TRUE,"US","USA","US-GA"
84013015,"US","USA",840,13015,"Bartow","Georgia","US",34.2373,-84.8389,"Bartow, Georgia, US",230,17,2020-04-14,14,1,FALSE,TRUE,"US","USA","US-GA"
84013015,"US","USA",840,13015,"Bartow","Georgia","US",34.2373,-84.8389,"Bartow, Georgia, US",235,17,2020-04-15,5,0,FALSE,TRUE,"US","USA","US-GA"
84013015,"US","USA",840,13015,"Bartow","Georgia","US",34.2373,-84.8389,"Bartow, Georgia, US",237,21,2020-04-16,2,4,FALSE,TRUE,"US","USA","US-GA"
84013015,"US","USA",840,13015,"Bartow","Georgia","US",34.2373,-84.8389,"Bartow, Georgia, US",242,22,2020-04-17,5,1,FALSE,TRUE,"US","USA","US-GA"
84013015,"US","USA",840,13015,"Bartow","Georgia","US",34.2373,-84.8389,"Bartow, Georgia, US",246,22,2020-04-18,4,0,FALSE,TRUE,"US","USA","US-GA"
84013015,"US","USA",840,13015,"Bartow","Georgia","US",34.2373,-84.8389,"Bartow, Georgia, US",248,22,2020-04-19,2,0,FALSE,TRUE,"US","USA","US-GA"
84013015,"US","USA",840,13015,"Bartow","Georgia","US",34.2373,-84.8389,"Bartow, Georgia, US",255,24,2020-04-20,7,2,FALSE,TRUE,"US","USA","US-GA"
84013015,"US","USA",840,13015,"Bartow","Georgia","US",34.2373,-84.8389,"Bartow, Georgia, US",256,24,2020-04-21,1,0,FALSE,TRUE,"US","USA","US-GA"
84013015,"US","USA",840,13015,"Bartow","Georgia","US",34.2373,-84.8389,"Bartow, Georgia, US",259,27,2020-04-22,3,3,FALSE,TRUE,"US","USA","US-GA"
84013015,"US","USA",840,13015,"Bartow","Georgia","US",34.2373,-84.8389,"Bartow, Georgia, US",264,27,2020-04-23,5,0,FALSE,TRUE,"US","USA","US-GA"
84013015,"US","USA",840,13015,"Bartow","Georgia","US",34.2373,-84.8389,"Bartow, Georgia, US",273,28,2020-04-24,9,1,FALSE,TRUE,"US","USA","US-GA"
84013015,"US","USA",840,13015,"Bartow","Georgia","US",34.2373,-84.8389,"Bartow, Georgia, US",283,28,2020-04-25,10,0,FALSE,TRUE,"US","USA","US-GA"
84013015,"US","USA",840,13015,"Bartow","Georgia","US",34.2373,-84.8389,"Bartow, Georgia, US",286,28,2020-04-26,3,0,FALSE,TRUE,"US","USA","US-GA"
84013015,"US","USA",840,13015,"Bartow","Georgia","US",34.2373,-84.8389,"Bartow, Georgia, US",289,29,2020-04-27,3,1,FALSE,TRUE,"US","USA","US-GA"
84013015,"US","USA",840,13015,"Bartow","Georgia","US",34.2373,-84.8389,"Bartow, Georgia, US",298,30,2020-04-28,9,1,FALSE,TRUE,"US","USA","US-GA"
84013015,"US","USA",840,13015,"Bartow","Georgia","US",34.2373,-84.8389,"Bartow, Georgia, US",308,30,2020-04-29,10,0,FALSE,TRUE,"US","USA","US-GA"
84013015,"US","USA",840,13015,"Bartow","Georgia","US",34.2373,-84.8389,"Bartow, Georgia, US",313,30,2020-04-30,5,0,FALSE,TRUE,"US","USA","US-GA"
84013015,"US","USA",840,13015,"Bartow","Georgia","US",34.2373,-84.8389,"Bartow, Georgia, US",323,31,2020-05-01,10,1,FALSE,TRUE,"US","USA","US-GA"
84013015,"US","USA",840,13015,"Bartow","Georgia","US",34.2373,-84.8389,"Bartow, Georgia, US",324,31,2020-05-02,1,0,FALSE,TRUE,"US","USA","US-GA"
84013015,"US","USA",840,13015,"Bartow","Georgia","US",34.2373,-84.8389,"Bartow, Georgia, US",325,31,2020-05-03,1,0,FALSE,TRUE,"US","USA","US-GA"
84013015,"US","USA",840,13015,"Bartow","Georgia","US",34.2373,-84.8389,"Bartow, Georgia, US",341,31,2020-05-04,16,0,FALSE,TRUE,"US","USA","US-GA"
84013015,"US","USA",840,13015,"Bartow","Georgia","US",34.2373,-84.8389,"Bartow, Georgia, US",350,31,2020-05-05,9,0,FALSE,TRUE,"US","USA","US-GA"
84013015,"US","USA",840,13015,"Bartow","Georgia","US",34.2373,-84.8389,"Bartow, Georgia, US",359,32,2020-05-06,9,1,FALSE,TRUE,"US","USA","US-GA"
84013015,"US","USA",840,13015,"Bartow","Georgia","US",34.2373,-84.8389,"Bartow, Georgia, US",360,32,2020-05-07,1,0,FALSE,TRUE,"US","USA","US-GA"
84013015,"US","USA",840,13015,"Bartow","Georgia","US",34.2373,-84.8389,"Bartow, Georgia, US",361,31,2020-05-08,1,-1,FALSE,TRUE,"US","USA","US-GA"
84013015,"US","USA",840,13015,"Bartow","Georgia","US",34.2373,-84.8389,"Bartow, Georgia, US",361,31,2020-05-09,0,0,FALSE,TRUE,"US","USA","US-GA"
84013015,"US","USA",840,13015,"Bartow","Georgia","US",34.2373,-84.8389,"Bartow, Georgia, US",363,31,2020-05-10,2,0,FALSE,TRUE,"US","USA","US-GA"
84013015,"US","USA",840,13015,"Bartow","Georgia","US",34.2373,-84.8389,"Bartow, Georgia, US",364,33,2020-05-11,1,2,FALSE,TRUE,"US","USA","US-GA"
84013015,"US","USA",840,13015,"Bartow","Georgia","US",34.2373,-84.8389,"Bartow, Georgia, US",368,34,2020-05-12,4,1,FALSE,TRUE,"US","USA","US-GA"
84013015,"US","USA",840,13015,"Bartow","Georgia","US",34.2373,-84.8389,"Bartow, Georgia, US",377,35,2020-05-13,9,1,FALSE,TRUE,"US","USA","US-GA"
84013015,"US","USA",840,13015,"Bartow","Georgia","US",34.2373,-84.8389,"Bartow, Georgia, US",382,35,2020-05-14,5,0,FALSE,TRUE,"US","USA","US-GA"
84013015,"US","USA",840,13015,"Bartow","Georgia","US",34.2373,-84.8389,"Bartow, Georgia, US",385,35,2020-05-15,3,0,FALSE,TRUE,"US","USA","US-GA"
84013015,"US","USA",840,13015,"Bartow","Georgia","US",34.2373,-84.8389,"Bartow, Georgia, US",385,35,2020-05-16,0,0,FALSE,TRUE,"US","USA","US-GA"
84013015,"US","USA",840,13015,"Bartow","Georgia","US",34.2373,-84.8389,"Bartow, Georgia, US",385,35,2020-05-17,0,0,FALSE,TRUE,"US","USA","US-GA"
84013015,"US","USA",840,13015,"Bartow","Georgia","US",34.2373,-84.8389,"Bartow, Georgia, US",396,35,2020-05-18,11,0,FALSE,TRUE,"US","USA","US-GA"
84013015,"US","USA",840,13015,"Bartow","Georgia","US",34.2373,-84.8389,"Bartow, Georgia, US",410,35,2020-05-19,14,0,FALSE,TRUE,"US","USA","US-GA"
84013015,"US","USA",840,13015,"Bartow","Georgia","US",34.2373,-84.8389,"Bartow, Georgia, US",419,35,2020-05-20,9,0,FALSE,TRUE,"US","USA","US-GA"
84013015,"US","USA",840,13015,"Bartow","Georgia","US",34.2373,-84.8389,"Bartow, Georgia, US",424,36,2020-05-21,5,1,FALSE,TRUE,"US","USA","US-GA"
84013015,"US","USA",840,13015,"Bartow","Georgia","US",34.2373,-84.8389,"Bartow, Georgia, US",427,36,2020-05-22,3,0,FALSE,TRUE,"US","USA","US-GA"
84013015,"US","USA",840,13015,"Bartow","Georgia","US",34.2373,-84.8389,"Bartow, Georgia, US",444,36,2020-05-23,17,0,FALSE,TRUE,"US","USA","US-GA"
84013015,"US","USA",840,13015,"Bartow","Georgia","US",34.2373,-84.8389,"Bartow, Georgia, US",443,36,2020-05-24,-1,0,FALSE,TRUE,"US","USA","US-GA"
84013015,"US","USA",840,13015,"Bartow","Georgia","US",34.2373,-84.8389,"Bartow, Georgia, US",443,36,2020-05-25,0,0,FALSE,TRUE,"US","USA","US-GA"
84013015,"US","USA",840,13015,"Bartow","Georgia","US",34.2373,-84.8389,"Bartow, Georgia, US",452,38,2020-05-26,9,2,FALSE,TRUE,"US","USA","US-GA"
84013015,"US","USA",840,13015,"Bartow","Georgia","US",34.2373,-84.8389,"Bartow, Georgia, US",458,38,2020-05-27,6,0,FALSE,TRUE,"US","USA","US-GA"
84013015,"US","USA",840,13015,"Bartow","Georgia","US",34.2373,-84.8389,"Bartow, Georgia, US",469,38,2020-05-28,11,0,FALSE,TRUE,"US","USA","US-GA"
84013015,"US","USA",840,13015,"Bartow","Georgia","US",34.2373,-84.8389,"Bartow, Georgia, US",477,38,2020-05-29,8,0,FALSE,TRUE,"US","USA","US-GA"
84013015,"US","USA",840,13015,"Bartow","Georgia","US",34.2373,-84.8389,"Bartow, Georgia, US",478,39,2020-05-30,1,1,FALSE,TRUE,"US","USA","US-GA"
84013015,"US","USA",840,13015,"Bartow","Georgia","US",34.2373,-84.8389,"Bartow, Georgia, US",478,39,2020-05-31,0,0,FALSE,TRUE,"US","USA","US-GA"
84013015,"US","USA",840,13015,"Bartow","Georgia","US",34.2373,-84.8389,"Bartow, Georgia, US",481,39,2020-06-01,3,0,FALSE,TRUE,"US","USA","US-GA"
84013015,"US","USA",840,13015,"Bartow","Georgia","US",34.2373,-84.8389,"Bartow, Georgia, US",485,38,2020-06-02,4,-1,FALSE,TRUE,"US","USA","US-GA"
84013015,"US","USA",840,13015,"Bartow","Georgia","US",34.2373,-84.8389,"Bartow, Georgia, US",496,39,2020-06-03,11,1,FALSE,TRUE,"US","USA","US-GA"
84013015,"US","USA",840,13015,"Bartow","Georgia","US",34.2373,-84.8389,"Bartow, Georgia, US",504,39,2020-06-04,8,0,FALSE,TRUE,"US","USA","US-GA"
84013015,"US","USA",840,13015,"Bartow","Georgia","US",34.2373,-84.8389,"Bartow, Georgia, US",514,39,2020-06-05,10,0,FALSE,TRUE,"US","USA","US-GA"
84013015,"US","USA",840,13015,"Bartow","Georgia","US",34.2373,-84.8389,"Bartow, Georgia, US",521,39,2020-06-06,7,0,FALSE,TRUE,"US","USA","US-GA"
84013015,"US","USA",840,13015,"Bartow","Georgia","US",34.2373,-84.8389,"Bartow, Georgia, US",522,39,2020-06-07,1,0,FALSE,TRUE,"US","USA","US-GA"
