"UID","iso2","iso3","code3","FIPS","Admin2","Province.State","Country.Region","Lat","Long","Combined_Key","confirmed","deaths","date","confirmed_new","deaths_new","hasErrors","hasParent","country_code","country_code3","territory_code"
84013095,"US","USA",840,13095,"Dougherty","Georgia","US",31.5333,-84.2172,"Dougherty, Georgia, US",0,0,2020-01-22,0,0,FALSE,TRUE,"US","USA","US-GA"
84013095,"US","USA",840,13095,"Dougherty","Georgia","US",31.5333,-84.2172,"Dougherty, Georgia, US",0,0,2020-01-23,0,0,FALSE,TRUE,"US","USA","US-GA"
84013095,"US","USA",840,13095,"Dougherty","Georgia","US",31.5333,-84.2172,"Dougherty, Georgia, US",0,0,2020-01-24,0,0,FALSE,TRUE,"US","USA","US-GA"
84013095,"US","USA",840,13095,"Dougherty","Georgia","US",31.5333,-84.2172,"Dougherty, Georgia, US",0,0,2020-01-25,0,0,FALSE,TRUE,"US","USA","US-GA"
84013095,"US","USA",840,13095,"Dougherty","Georgia","US",31.5333,-84.2172,"Dougherty, Georgia, US",0,0,2020-01-26,0,0,FALSE,TRUE,"US","USA","US-GA"
84013095,"US","USA",840,13095,"Dougherty","Georgia","US",31.5333,-84.2172,"Dougherty, Georgia, US",0,0,2020-01-27,0,0,FALSE,TRUE,"US","USA","US-GA"
84013095,"US","USA",840,13095,"Dougherty","Georgia","US",31.5333,-84.2172,"Dougherty, Georgia, US",0,0,2020-01-28,0,0,FALSE,TRUE,"US","USA","US-GA"
84013095,"US","USA",840,13095,"Dougherty","Georgia","US",31.5333,-84.2172,"Dougherty, Georgia, US",0,0,2020-01-29,0,0,FALSE,TRUE,"US","USA","US-GA"
84013095,"US","USA",840,13095,"Dougherty","Georgia","US",31.5333,-84.2172,"Dougherty, Georgia, US",0,0,2020-01-30,0,0,FALSE,TRUE,"US","USA","US-GA"
84013095,"US","USA",840,13095,"Dougherty","Georgia","US",31.5333,-84.2172,"Dougherty, Georgia, US",0,0,2020-01-31,0,0,FALSE,TRUE,"US","USA","US-GA"
84013095,"US","USA",840,13095,"Dougherty","Georgia","US",31.5333,-84.2172,"Dougherty, Georgia, US",0,0,2020-02-01,0,0,FALSE,TRUE,"US","USA","US-GA"
84013095,"US","USA",840,13095,"Dougherty","Georgia","US",31.5333,-84.2172,"Dougherty, Georgia, US",0,0,2020-02-02,0,0,FALSE,TRUE,"US","USA","US-GA"
84013095,"US","USA",840,13095,"Dougherty","Georgia","US",31.5333,-84.2172,"Dougherty, Georgia, US",0,0,2020-02-03,0,0,FALSE,TRUE,"US","USA","US-GA"
84013095,"US","USA",840,13095,"Dougherty","Georgia","US",31.5333,-84.2172,"Dougherty, Georgia, US",0,0,2020-02-04,0,0,FALSE,TRUE,"US","USA","US-GA"
84013095,"US","USA",840,13095,"Dougherty","Georgia","US",31.5333,-84.2172,"Dougherty, Georgia, US",0,0,2020-02-05,0,0,FALSE,TRUE,"US","USA","US-GA"
84013095,"US","USA",840,13095,"Dougherty","Georgia","US",31.5333,-84.2172,"Dougherty, Georgia, US",0,0,2020-02-06,0,0,FALSE,TRUE,"US","USA","US-GA"
84013095,"US","USA",840,13095,"Dougherty","Georgia","US",31.5333,-84.2172,"Dougherty, Georgia, US",0,0,2020-02-07,0,0,FALSE,TRUE,"US","USA","US-GA"
84013095,"US","USA",840,13095,"Dougherty","Georgia","US",31.5333,-84.2172,"Dougherty, Georgia, US",0,0,2020-02-08,0,0,FALSE,TRUE,"US","USA","US-GA"
84013095,"US","USA",840,13095,"Dougherty","Georgia","US",31.5333,-84.2172,"Dougherty, Georgia, US",0,0,2020-02-09,0,0,FALSE,TRUE,"US","USA","US-GA"
84013095,"US","USA",840,13095,"Dougherty","Georgia","US",31.5333,-84.2172,"Dougherty, Georgia, US",0,0,2020-02-10,0,0,FALSE,TRUE,"US","USA","US-GA"
84013095,"US","USA",840,13095,"Dougherty","Georgia","US",31.5333,-84.2172,"Dougherty, Georgia, US",0,0,2020-02-11,0,0,FALSE,TRUE,"US","USA","US-GA"
84013095,"US","USA",840,13095,"Dougherty","Georgia","US",31.5333,-84.2172,"Dougherty, Georgia, US",0,0,2020-02-12,0,0,FALSE,TRUE,"US","USA","US-GA"
84013095,"US","USA",840,13095,"Dougherty","Georgia","US",31.5333,-84.2172,"Dougherty, Georgia, US",0,0,2020-02-13,0,0,FALSE,TRUE,"US","USA","US-GA"
84013095,"US","USA",840,13095,"Dougherty","Georgia","US",31.5333,-84.2172,"Dougherty, Georgia, US",0,0,2020-02-14,0,0,FALSE,TRUE,"US","USA","US-GA"
84013095,"US","USA",840,13095,"Dougherty","Georgia","US",31.5333,-84.2172,"Dougherty, Georgia, US",0,0,2020-02-15,0,0,FALSE,TRUE,"US","USA","US-GA"
84013095,"US","USA",840,13095,"Dougherty","Georgia","US",31.5333,-84.2172,"Dougherty, Georgia, US",0,0,2020-02-16,0,0,FALSE,TRUE,"US","USA","US-GA"
84013095,"US","USA",840,13095,"Dougherty","Georgia","US",31.5333,-84.2172,"Dougherty, Georgia, US",0,0,2020-02-17,0,0,FALSE,TRUE,"US","USA","US-GA"
84013095,"US","USA",840,13095,"Dougherty","Georgia","US",31.5333,-84.2172,"Dougherty, Georgia, US",0,0,2020-02-18,0,0,FALSE,TRUE,"US","USA","US-GA"
84013095,"US","USA",840,13095,"Dougherty","Georgia","US",31.5333,-84.2172,"Dougherty, Georgia, US",0,0,2020-02-19,0,0,FALSE,TRUE,"US","USA","US-GA"
84013095,"US","USA",840,13095,"Dougherty","Georgia","US",31.5333,-84.2172,"Dougherty, Georgia, US",0,0,2020-02-20,0,0,FALSE,TRUE,"US","USA","US-GA"
84013095,"US","USA",840,13095,"Dougherty","Georgia","US",31.5333,-84.2172,"Dougherty, Georgia, US",0,0,2020-02-21,0,0,FALSE,TRUE,"US","USA","US-GA"
84013095,"US","USA",840,13095,"Dougherty","Georgia","US",31.5333,-84.2172,"Dougherty, Georgia, US",0,0,2020-02-22,0,0,FALSE,TRUE,"US","USA","US-GA"
84013095,"US","USA",840,13095,"Dougherty","Georgia","US",31.5333,-84.2172,"Dougherty, Georgia, US",0,0,2020-02-23,0,0,FALSE,TRUE,"US","USA","US-GA"
84013095,"US","USA",840,13095,"Dougherty","Georgia","US",31.5333,-84.2172,"Dougherty, Georgia, US",0,0,2020-02-24,0,0,FALSE,TRUE,"US","USA","US-GA"
84013095,"US","USA",840,13095,"Dougherty","Georgia","US",31.5333,-84.2172,"Dougherty, Georgia, US",0,0,2020-02-25,0,0,FALSE,TRUE,"US","USA","US-GA"
84013095,"US","USA",840,13095,"Dougherty","Georgia","US",31.5333,-84.2172,"Dougherty, Georgia, US",0,0,2020-02-26,0,0,FALSE,TRUE,"US","USA","US-GA"
84013095,"US","USA",840,13095,"Dougherty","Georgia","US",31.5333,-84.2172,"Dougherty, Georgia, US",0,0,2020-02-27,0,0,FALSE,TRUE,"US","USA","US-GA"
84013095,"US","USA",840,13095,"Dougherty","Georgia","US",31.5333,-84.2172,"Dougherty, Georgia, US",0,0,2020-02-28,0,0,FALSE,TRUE,"US","USA","US-GA"
84013095,"US","USA",840,13095,"Dougherty","Georgia","US",31.5333,-84.2172,"Dougherty, Georgia, US",0,0,2020-02-29,0,0,FALSE,TRUE,"US","USA","US-GA"
84013095,"US","USA",840,13095,"Dougherty","Georgia","US",31.5333,-84.2172,"Dougherty, Georgia, US",0,0,2020-03-01,0,0,FALSE,TRUE,"US","USA","US-GA"
84013095,"US","USA",840,13095,"Dougherty","Georgia","US",31.5333,-84.2172,"Dougherty, Georgia, US",0,0,2020-03-02,0,0,FALSE,TRUE,"US","USA","US-GA"
84013095,"US","USA",840,13095,"Dougherty","Georgia","US",31.5333,-84.2172,"Dougherty, Georgia, US",0,0,2020-03-03,0,0,FALSE,TRUE,"US","USA","US-GA"
84013095,"US","USA",840,13095,"Dougherty","Georgia","US",31.5333,-84.2172,"Dougherty, Georgia, US",0,0,2020-03-04,0,0,FALSE,TRUE,"US","USA","US-GA"
84013095,"US","USA",840,13095,"Dougherty","Georgia","US",31.5333,-84.2172,"Dougherty, Georgia, US",0,0,2020-03-05,0,0,FALSE,TRUE,"US","USA","US-GA"
84013095,"US","USA",840,13095,"Dougherty","Georgia","US",31.5333,-84.2172,"Dougherty, Georgia, US",0,0,2020-03-06,0,0,FALSE,TRUE,"US","USA","US-GA"
84013095,"US","USA",840,13095,"Dougherty","Georgia","US",31.5333,-84.2172,"Dougherty, Georgia, US",0,0,2020-03-07,0,0,FALSE,TRUE,"US","USA","US-GA"
84013095,"US","USA",840,13095,"Dougherty","Georgia","US",31.5333,-84.2172,"Dougherty, Georgia, US",0,0,2020-03-08,0,0,FALSE,TRUE,"US","USA","US-GA"
84013095,"US","USA",840,13095,"Dougherty","Georgia","US",31.5333,-84.2172,"Dougherty, Georgia, US",0,0,2020-03-09,0,0,FALSE,TRUE,"US","USA","US-GA"
84013095,"US","USA",840,13095,"Dougherty","Georgia","US",31.5333,-84.2172,"Dougherty, Georgia, US",0,0,2020-03-10,0,0,FALSE,TRUE,"US","USA","US-GA"
84013095,"US","USA",840,13095,"Dougherty","Georgia","US",31.5333,-84.2172,"Dougherty, Georgia, US",0,0,2020-03-11,0,0,FALSE,TRUE,"US","USA","US-GA"
84013095,"US","USA",840,13095,"Dougherty","Georgia","US",31.5333,-84.2172,"Dougherty, Georgia, US",0,0,2020-03-12,0,0,FALSE,TRUE,"US","USA","US-GA"
84013095,"US","USA",840,13095,"Dougherty","Georgia","US",31.5333,-84.2172,"Dougherty, Georgia, US",0,0,2020-03-13,0,0,FALSE,TRUE,"US","USA","US-GA"
84013095,"US","USA",840,13095,"Dougherty","Georgia","US",31.5333,-84.2172,"Dougherty, Georgia, US",7,0,2020-03-14,7,0,FALSE,TRUE,"US","USA","US-GA"
84013095,"US","USA",840,13095,"Dougherty","Georgia","US",31.5333,-84.2172,"Dougherty, Georgia, US",6,0,2020-03-15,-1,0,FALSE,TRUE,"US","USA","US-GA"
84013095,"US","USA",840,13095,"Dougherty","Georgia","US",31.5333,-84.2172,"Dougherty, Georgia, US",6,0,2020-03-16,0,0,FALSE,TRUE,"US","USA","US-GA"
84013095,"US","USA",840,13095,"Dougherty","Georgia","US",31.5333,-84.2172,"Dougherty, Georgia, US",6,0,2020-03-17,0,0,FALSE,TRUE,"US","USA","US-GA"
84013095,"US","USA",840,13095,"Dougherty","Georgia","US",31.5333,-84.2172,"Dougherty, Georgia, US",7,2,2020-03-18,1,2,FALSE,TRUE,"US","USA","US-GA"
84013095,"US","USA",840,13095,"Dougherty","Georgia","US",31.5333,-84.2172,"Dougherty, Georgia, US",20,2,2020-03-19,13,0,FALSE,TRUE,"US","USA","US-GA"
84013095,"US","USA",840,13095,"Dougherty","Georgia","US",31.5333,-84.2172,"Dougherty, Georgia, US",44,4,2020-03-20,24,2,FALSE,TRUE,"US","USA","US-GA"
84013095,"US","USA",840,13095,"Dougherty","Georgia","US",31.5333,-84.2172,"Dougherty, Georgia, US",47,6,2020-03-21,3,2,FALSE,TRUE,"US","USA","US-GA"
84013095,"US","USA",840,13095,"Dougherty","Georgia","US",31.5333,-84.2172,"Dougherty, Georgia, US",52,6,2020-03-22,5,0,FALSE,TRUE,"US","USA","US-GA"
84013095,"US","USA",840,13095,"Dougherty","Georgia","US",31.5333,-84.2172,"Dougherty, Georgia, US",64,6,2020-03-23,12,0,FALSE,TRUE,"US","USA","US-GA"
84013095,"US","USA",840,13095,"Dougherty","Georgia","US",31.5333,-84.2172,"Dougherty, Georgia, US",90,6,2020-03-24,26,0,FALSE,TRUE,"US","USA","US-GA"
84013095,"US","USA",840,13095,"Dougherty","Georgia","US",31.5333,-84.2172,"Dougherty, Georgia, US",109,6,2020-03-25,19,0,FALSE,TRUE,"US","USA","US-GA"
84013095,"US","USA",840,13095,"Dougherty","Georgia","US",31.5333,-84.2172,"Dougherty, Georgia, US",156,6,2020-03-26,47,0,FALSE,TRUE,"US","USA","US-GA"
84013095,"US","USA",840,13095,"Dougherty","Georgia","US",31.5333,-84.2172,"Dougherty, Georgia, US",193,12,2020-03-27,37,6,FALSE,TRUE,"US","USA","US-GA"
84013095,"US","USA",840,13095,"Dougherty","Georgia","US",31.5333,-84.2172,"Dougherty, Georgia, US",205,13,2020-03-28,12,1,FALSE,TRUE,"US","USA","US-GA"
84013095,"US","USA",840,13095,"Dougherty","Georgia","US",31.5333,-84.2172,"Dougherty, Georgia, US",239,17,2020-03-29,34,4,FALSE,TRUE,"US","USA","US-GA"
84013095,"US","USA",840,13095,"Dougherty","Georgia","US",31.5333,-84.2172,"Dougherty, Georgia, US",267,17,2020-03-30,28,0,FALSE,TRUE,"US","USA","US-GA"
84013095,"US","USA",840,13095,"Dougherty","Georgia","US",31.5333,-84.2172,"Dougherty, Georgia, US",462,18,2020-03-31,195,1,FALSE,TRUE,"US","USA","US-GA"
84013095,"US","USA",840,13095,"Dougherty","Georgia","US",31.5333,-84.2172,"Dougherty, Georgia, US",480,27,2020-04-01,18,9,FALSE,TRUE,"US","USA","US-GA"
84013095,"US","USA",840,13095,"Dougherty","Georgia","US",31.5333,-84.2172,"Dougherty, Georgia, US",507,29,2020-04-02,27,2,FALSE,TRUE,"US","USA","US-GA"
84013095,"US","USA",840,13095,"Dougherty","Georgia","US",31.5333,-84.2172,"Dougherty, Georgia, US",560,30,2020-04-03,53,1,FALSE,TRUE,"US","USA","US-GA"
84013095,"US","USA",840,13095,"Dougherty","Georgia","US",31.5333,-84.2172,"Dougherty, Georgia, US",636,30,2020-04-04,76,0,FALSE,TRUE,"US","USA","US-GA"
84013095,"US","USA",840,13095,"Dougherty","Georgia","US",31.5333,-84.2172,"Dougherty, Georgia, US",686,30,2020-04-05,50,0,FALSE,TRUE,"US","USA","US-GA"
84013095,"US","USA",840,13095,"Dougherty","Georgia","US",31.5333,-84.2172,"Dougherty, Georgia, US",716,31,2020-04-06,30,1,FALSE,TRUE,"US","USA","US-GA"
84013095,"US","USA",840,13095,"Dougherty","Georgia","US",31.5333,-84.2172,"Dougherty, Georgia, US",939,52,2020-04-07,223,21,FALSE,TRUE,"US","USA","US-GA"
84013095,"US","USA",840,13095,"Dougherty","Georgia","US",31.5333,-84.2172,"Dougherty, Georgia, US",986,61,2020-04-08,47,9,FALSE,TRUE,"US","USA","US-GA"
84013095,"US","USA",840,13095,"Dougherty","Georgia","US",31.5333,-84.2172,"Dougherty, Georgia, US",1020,62,2020-04-09,34,1,FALSE,TRUE,"US","USA","US-GA"
84013095,"US","USA",840,13095,"Dougherty","Georgia","US",31.5333,-84.2172,"Dougherty, Georgia, US",1062,67,2020-04-10,42,5,FALSE,TRUE,"US","USA","US-GA"
84013095,"US","USA",840,13095,"Dougherty","Georgia","US",31.5333,-84.2172,"Dougherty, Georgia, US",1076,69,2020-04-11,14,2,FALSE,TRUE,"US","USA","US-GA"
84013095,"US","USA",840,13095,"Dougherty","Georgia","US",31.5333,-84.2172,"Dougherty, Georgia, US",1154,72,2020-04-12,78,3,FALSE,TRUE,"US","USA","US-GA"
84013095,"US","USA",840,13095,"Dougherty","Georgia","US",31.5333,-84.2172,"Dougherty, Georgia, US",1217,77,2020-04-13,63,5,FALSE,TRUE,"US","USA","US-GA"
84013095,"US","USA",840,13095,"Dougherty","Georgia","US",31.5333,-84.2172,"Dougherty, Georgia, US",1297,78,2020-04-14,80,1,FALSE,TRUE,"US","USA","US-GA"
84013095,"US","USA",840,13095,"Dougherty","Georgia","US",31.5333,-84.2172,"Dougherty, Georgia, US",1308,83,2020-04-15,11,5,FALSE,TRUE,"US","USA","US-GA"
84013095,"US","USA",840,13095,"Dougherty","Georgia","US",31.5333,-84.2172,"Dougherty, Georgia, US",1338,83,2020-04-16,30,0,FALSE,TRUE,"US","USA","US-GA"
84013095,"US","USA",840,13095,"Dougherty","Georgia","US",31.5333,-84.2172,"Dougherty, Georgia, US",1381,91,2020-04-17,43,8,FALSE,TRUE,"US","USA","US-GA"
84013095,"US","USA",840,13095,"Dougherty","Georgia","US",31.5333,-84.2172,"Dougherty, Georgia, US",1406,91,2020-04-18,25,0,FALSE,TRUE,"US","USA","US-GA"
84013095,"US","USA",840,13095,"Dougherty","Georgia","US",31.5333,-84.2172,"Dougherty, Georgia, US",1422,94,2020-04-19,16,3,FALSE,TRUE,"US","USA","US-GA"
84013095,"US","USA",840,13095,"Dougherty","Georgia","US",31.5333,-84.2172,"Dougherty, Georgia, US",1436,98,2020-04-20,14,4,FALSE,TRUE,"US","USA","US-GA"
84013095,"US","USA",840,13095,"Dougherty","Georgia","US",31.5333,-84.2172,"Dougherty, Georgia, US",1446,103,2020-04-21,10,5,FALSE,TRUE,"US","USA","US-GA"
84013095,"US","USA",840,13095,"Dougherty","Georgia","US",31.5333,-84.2172,"Dougherty, Georgia, US",1479,107,2020-04-22,33,4,FALSE,TRUE,"US","USA","US-GA"
84013095,"US","USA",840,13095,"Dougherty","Georgia","US",31.5333,-84.2172,"Dougherty, Georgia, US",1478,109,2020-04-23,-1,2,FALSE,TRUE,"US","USA","US-GA"
84013095,"US","USA",840,13095,"Dougherty","Georgia","US",31.5333,-84.2172,"Dougherty, Georgia, US",1465,108,2020-04-24,-13,-1,FALSE,TRUE,"US","USA","US-GA"
84013095,"US","USA",840,13095,"Dougherty","Georgia","US",31.5333,-84.2172,"Dougherty, Georgia, US",1470,108,2020-04-25,5,0,FALSE,TRUE,"US","USA","US-GA"
84013095,"US","USA",840,13095,"Dougherty","Georgia","US",31.5333,-84.2172,"Dougherty, Georgia, US",1470,108,2020-04-26,0,0,FALSE,TRUE,"US","USA","US-GA"
84013095,"US","USA",840,13095,"Dougherty","Georgia","US",31.5333,-84.2172,"Dougherty, Georgia, US",1480,114,2020-04-27,10,6,FALSE,TRUE,"US","USA","US-GA"
84013095,"US","USA",840,13095,"Dougherty","Georgia","US",31.5333,-84.2172,"Dougherty, Georgia, US",1491,118,2020-04-28,11,4,FALSE,TRUE,"US","USA","US-GA"
84013095,"US","USA",840,13095,"Dougherty","Georgia","US",31.5333,-84.2172,"Dougherty, Georgia, US",1499,120,2020-04-29,8,2,FALSE,TRUE,"US","USA","US-GA"
84013095,"US","USA",840,13095,"Dougherty","Georgia","US",31.5333,-84.2172,"Dougherty, Georgia, US",1505,120,2020-04-30,6,0,FALSE,TRUE,"US","USA","US-GA"
84013095,"US","USA",840,13095,"Dougherty","Georgia","US",31.5333,-84.2172,"Dougherty, Georgia, US",1530,123,2020-05-01,25,3,FALSE,TRUE,"US","USA","US-GA"
84013095,"US","USA",840,13095,"Dougherty","Georgia","US",31.5333,-84.2172,"Dougherty, Georgia, US",1534,124,2020-05-02,4,1,FALSE,TRUE,"US","USA","US-GA"
84013095,"US","USA",840,13095,"Dougherty","Georgia","US",31.5333,-84.2172,"Dougherty, Georgia, US",1536,124,2020-05-03,2,0,FALSE,TRUE,"US","USA","US-GA"
84013095,"US","USA",840,13095,"Dougherty","Georgia","US",31.5333,-84.2172,"Dougherty, Georgia, US",1543,125,2020-05-04,7,1,FALSE,TRUE,"US","USA","US-GA"
84013095,"US","USA",840,13095,"Dougherty","Georgia","US",31.5333,-84.2172,"Dougherty, Georgia, US",1550,126,2020-05-05,7,1,FALSE,TRUE,"US","USA","US-GA"
84013095,"US","USA",840,13095,"Dougherty","Georgia","US",31.5333,-84.2172,"Dougherty, Georgia, US",1555,126,2020-05-06,5,0,FALSE,TRUE,"US","USA","US-GA"
84013095,"US","USA",840,13095,"Dougherty","Georgia","US",31.5333,-84.2172,"Dougherty, Georgia, US",1566,126,2020-05-07,11,0,FALSE,TRUE,"US","USA","US-GA"
84013095,"US","USA",840,13095,"Dougherty","Georgia","US",31.5333,-84.2172,"Dougherty, Georgia, US",1583,126,2020-05-08,17,0,FALSE,TRUE,"US","USA","US-GA"
84013095,"US","USA",840,13095,"Dougherty","Georgia","US",31.5333,-84.2172,"Dougherty, Georgia, US",1587,126,2020-05-09,4,0,FALSE,TRUE,"US","USA","US-GA"
84013095,"US","USA",840,13095,"Dougherty","Georgia","US",31.5333,-84.2172,"Dougherty, Georgia, US",1593,126,2020-05-10,6,0,FALSE,TRUE,"US","USA","US-GA"
84013095,"US","USA",840,13095,"Dougherty","Georgia","US",31.5333,-84.2172,"Dougherty, Georgia, US",1609,128,2020-05-11,16,2,FALSE,TRUE,"US","USA","US-GA"
84013095,"US","USA",840,13095,"Dougherty","Georgia","US",31.5333,-84.2172,"Dougherty, Georgia, US",1643,129,2020-05-12,34,1,FALSE,TRUE,"US","USA","US-GA"
84013095,"US","USA",840,13095,"Dougherty","Georgia","US",31.5333,-84.2172,"Dougherty, Georgia, US",1644,130,2020-05-13,1,1,FALSE,TRUE,"US","USA","US-GA"
84013095,"US","USA",840,13095,"Dougherty","Georgia","US",31.5333,-84.2172,"Dougherty, Georgia, US",1643,132,2020-05-14,-1,2,FALSE,TRUE,"US","USA","US-GA"
84013095,"US","USA",840,13095,"Dougherty","Georgia","US",31.5333,-84.2172,"Dougherty, Georgia, US",1662,134,2020-05-15,19,2,FALSE,TRUE,"US","USA","US-GA"
84013095,"US","USA",840,13095,"Dougherty","Georgia","US",31.5333,-84.2172,"Dougherty, Georgia, US",1662,134,2020-05-16,0,0,FALSE,TRUE,"US","USA","US-GA"
84013095,"US","USA",840,13095,"Dougherty","Georgia","US",31.5333,-84.2172,"Dougherty, Georgia, US",1661,134,2020-05-17,-1,0,FALSE,TRUE,"US","USA","US-GA"
84013095,"US","USA",840,13095,"Dougherty","Georgia","US",31.5333,-84.2172,"Dougherty, Georgia, US",1664,135,2020-05-18,3,1,FALSE,TRUE,"US","USA","US-GA"
84013095,"US","USA",840,13095,"Dougherty","Georgia","US",31.5333,-84.2172,"Dougherty, Georgia, US",1668,139,2020-05-19,4,4,FALSE,TRUE,"US","USA","US-GA"
84013095,"US","USA",840,13095,"Dougherty","Georgia","US",31.5333,-84.2172,"Dougherty, Georgia, US",1672,139,2020-05-20,4,0,FALSE,TRUE,"US","USA","US-GA"
84013095,"US","USA",840,13095,"Dougherty","Georgia","US",31.5333,-84.2172,"Dougherty, Georgia, US",1716,138,2020-05-21,44,-1,FALSE,TRUE,"US","USA","US-GA"
84013095,"US","USA",840,13095,"Dougherty","Georgia","US",31.5333,-84.2172,"Dougherty, Georgia, US",1723,138,2020-05-22,7,0,FALSE,TRUE,"US","USA","US-GA"
84013095,"US","USA",840,13095,"Dougherty","Georgia","US",31.5333,-84.2172,"Dougherty, Georgia, US",1725,139,2020-05-23,2,1,FALSE,TRUE,"US","USA","US-GA"
84013095,"US","USA",840,13095,"Dougherty","Georgia","US",31.5333,-84.2172,"Dougherty, Georgia, US",1727,139,2020-05-24,2,0,FALSE,TRUE,"US","USA","US-GA"
84013095,"US","USA",840,13095,"Dougherty","Georgia","US",31.5333,-84.2172,"Dougherty, Georgia, US",1730,140,2020-05-25,3,1,FALSE,TRUE,"US","USA","US-GA"
84013095,"US","USA",840,13095,"Dougherty","Georgia","US",31.5333,-84.2172,"Dougherty, Georgia, US",1774,142,2020-05-26,44,2,FALSE,TRUE,"US","USA","US-GA"
84013095,"US","USA",840,13095,"Dougherty","Georgia","US",31.5333,-84.2172,"Dougherty, Georgia, US",1784,144,2020-05-27,10,2,FALSE,TRUE,"US","USA","US-GA"
84013095,"US","USA",840,13095,"Dougherty","Georgia","US",31.5333,-84.2172,"Dougherty, Georgia, US",1764,144,2020-05-28,-20,0,FALSE,TRUE,"US","USA","US-GA"
84013095,"US","USA",840,13095,"Dougherty","Georgia","US",31.5333,-84.2172,"Dougherty, Georgia, US",1764,144,2020-05-29,0,0,FALSE,TRUE,"US","USA","US-GA"
84013095,"US","USA",840,13095,"Dougherty","Georgia","US",31.5333,-84.2172,"Dougherty, Georgia, US",1770,145,2020-05-30,6,1,FALSE,TRUE,"US","USA","US-GA"
84013095,"US","USA",840,13095,"Dougherty","Georgia","US",31.5333,-84.2172,"Dougherty, Georgia, US",1770,148,2020-05-31,0,3,FALSE,TRUE,"US","USA","US-GA"
