"UID","iso2","iso3","code3","FIPS","Admin2","Province.State","Country.Region","Lat","Long","Combined_Key","confirmed","deaths","date","confirmed_new","deaths_new","hasErrors","hasParent","country_code","country_code3","territory_code"
84019193,"US","USA",840,19193,"Woodbury","Iowa","US",42.3898,-96.0459,"Woodbury, Iowa, US",0,0,2020-01-22,0,0,FALSE,TRUE,"US","USA","US-IA"
84019193,"US","USA",840,19193,"Woodbury","Iowa","US",42.3898,-96.0459,"Woodbury, Iowa, US",0,0,2020-01-23,0,0,FALSE,TRUE,"US","USA","US-IA"
84019193,"US","USA",840,19193,"Woodbury","Iowa","US",42.3898,-96.0459,"Woodbury, Iowa, US",0,0,2020-01-24,0,0,FALSE,TRUE,"US","USA","US-IA"
84019193,"US","USA",840,19193,"Woodbury","Iowa","US",42.3898,-96.0459,"Woodbury, Iowa, US",0,0,2020-01-25,0,0,FALSE,TRUE,"US","USA","US-IA"
84019193,"US","USA",840,19193,"Woodbury","Iowa","US",42.3898,-96.0459,"Woodbury, Iowa, US",0,0,2020-01-26,0,0,FALSE,TRUE,"US","USA","US-IA"
84019193,"US","USA",840,19193,"Woodbury","Iowa","US",42.3898,-96.0459,"Woodbury, Iowa, US",0,0,2020-01-27,0,0,FALSE,TRUE,"US","USA","US-IA"
84019193,"US","USA",840,19193,"Woodbury","Iowa","US",42.3898,-96.0459,"Woodbury, Iowa, US",0,0,2020-01-28,0,0,FALSE,TRUE,"US","USA","US-IA"
84019193,"US","USA",840,19193,"Woodbury","Iowa","US",42.3898,-96.0459,"Woodbury, Iowa, US",0,0,2020-01-29,0,0,FALSE,TRUE,"US","USA","US-IA"
84019193,"US","USA",840,19193,"Woodbury","Iowa","US",42.3898,-96.0459,"Woodbury, Iowa, US",0,0,2020-01-30,0,0,FALSE,TRUE,"US","USA","US-IA"
84019193,"US","USA",840,19193,"Woodbury","Iowa","US",42.3898,-96.0459,"Woodbury, Iowa, US",0,0,2020-01-31,0,0,FALSE,TRUE,"US","USA","US-IA"
84019193,"US","USA",840,19193,"Woodbury","Iowa","US",42.3898,-96.0459,"Woodbury, Iowa, US",0,0,2020-02-01,0,0,FALSE,TRUE,"US","USA","US-IA"
84019193,"US","USA",840,19193,"Woodbury","Iowa","US",42.3898,-96.0459,"Woodbury, Iowa, US",0,0,2020-02-02,0,0,FALSE,TRUE,"US","USA","US-IA"
84019193,"US","USA",840,19193,"Woodbury","Iowa","US",42.3898,-96.0459,"Woodbury, Iowa, US",0,0,2020-02-03,0,0,FALSE,TRUE,"US","USA","US-IA"
84019193,"US","USA",840,19193,"Woodbury","Iowa","US",42.3898,-96.0459,"Woodbury, Iowa, US",0,0,2020-02-04,0,0,FALSE,TRUE,"US","USA","US-IA"
84019193,"US","USA",840,19193,"Woodbury","Iowa","US",42.3898,-96.0459,"Woodbury, Iowa, US",0,0,2020-02-05,0,0,FALSE,TRUE,"US","USA","US-IA"
84019193,"US","USA",840,19193,"Woodbury","Iowa","US",42.3898,-96.0459,"Woodbury, Iowa, US",0,0,2020-02-06,0,0,FALSE,TRUE,"US","USA","US-IA"
84019193,"US","USA",840,19193,"Woodbury","Iowa","US",42.3898,-96.0459,"Woodbury, Iowa, US",0,0,2020-02-07,0,0,FALSE,TRUE,"US","USA","US-IA"
84019193,"US","USA",840,19193,"Woodbury","Iowa","US",42.3898,-96.0459,"Woodbury, Iowa, US",0,0,2020-02-08,0,0,FALSE,TRUE,"US","USA","US-IA"
84019193,"US","USA",840,19193,"Woodbury","Iowa","US",42.3898,-96.0459,"Woodbury, Iowa, US",0,0,2020-02-09,0,0,FALSE,TRUE,"US","USA","US-IA"
84019193,"US","USA",840,19193,"Woodbury","Iowa","US",42.3898,-96.0459,"Woodbury, Iowa, US",0,0,2020-02-10,0,0,FALSE,TRUE,"US","USA","US-IA"
84019193,"US","USA",840,19193,"Woodbury","Iowa","US",42.3898,-96.0459,"Woodbury, Iowa, US",0,0,2020-02-11,0,0,FALSE,TRUE,"US","USA","US-IA"
84019193,"US","USA",840,19193,"Woodbury","Iowa","US",42.3898,-96.0459,"Woodbury, Iowa, US",0,0,2020-02-12,0,0,FALSE,TRUE,"US","USA","US-IA"
84019193,"US","USA",840,19193,"Woodbury","Iowa","US",42.3898,-96.0459,"Woodbury, Iowa, US",0,0,2020-02-13,0,0,FALSE,TRUE,"US","USA","US-IA"
84019193,"US","USA",840,19193,"Woodbury","Iowa","US",42.3898,-96.0459,"Woodbury, Iowa, US",0,0,2020-02-14,0,0,FALSE,TRUE,"US","USA","US-IA"
84019193,"US","USA",840,19193,"Woodbury","Iowa","US",42.3898,-96.0459,"Woodbury, Iowa, US",0,0,2020-02-15,0,0,FALSE,TRUE,"US","USA","US-IA"
84019193,"US","USA",840,19193,"Woodbury","Iowa","US",42.3898,-96.0459,"Woodbury, Iowa, US",0,0,2020-02-16,0,0,FALSE,TRUE,"US","USA","US-IA"
84019193,"US","USA",840,19193,"Woodbury","Iowa","US",42.3898,-96.0459,"Woodbury, Iowa, US",0,0,2020-02-17,0,0,FALSE,TRUE,"US","USA","US-IA"
84019193,"US","USA",840,19193,"Woodbury","Iowa","US",42.3898,-96.0459,"Woodbury, Iowa, US",0,0,2020-02-18,0,0,FALSE,TRUE,"US","USA","US-IA"
84019193,"US","USA",840,19193,"Woodbury","Iowa","US",42.3898,-96.0459,"Woodbury, Iowa, US",0,0,2020-02-19,0,0,FALSE,TRUE,"US","USA","US-IA"
84019193,"US","USA",840,19193,"Woodbury","Iowa","US",42.3898,-96.0459,"Woodbury, Iowa, US",0,0,2020-02-20,0,0,FALSE,TRUE,"US","USA","US-IA"
84019193,"US","USA",840,19193,"Woodbury","Iowa","US",42.3898,-96.0459,"Woodbury, Iowa, US",0,0,2020-02-21,0,0,FALSE,TRUE,"US","USA","US-IA"
84019193,"US","USA",840,19193,"Woodbury","Iowa","US",42.3898,-96.0459,"Woodbury, Iowa, US",0,0,2020-02-22,0,0,FALSE,TRUE,"US","USA","US-IA"
84019193,"US","USA",840,19193,"Woodbury","Iowa","US",42.3898,-96.0459,"Woodbury, Iowa, US",0,0,2020-02-23,0,0,FALSE,TRUE,"US","USA","US-IA"
84019193,"US","USA",840,19193,"Woodbury","Iowa","US",42.3898,-96.0459,"Woodbury, Iowa, US",0,0,2020-02-24,0,0,FALSE,TRUE,"US","USA","US-IA"
84019193,"US","USA",840,19193,"Woodbury","Iowa","US",42.3898,-96.0459,"Woodbury, Iowa, US",0,0,2020-02-25,0,0,FALSE,TRUE,"US","USA","US-IA"
84019193,"US","USA",840,19193,"Woodbury","Iowa","US",42.3898,-96.0459,"Woodbury, Iowa, US",0,0,2020-02-26,0,0,FALSE,TRUE,"US","USA","US-IA"
84019193,"US","USA",840,19193,"Woodbury","Iowa","US",42.3898,-96.0459,"Woodbury, Iowa, US",0,0,2020-02-27,0,0,FALSE,TRUE,"US","USA","US-IA"
84019193,"US","USA",840,19193,"Woodbury","Iowa","US",42.3898,-96.0459,"Woodbury, Iowa, US",0,0,2020-02-28,0,0,FALSE,TRUE,"US","USA","US-IA"
84019193,"US","USA",840,19193,"Woodbury","Iowa","US",42.3898,-96.0459,"Woodbury, Iowa, US",0,0,2020-02-29,0,0,FALSE,TRUE,"US","USA","US-IA"
84019193,"US","USA",840,19193,"Woodbury","Iowa","US",42.3898,-96.0459,"Woodbury, Iowa, US",0,0,2020-03-01,0,0,FALSE,TRUE,"US","USA","US-IA"
84019193,"US","USA",840,19193,"Woodbury","Iowa","US",42.3898,-96.0459,"Woodbury, Iowa, US",0,0,2020-03-02,0,0,FALSE,TRUE,"US","USA","US-IA"
84019193,"US","USA",840,19193,"Woodbury","Iowa","US",42.3898,-96.0459,"Woodbury, Iowa, US",0,0,2020-03-03,0,0,FALSE,TRUE,"US","USA","US-IA"
84019193,"US","USA",840,19193,"Woodbury","Iowa","US",42.3898,-96.0459,"Woodbury, Iowa, US",0,0,2020-03-04,0,0,FALSE,TRUE,"US","USA","US-IA"
84019193,"US","USA",840,19193,"Woodbury","Iowa","US",42.3898,-96.0459,"Woodbury, Iowa, US",0,0,2020-03-05,0,0,FALSE,TRUE,"US","USA","US-IA"
84019193,"US","USA",840,19193,"Woodbury","Iowa","US",42.3898,-96.0459,"Woodbury, Iowa, US",0,0,2020-03-06,0,0,FALSE,TRUE,"US","USA","US-IA"
84019193,"US","USA",840,19193,"Woodbury","Iowa","US",42.3898,-96.0459,"Woodbury, Iowa, US",0,0,2020-03-07,0,0,FALSE,TRUE,"US","USA","US-IA"
84019193,"US","USA",840,19193,"Woodbury","Iowa","US",42.3898,-96.0459,"Woodbury, Iowa, US",0,0,2020-03-08,0,0,FALSE,TRUE,"US","USA","US-IA"
84019193,"US","USA",840,19193,"Woodbury","Iowa","US",42.3898,-96.0459,"Woodbury, Iowa, US",0,0,2020-03-09,0,0,FALSE,TRUE,"US","USA","US-IA"
84019193,"US","USA",840,19193,"Woodbury","Iowa","US",42.3898,-96.0459,"Woodbury, Iowa, US",0,0,2020-03-10,0,0,FALSE,TRUE,"US","USA","US-IA"
84019193,"US","USA",840,19193,"Woodbury","Iowa","US",42.3898,-96.0459,"Woodbury, Iowa, US",0,0,2020-03-11,0,0,FALSE,TRUE,"US","USA","US-IA"
84019193,"US","USA",840,19193,"Woodbury","Iowa","US",42.3898,-96.0459,"Woodbury, Iowa, US",0,0,2020-03-12,0,0,FALSE,TRUE,"US","USA","US-IA"
84019193,"US","USA",840,19193,"Woodbury","Iowa","US",42.3898,-96.0459,"Woodbury, Iowa, US",0,0,2020-03-13,0,0,FALSE,TRUE,"US","USA","US-IA"
84019193,"US","USA",840,19193,"Woodbury","Iowa","US",42.3898,-96.0459,"Woodbury, Iowa, US",0,0,2020-03-14,0,0,FALSE,TRUE,"US","USA","US-IA"
84019193,"US","USA",840,19193,"Woodbury","Iowa","US",42.3898,-96.0459,"Woodbury, Iowa, US",0,0,2020-03-15,0,0,FALSE,TRUE,"US","USA","US-IA"
84019193,"US","USA",840,19193,"Woodbury","Iowa","US",42.3898,-96.0459,"Woodbury, Iowa, US",0,0,2020-03-16,0,0,FALSE,TRUE,"US","USA","US-IA"
84019193,"US","USA",840,19193,"Woodbury","Iowa","US",42.3898,-96.0459,"Woodbury, Iowa, US",0,0,2020-03-17,0,0,FALSE,TRUE,"US","USA","US-IA"
84019193,"US","USA",840,19193,"Woodbury","Iowa","US",42.3898,-96.0459,"Woodbury, Iowa, US",0,0,2020-03-18,0,0,FALSE,TRUE,"US","USA","US-IA"
84019193,"US","USA",840,19193,"Woodbury","Iowa","US",42.3898,-96.0459,"Woodbury, Iowa, US",0,0,2020-03-19,0,0,FALSE,TRUE,"US","USA","US-IA"
84019193,"US","USA",840,19193,"Woodbury","Iowa","US",42.3898,-96.0459,"Woodbury, Iowa, US",0,0,2020-03-20,0,0,FALSE,TRUE,"US","USA","US-IA"
84019193,"US","USA",840,19193,"Woodbury","Iowa","US",42.3898,-96.0459,"Woodbury, Iowa, US",0,0,2020-03-21,0,0,FALSE,TRUE,"US","USA","US-IA"
84019193,"US","USA",840,19193,"Woodbury","Iowa","US",42.3898,-96.0459,"Woodbury, Iowa, US",1,0,2020-03-22,1,0,FALSE,TRUE,"US","USA","US-IA"
84019193,"US","USA",840,19193,"Woodbury","Iowa","US",42.3898,-96.0459,"Woodbury, Iowa, US",2,0,2020-03-23,1,0,FALSE,TRUE,"US","USA","US-IA"
84019193,"US","USA",840,19193,"Woodbury","Iowa","US",42.3898,-96.0459,"Woodbury, Iowa, US",2,0,2020-03-24,0,0,FALSE,TRUE,"US","USA","US-IA"
84019193,"US","USA",840,19193,"Woodbury","Iowa","US",42.3898,-96.0459,"Woodbury, Iowa, US",2,0,2020-03-25,0,0,FALSE,TRUE,"US","USA","US-IA"
84019193,"US","USA",840,19193,"Woodbury","Iowa","US",42.3898,-96.0459,"Woodbury, Iowa, US",2,0,2020-03-26,0,0,FALSE,TRUE,"US","USA","US-IA"
84019193,"US","USA",840,19193,"Woodbury","Iowa","US",42.3898,-96.0459,"Woodbury, Iowa, US",3,0,2020-03-27,1,0,FALSE,TRUE,"US","USA","US-IA"
84019193,"US","USA",840,19193,"Woodbury","Iowa","US",42.3898,-96.0459,"Woodbury, Iowa, US",3,0,2020-03-28,0,0,FALSE,TRUE,"US","USA","US-IA"
84019193,"US","USA",840,19193,"Woodbury","Iowa","US",42.3898,-96.0459,"Woodbury, Iowa, US",4,0,2020-03-29,1,0,FALSE,TRUE,"US","USA","US-IA"
84019193,"US","USA",840,19193,"Woodbury","Iowa","US",42.3898,-96.0459,"Woodbury, Iowa, US",4,0,2020-03-30,0,0,FALSE,TRUE,"US","USA","US-IA"
84019193,"US","USA",840,19193,"Woodbury","Iowa","US",42.3898,-96.0459,"Woodbury, Iowa, US",4,0,2020-03-31,0,0,FALSE,TRUE,"US","USA","US-IA"
84019193,"US","USA",840,19193,"Woodbury","Iowa","US",42.3898,-96.0459,"Woodbury, Iowa, US",4,0,2020-04-01,0,0,FALSE,TRUE,"US","USA","US-IA"
84019193,"US","USA",840,19193,"Woodbury","Iowa","US",42.3898,-96.0459,"Woodbury, Iowa, US",7,0,2020-04-02,3,0,FALSE,TRUE,"US","USA","US-IA"
84019193,"US","USA",840,19193,"Woodbury","Iowa","US",42.3898,-96.0459,"Woodbury, Iowa, US",8,0,2020-04-03,1,0,FALSE,TRUE,"US","USA","US-IA"
84019193,"US","USA",840,19193,"Woodbury","Iowa","US",42.3898,-96.0459,"Woodbury, Iowa, US",8,0,2020-04-04,0,0,FALSE,TRUE,"US","USA","US-IA"
84019193,"US","USA",840,19193,"Woodbury","Iowa","US",42.3898,-96.0459,"Woodbury, Iowa, US",8,0,2020-04-05,0,0,FALSE,TRUE,"US","USA","US-IA"
84019193,"US","USA",840,19193,"Woodbury","Iowa","US",42.3898,-96.0459,"Woodbury, Iowa, US",8,0,2020-04-06,0,0,FALSE,TRUE,"US","USA","US-IA"
84019193,"US","USA",840,19193,"Woodbury","Iowa","US",42.3898,-96.0459,"Woodbury, Iowa, US",9,0,2020-04-07,1,0,FALSE,TRUE,"US","USA","US-IA"
84019193,"US","USA",840,19193,"Woodbury","Iowa","US",42.3898,-96.0459,"Woodbury, Iowa, US",11,0,2020-04-08,2,0,FALSE,TRUE,"US","USA","US-IA"
84019193,"US","USA",840,19193,"Woodbury","Iowa","US",42.3898,-96.0459,"Woodbury, Iowa, US",12,0,2020-04-09,1,0,FALSE,TRUE,"US","USA","US-IA"
84019193,"US","USA",840,19193,"Woodbury","Iowa","US",42.3898,-96.0459,"Woodbury, Iowa, US",15,0,2020-04-10,3,0,FALSE,TRUE,"US","USA","US-IA"
84019193,"US","USA",840,19193,"Woodbury","Iowa","US",42.3898,-96.0459,"Woodbury, Iowa, US",18,0,2020-04-11,3,0,FALSE,TRUE,"US","USA","US-IA"
84019193,"US","USA",840,19193,"Woodbury","Iowa","US",42.3898,-96.0459,"Woodbury, Iowa, US",18,0,2020-04-12,0,0,FALSE,TRUE,"US","USA","US-IA"
84019193,"US","USA",840,19193,"Woodbury","Iowa","US",42.3898,-96.0459,"Woodbury, Iowa, US",19,0,2020-04-13,1,0,FALSE,TRUE,"US","USA","US-IA"
84019193,"US","USA",840,19193,"Woodbury","Iowa","US",42.3898,-96.0459,"Woodbury, Iowa, US",20,0,2020-04-14,1,0,FALSE,TRUE,"US","USA","US-IA"
84019193,"US","USA",840,19193,"Woodbury","Iowa","US",42.3898,-96.0459,"Woodbury, Iowa, US",21,0,2020-04-15,1,0,FALSE,TRUE,"US","USA","US-IA"
84019193,"US","USA",840,19193,"Woodbury","Iowa","US",42.3898,-96.0459,"Woodbury, Iowa, US",22,0,2020-04-16,1,0,FALSE,TRUE,"US","USA","US-IA"
84019193,"US","USA",840,19193,"Woodbury","Iowa","US",42.3898,-96.0459,"Woodbury, Iowa, US",25,0,2020-04-17,3,0,FALSE,TRUE,"US","USA","US-IA"
84019193,"US","USA",840,19193,"Woodbury","Iowa","US",42.3898,-96.0459,"Woodbury, Iowa, US",35,0,2020-04-18,10,0,FALSE,TRUE,"US","USA","US-IA"
84019193,"US","USA",840,19193,"Woodbury","Iowa","US",42.3898,-96.0459,"Woodbury, Iowa, US",37,0,2020-04-19,2,0,FALSE,TRUE,"US","USA","US-IA"
84019193,"US","USA",840,19193,"Woodbury","Iowa","US",42.3898,-96.0459,"Woodbury, Iowa, US",44,0,2020-04-20,7,0,FALSE,TRUE,"US","USA","US-IA"
84019193,"US","USA",840,19193,"Woodbury","Iowa","US",42.3898,-96.0459,"Woodbury, Iowa, US",81,0,2020-04-21,37,0,FALSE,TRUE,"US","USA","US-IA"
84019193,"US","USA",840,19193,"Woodbury","Iowa","US",42.3898,-96.0459,"Woodbury, Iowa, US",100,1,2020-04-22,19,1,FALSE,TRUE,"US","USA","US-IA"
84019193,"US","USA",840,19193,"Woodbury","Iowa","US",42.3898,-96.0459,"Woodbury, Iowa, US",120,1,2020-04-23,20,0,FALSE,TRUE,"US","USA","US-IA"
84019193,"US","USA",840,19193,"Woodbury","Iowa","US",42.3898,-96.0459,"Woodbury, Iowa, US",189,1,2020-04-24,69,0,FALSE,TRUE,"US","USA","US-IA"
84019193,"US","USA",840,19193,"Woodbury","Iowa","US",42.3898,-96.0459,"Woodbury, Iowa, US",316,1,2020-04-25,127,0,FALSE,TRUE,"US","USA","US-IA"
84019193,"US","USA",840,19193,"Woodbury","Iowa","US",42.3898,-96.0459,"Woodbury, Iowa, US",409,1,2020-04-26,93,0,FALSE,TRUE,"US","USA","US-IA"
84019193,"US","USA",840,19193,"Woodbury","Iowa","US",42.3898,-96.0459,"Woodbury, Iowa, US",495,1,2020-04-27,86,0,FALSE,TRUE,"US","USA","US-IA"
84019193,"US","USA",840,19193,"Woodbury","Iowa","US",42.3898,-96.0459,"Woodbury, Iowa, US",695,1,2020-04-28,200,0,FALSE,TRUE,"US","USA","US-IA"
84019193,"US","USA",840,19193,"Woodbury","Iowa","US",42.3898,-96.0459,"Woodbury, Iowa, US",728,1,2020-04-29,33,0,FALSE,TRUE,"US","USA","US-IA"
84019193,"US","USA",840,19193,"Woodbury","Iowa","US",42.3898,-96.0459,"Woodbury, Iowa, US",742,1,2020-04-30,14,0,FALSE,TRUE,"US","USA","US-IA"
84019193,"US","USA",840,19193,"Woodbury","Iowa","US",42.3898,-96.0459,"Woodbury, Iowa, US",922,1,2020-05-01,180,0,FALSE,TRUE,"US","USA","US-IA"
84019193,"US","USA",840,19193,"Woodbury","Iowa","US",42.3898,-96.0459,"Woodbury, Iowa, US",1074,2,2020-05-02,152,1,FALSE,TRUE,"US","USA","US-IA"
84019193,"US","USA",840,19193,"Woodbury","Iowa","US",42.3898,-96.0459,"Woodbury, Iowa, US",1112,2,2020-05-03,38,0,FALSE,TRUE,"US","USA","US-IA"
84019193,"US","USA",840,19193,"Woodbury","Iowa","US",42.3898,-96.0459,"Woodbury, Iowa, US",1152,2,2020-05-04,40,0,FALSE,TRUE,"US","USA","US-IA"
84019193,"US","USA",840,19193,"Woodbury","Iowa","US",42.3898,-96.0459,"Woodbury, Iowa, US",1296,3,2020-05-05,144,1,FALSE,TRUE,"US","USA","US-IA"
84019193,"US","USA",840,19193,"Woodbury","Iowa","US",42.3898,-96.0459,"Woodbury, Iowa, US",1323,4,2020-05-06,27,1,FALSE,TRUE,"US","USA","US-IA"
84019193,"US","USA",840,19193,"Woodbury","Iowa","US",42.3898,-96.0459,"Woodbury, Iowa, US",1429,4,2020-05-07,106,0,FALSE,TRUE,"US","USA","US-IA"
84019193,"US","USA",840,19193,"Woodbury","Iowa","US",42.3898,-96.0459,"Woodbury, Iowa, US",1532,7,2020-05-08,103,3,FALSE,TRUE,"US","USA","US-IA"
84019193,"US","USA",840,19193,"Woodbury","Iowa","US",42.3898,-96.0459,"Woodbury, Iowa, US",1554,7,2020-05-09,22,0,FALSE,TRUE,"US","USA","US-IA"
84019193,"US","USA",840,19193,"Woodbury","Iowa","US",42.3898,-96.0459,"Woodbury, Iowa, US",1627,8,2020-05-10,73,1,FALSE,TRUE,"US","USA","US-IA"
84019193,"US","USA",840,19193,"Woodbury","Iowa","US",42.3898,-96.0459,"Woodbury, Iowa, US",1676,9,2020-05-11,49,1,FALSE,TRUE,"US","USA","US-IA"
84019193,"US","USA",840,19193,"Woodbury","Iowa","US",42.3898,-96.0459,"Woodbury, Iowa, US",1988,11,2020-05-12,312,2,FALSE,TRUE,"US","USA","US-IA"
84019193,"US","USA",840,19193,"Woodbury","Iowa","US",42.3898,-96.0459,"Woodbury, Iowa, US",2054,14,2020-05-13,66,3,FALSE,TRUE,"US","USA","US-IA"
84019193,"US","USA",840,19193,"Woodbury","Iowa","US",42.3898,-96.0459,"Woodbury, Iowa, US",2078,14,2020-05-14,24,0,FALSE,TRUE,"US","USA","US-IA"
84019193,"US","USA",840,19193,"Woodbury","Iowa","US",42.3898,-96.0459,"Woodbury, Iowa, US",2111,14,2020-05-15,33,0,FALSE,TRUE,"US","USA","US-IA"
84019193,"US","USA",840,19193,"Woodbury","Iowa","US",42.3898,-96.0459,"Woodbury, Iowa, US",2157,16,2020-05-16,46,2,FALSE,TRUE,"US","USA","US-IA"
84019193,"US","USA",840,19193,"Woodbury","Iowa","US",42.3898,-96.0459,"Woodbury, Iowa, US",2215,16,2020-05-17,58,0,FALSE,TRUE,"US","USA","US-IA"
84019193,"US","USA",840,19193,"Woodbury","Iowa","US",42.3898,-96.0459,"Woodbury, Iowa, US",2278,17,2020-05-18,63,1,FALSE,TRUE,"US","USA","US-IA"
84019193,"US","USA",840,19193,"Woodbury","Iowa","US",42.3898,-96.0459,"Woodbury, Iowa, US",2342,17,2020-05-19,64,0,FALSE,TRUE,"US","USA","US-IA"
84019193,"US","USA",840,19193,"Woodbury","Iowa","US",42.3898,-96.0459,"Woodbury, Iowa, US",2362,21,2020-05-20,20,4,FALSE,TRUE,"US","USA","US-IA"
84019193,"US","USA",840,19193,"Woodbury","Iowa","US",42.3898,-96.0459,"Woodbury, Iowa, US",2448,23,2020-05-21,86,2,FALSE,TRUE,"US","USA","US-IA"
84019193,"US","USA",840,19193,"Woodbury","Iowa","US",42.3898,-96.0459,"Woodbury, Iowa, US",2469,23,2020-05-22,21,0,FALSE,TRUE,"US","USA","US-IA"
84019193,"US","USA",840,19193,"Woodbury","Iowa","US",42.3898,-96.0459,"Woodbury, Iowa, US",2520,23,2020-05-23,51,0,FALSE,TRUE,"US","USA","US-IA"
84019193,"US","USA",840,19193,"Woodbury","Iowa","US",42.3898,-96.0459,"Woodbury, Iowa, US",2555,24,2020-05-24,35,1,FALSE,TRUE,"US","USA","US-IA"
84019193,"US","USA",840,19193,"Woodbury","Iowa","US",42.3898,-96.0459,"Woodbury, Iowa, US",2624,24,2020-05-25,69,0,FALSE,TRUE,"US","USA","US-IA"
84019193,"US","USA",840,19193,"Woodbury","Iowa","US",42.3898,-96.0459,"Woodbury, Iowa, US",2640,28,2020-05-26,16,4,FALSE,TRUE,"US","USA","US-IA"
84019193,"US","USA",840,19193,"Woodbury","Iowa","US",42.3898,-96.0459,"Woodbury, Iowa, US",2658,31,2020-05-27,18,3,FALSE,TRUE,"US","USA","US-IA"
84019193,"US","USA",840,19193,"Woodbury","Iowa","US",42.3898,-96.0459,"Woodbury, Iowa, US",2672,32,2020-05-28,14,1,FALSE,TRUE,"US","USA","US-IA"
84019193,"US","USA",840,19193,"Woodbury","Iowa","US",42.3898,-96.0459,"Woodbury, Iowa, US",2721,34,2020-05-29,49,2,FALSE,TRUE,"US","USA","US-IA"
84019193,"US","USA",840,19193,"Woodbury","Iowa","US",42.3898,-96.0459,"Woodbury, Iowa, US",2740,34,2020-05-30,19,0,FALSE,TRUE,"US","USA","US-IA"
84019193,"US","USA",840,19193,"Woodbury","Iowa","US",42.3898,-96.0459,"Woodbury, Iowa, US",2750,34,2020-05-31,10,0,FALSE,TRUE,"US","USA","US-IA"
84019193,"US","USA",840,19193,"Woodbury","Iowa","US",42.3898,-96.0459,"Woodbury, Iowa, US",2761,36,2020-06-01,11,2,FALSE,TRUE,"US","USA","US-IA"
84019193,"US","USA",840,19193,"Woodbury","Iowa","US",42.3898,-96.0459,"Woodbury, Iowa, US",2786,36,2020-06-02,25,0,FALSE,TRUE,"US","USA","US-IA"
84019193,"US","USA",840,19193,"Woodbury","Iowa","US",42.3898,-96.0459,"Woodbury, Iowa, US",2817,37,2020-06-03,31,1,FALSE,TRUE,"US","USA","US-IA"
84019193,"US","USA",840,19193,"Woodbury","Iowa","US",42.3898,-96.0459,"Woodbury, Iowa, US",2837,37,2020-06-04,20,0,FALSE,TRUE,"US","USA","US-IA"
84019193,"US","USA",840,19193,"Woodbury","Iowa","US",42.3898,-96.0459,"Woodbury, Iowa, US",2861,37,2020-06-05,24,0,FALSE,TRUE,"US","USA","US-IA"
84019193,"US","USA",840,19193,"Woodbury","Iowa","US",42.3898,-96.0459,"Woodbury, Iowa, US",2900,37,2020-06-06,39,0,FALSE,TRUE,"US","USA","US-IA"
84019193,"US","USA",840,19193,"Woodbury","Iowa","US",42.3898,-96.0459,"Woodbury, Iowa, US",2915,37,2020-06-07,15,0,FALSE,TRUE,"US","USA","US-IA"
84019193,"US","USA",840,19193,"Woodbury","Iowa","US",42.3898,-96.0459,"Woodbury, Iowa, US",2927,37,2020-06-08,12,0,FALSE,TRUE,"US","USA","US-IA"
84019193,"US","USA",840,19193,"Woodbury","Iowa","US",42.3898,-96.0459,"Woodbury, Iowa, US",2945,37,2020-06-09,18,0,FALSE,TRUE,"US","USA","US-IA"
84019193,"US","USA",840,19193,"Woodbury","Iowa","US",42.3898,-96.0459,"Woodbury, Iowa, US",2957,38,2020-06-10,12,1,FALSE,TRUE,"US","USA","US-IA"
84019193,"US","USA",840,19193,"Woodbury","Iowa","US",42.3898,-96.0459,"Woodbury, Iowa, US",2965,39,2020-06-11,8,1,FALSE,TRUE,"US","USA","US-IA"
84019193,"US","USA",840,19193,"Woodbury","Iowa","US",42.3898,-96.0459,"Woodbury, Iowa, US",2987,39,2020-06-12,22,0,FALSE,TRUE,"US","USA","US-IA"
