"UID","iso2","iso3","code3","FIPS","Admin2","Province.State","Country.Region","Lat","Long","Combined_Key","confirmed","deaths","date","confirmed_new","deaths_new","hasErrors","hasParent","country_code","country_code3","territory_code"
84018057,"US","USA",840,18057,"Hamilton","Indiana","US",40.0731,-86.0524,"Hamilton, Indiana, US",0,0,2020-01-22,0,0,FALSE,TRUE,"US","USA","US-IN"
84018057,"US","USA",840,18057,"Hamilton","Indiana","US",40.0731,-86.0524,"Hamilton, Indiana, US",0,0,2020-01-23,0,0,FALSE,TRUE,"US","USA","US-IN"
84018057,"US","USA",840,18057,"Hamilton","Indiana","US",40.0731,-86.0524,"Hamilton, Indiana, US",0,0,2020-01-24,0,0,FALSE,TRUE,"US","USA","US-IN"
84018057,"US","USA",840,18057,"Hamilton","Indiana","US",40.0731,-86.0524,"Hamilton, Indiana, US",0,0,2020-01-25,0,0,FALSE,TRUE,"US","USA","US-IN"
84018057,"US","USA",840,18057,"Hamilton","Indiana","US",40.0731,-86.0524,"Hamilton, Indiana, US",0,0,2020-01-26,0,0,FALSE,TRUE,"US","USA","US-IN"
84018057,"US","USA",840,18057,"Hamilton","Indiana","US",40.0731,-86.0524,"Hamilton, Indiana, US",0,0,2020-01-27,0,0,FALSE,TRUE,"US","USA","US-IN"
84018057,"US","USA",840,18057,"Hamilton","Indiana","US",40.0731,-86.0524,"Hamilton, Indiana, US",0,0,2020-01-28,0,0,FALSE,TRUE,"US","USA","US-IN"
84018057,"US","USA",840,18057,"Hamilton","Indiana","US",40.0731,-86.0524,"Hamilton, Indiana, US",0,0,2020-01-29,0,0,FALSE,TRUE,"US","USA","US-IN"
84018057,"US","USA",840,18057,"Hamilton","Indiana","US",40.0731,-86.0524,"Hamilton, Indiana, US",0,0,2020-01-30,0,0,FALSE,TRUE,"US","USA","US-IN"
84018057,"US","USA",840,18057,"Hamilton","Indiana","US",40.0731,-86.0524,"Hamilton, Indiana, US",0,0,2020-01-31,0,0,FALSE,TRUE,"US","USA","US-IN"
84018057,"US","USA",840,18057,"Hamilton","Indiana","US",40.0731,-86.0524,"Hamilton, Indiana, US",0,0,2020-02-01,0,0,FALSE,TRUE,"US","USA","US-IN"
84018057,"US","USA",840,18057,"Hamilton","Indiana","US",40.0731,-86.0524,"Hamilton, Indiana, US",0,0,2020-02-02,0,0,FALSE,TRUE,"US","USA","US-IN"
84018057,"US","USA",840,18057,"Hamilton","Indiana","US",40.0731,-86.0524,"Hamilton, Indiana, US",0,0,2020-02-03,0,0,FALSE,TRUE,"US","USA","US-IN"
84018057,"US","USA",840,18057,"Hamilton","Indiana","US",40.0731,-86.0524,"Hamilton, Indiana, US",0,0,2020-02-04,0,0,FALSE,TRUE,"US","USA","US-IN"
84018057,"US","USA",840,18057,"Hamilton","Indiana","US",40.0731,-86.0524,"Hamilton, Indiana, US",0,0,2020-02-05,0,0,FALSE,TRUE,"US","USA","US-IN"
84018057,"US","USA",840,18057,"Hamilton","Indiana","US",40.0731,-86.0524,"Hamilton, Indiana, US",0,0,2020-02-06,0,0,FALSE,TRUE,"US","USA","US-IN"
84018057,"US","USA",840,18057,"Hamilton","Indiana","US",40.0731,-86.0524,"Hamilton, Indiana, US",0,0,2020-02-07,0,0,FALSE,TRUE,"US","USA","US-IN"
84018057,"US","USA",840,18057,"Hamilton","Indiana","US",40.0731,-86.0524,"Hamilton, Indiana, US",0,0,2020-02-08,0,0,FALSE,TRUE,"US","USA","US-IN"
84018057,"US","USA",840,18057,"Hamilton","Indiana","US",40.0731,-86.0524,"Hamilton, Indiana, US",0,0,2020-02-09,0,0,FALSE,TRUE,"US","USA","US-IN"
84018057,"US","USA",840,18057,"Hamilton","Indiana","US",40.0731,-86.0524,"Hamilton, Indiana, US",0,0,2020-02-10,0,0,FALSE,TRUE,"US","USA","US-IN"
84018057,"US","USA",840,18057,"Hamilton","Indiana","US",40.0731,-86.0524,"Hamilton, Indiana, US",0,0,2020-02-11,0,0,FALSE,TRUE,"US","USA","US-IN"
84018057,"US","USA",840,18057,"Hamilton","Indiana","US",40.0731,-86.0524,"Hamilton, Indiana, US",0,0,2020-02-12,0,0,FALSE,TRUE,"US","USA","US-IN"
84018057,"US","USA",840,18057,"Hamilton","Indiana","US",40.0731,-86.0524,"Hamilton, Indiana, US",0,0,2020-02-13,0,0,FALSE,TRUE,"US","USA","US-IN"
84018057,"US","USA",840,18057,"Hamilton","Indiana","US",40.0731,-86.0524,"Hamilton, Indiana, US",0,0,2020-02-14,0,0,FALSE,TRUE,"US","USA","US-IN"
84018057,"US","USA",840,18057,"Hamilton","Indiana","US",40.0731,-86.0524,"Hamilton, Indiana, US",0,0,2020-02-15,0,0,FALSE,TRUE,"US","USA","US-IN"
84018057,"US","USA",840,18057,"Hamilton","Indiana","US",40.0731,-86.0524,"Hamilton, Indiana, US",0,0,2020-02-16,0,0,FALSE,TRUE,"US","USA","US-IN"
84018057,"US","USA",840,18057,"Hamilton","Indiana","US",40.0731,-86.0524,"Hamilton, Indiana, US",0,0,2020-02-17,0,0,FALSE,TRUE,"US","USA","US-IN"
84018057,"US","USA",840,18057,"Hamilton","Indiana","US",40.0731,-86.0524,"Hamilton, Indiana, US",0,0,2020-02-18,0,0,FALSE,TRUE,"US","USA","US-IN"
84018057,"US","USA",840,18057,"Hamilton","Indiana","US",40.0731,-86.0524,"Hamilton, Indiana, US",0,0,2020-02-19,0,0,FALSE,TRUE,"US","USA","US-IN"
84018057,"US","USA",840,18057,"Hamilton","Indiana","US",40.0731,-86.0524,"Hamilton, Indiana, US",0,0,2020-02-20,0,0,FALSE,TRUE,"US","USA","US-IN"
84018057,"US","USA",840,18057,"Hamilton","Indiana","US",40.0731,-86.0524,"Hamilton, Indiana, US",0,0,2020-02-21,0,0,FALSE,TRUE,"US","USA","US-IN"
84018057,"US","USA",840,18057,"Hamilton","Indiana","US",40.0731,-86.0524,"Hamilton, Indiana, US",0,0,2020-02-22,0,0,FALSE,TRUE,"US","USA","US-IN"
84018057,"US","USA",840,18057,"Hamilton","Indiana","US",40.0731,-86.0524,"Hamilton, Indiana, US",0,0,2020-02-23,0,0,FALSE,TRUE,"US","USA","US-IN"
84018057,"US","USA",840,18057,"Hamilton","Indiana","US",40.0731,-86.0524,"Hamilton, Indiana, US",0,0,2020-02-24,0,0,FALSE,TRUE,"US","USA","US-IN"
84018057,"US","USA",840,18057,"Hamilton","Indiana","US",40.0731,-86.0524,"Hamilton, Indiana, US",0,0,2020-02-25,0,0,FALSE,TRUE,"US","USA","US-IN"
84018057,"US","USA",840,18057,"Hamilton","Indiana","US",40.0731,-86.0524,"Hamilton, Indiana, US",0,0,2020-02-26,0,0,FALSE,TRUE,"US","USA","US-IN"
84018057,"US","USA",840,18057,"Hamilton","Indiana","US",40.0731,-86.0524,"Hamilton, Indiana, US",0,0,2020-02-27,0,0,FALSE,TRUE,"US","USA","US-IN"
84018057,"US","USA",840,18057,"Hamilton","Indiana","US",40.0731,-86.0524,"Hamilton, Indiana, US",0,0,2020-02-28,0,0,FALSE,TRUE,"US","USA","US-IN"
84018057,"US","USA",840,18057,"Hamilton","Indiana","US",40.0731,-86.0524,"Hamilton, Indiana, US",0,0,2020-02-29,0,0,FALSE,TRUE,"US","USA","US-IN"
84018057,"US","USA",840,18057,"Hamilton","Indiana","US",40.0731,-86.0524,"Hamilton, Indiana, US",0,0,2020-03-01,0,0,FALSE,TRUE,"US","USA","US-IN"
84018057,"US","USA",840,18057,"Hamilton","Indiana","US",40.0731,-86.0524,"Hamilton, Indiana, US",0,0,2020-03-02,0,0,FALSE,TRUE,"US","USA","US-IN"
84018057,"US","USA",840,18057,"Hamilton","Indiana","US",40.0731,-86.0524,"Hamilton, Indiana, US",0,0,2020-03-03,0,0,FALSE,TRUE,"US","USA","US-IN"
84018057,"US","USA",840,18057,"Hamilton","Indiana","US",40.0731,-86.0524,"Hamilton, Indiana, US",0,0,2020-03-04,0,0,FALSE,TRUE,"US","USA","US-IN"
84018057,"US","USA",840,18057,"Hamilton","Indiana","US",40.0731,-86.0524,"Hamilton, Indiana, US",0,0,2020-03-05,0,0,FALSE,TRUE,"US","USA","US-IN"
84018057,"US","USA",840,18057,"Hamilton","Indiana","US",40.0731,-86.0524,"Hamilton, Indiana, US",0,0,2020-03-06,0,0,FALSE,TRUE,"US","USA","US-IN"
84018057,"US","USA",840,18057,"Hamilton","Indiana","US",40.0731,-86.0524,"Hamilton, Indiana, US",0,0,2020-03-07,0,0,FALSE,TRUE,"US","USA","US-IN"
84018057,"US","USA",840,18057,"Hamilton","Indiana","US",40.0731,-86.0524,"Hamilton, Indiana, US",0,0,2020-03-08,0,0,FALSE,TRUE,"US","USA","US-IN"
84018057,"US","USA",840,18057,"Hamilton","Indiana","US",40.0731,-86.0524,"Hamilton, Indiana, US",0,0,2020-03-09,0,0,FALSE,TRUE,"US","USA","US-IN"
84018057,"US","USA",840,18057,"Hamilton","Indiana","US",40.0731,-86.0524,"Hamilton, Indiana, US",0,0,2020-03-10,0,0,FALSE,TRUE,"US","USA","US-IN"
84018057,"US","USA",840,18057,"Hamilton","Indiana","US",40.0731,-86.0524,"Hamilton, Indiana, US",0,0,2020-03-11,0,0,FALSE,TRUE,"US","USA","US-IN"
84018057,"US","USA",840,18057,"Hamilton","Indiana","US",40.0731,-86.0524,"Hamilton, Indiana, US",0,0,2020-03-12,0,0,FALSE,TRUE,"US","USA","US-IN"
84018057,"US","USA",840,18057,"Hamilton","Indiana","US",40.0731,-86.0524,"Hamilton, Indiana, US",0,0,2020-03-13,0,0,FALSE,TRUE,"US","USA","US-IN"
84018057,"US","USA",840,18057,"Hamilton","Indiana","US",40.0731,-86.0524,"Hamilton, Indiana, US",0,0,2020-03-14,0,0,FALSE,TRUE,"US","USA","US-IN"
84018057,"US","USA",840,18057,"Hamilton","Indiana","US",40.0731,-86.0524,"Hamilton, Indiana, US",1,0,2020-03-15,1,0,FALSE,TRUE,"US","USA","US-IN"
84018057,"US","USA",840,18057,"Hamilton","Indiana","US",40.0731,-86.0524,"Hamilton, Indiana, US",1,0,2020-03-16,0,0,FALSE,TRUE,"US","USA","US-IN"
84018057,"US","USA",840,18057,"Hamilton","Indiana","US",40.0731,-86.0524,"Hamilton, Indiana, US",1,0,2020-03-17,0,0,FALSE,TRUE,"US","USA","US-IN"
84018057,"US","USA",840,18057,"Hamilton","Indiana","US",40.0731,-86.0524,"Hamilton, Indiana, US",2,0,2020-03-18,1,0,FALSE,TRUE,"US","USA","US-IN"
84018057,"US","USA",840,18057,"Hamilton","Indiana","US",40.0731,-86.0524,"Hamilton, Indiana, US",2,0,2020-03-19,0,0,FALSE,TRUE,"US","USA","US-IN"
84018057,"US","USA",840,18057,"Hamilton","Indiana","US",40.0731,-86.0524,"Hamilton, Indiana, US",5,0,2020-03-20,3,0,FALSE,TRUE,"US","USA","US-IN"
84018057,"US","USA",840,18057,"Hamilton","Indiana","US",40.0731,-86.0524,"Hamilton, Indiana, US",10,0,2020-03-21,5,0,FALSE,TRUE,"US","USA","US-IN"
84018057,"US","USA",840,18057,"Hamilton","Indiana","US",40.0731,-86.0524,"Hamilton, Indiana, US",18,0,2020-03-22,8,0,FALSE,TRUE,"US","USA","US-IN"
84018057,"US","USA",840,18057,"Hamilton","Indiana","US",40.0731,-86.0524,"Hamilton, Indiana, US",18,0,2020-03-23,0,0,FALSE,TRUE,"US","USA","US-IN"
84018057,"US","USA",840,18057,"Hamilton","Indiana","US",40.0731,-86.0524,"Hamilton, Indiana, US",25,0,2020-03-24,7,0,FALSE,TRUE,"US","USA","US-IN"
84018057,"US","USA",840,18057,"Hamilton","Indiana","US",40.0731,-86.0524,"Hamilton, Indiana, US",30,0,2020-03-25,5,0,FALSE,TRUE,"US","USA","US-IN"
84018057,"US","USA",840,18057,"Hamilton","Indiana","US",40.0731,-86.0524,"Hamilton, Indiana, US",40,0,2020-03-26,10,0,FALSE,TRUE,"US","USA","US-IN"
84018057,"US","USA",840,18057,"Hamilton","Indiana","US",40.0731,-86.0524,"Hamilton, Indiana, US",52,0,2020-03-27,12,0,FALSE,TRUE,"US","USA","US-IN"
84018057,"US","USA",840,18057,"Hamilton","Indiana","US",40.0731,-86.0524,"Hamilton, Indiana, US",64,0,2020-03-28,12,0,FALSE,TRUE,"US","USA","US-IN"
84018057,"US","USA",840,18057,"Hamilton","Indiana","US",40.0731,-86.0524,"Hamilton, Indiana, US",83,0,2020-03-29,19,0,FALSE,TRUE,"US","USA","US-IN"
84018057,"US","USA",840,18057,"Hamilton","Indiana","US",40.0731,-86.0524,"Hamilton, Indiana, US",106,0,2020-03-30,23,0,FALSE,TRUE,"US","USA","US-IN"
84018057,"US","USA",840,18057,"Hamilton","Indiana","US",40.0731,-86.0524,"Hamilton, Indiana, US",127,0,2020-03-31,21,0,FALSE,TRUE,"US","USA","US-IN"
84018057,"US","USA",840,18057,"Hamilton","Indiana","US",40.0731,-86.0524,"Hamilton, Indiana, US",179,4,2020-04-01,52,4,FALSE,TRUE,"US","USA","US-IN"
84018057,"US","USA",840,18057,"Hamilton","Indiana","US",40.0731,-86.0524,"Hamilton, Indiana, US",207,4,2020-04-02,28,0,FALSE,TRUE,"US","USA","US-IN"
84018057,"US","USA",840,18057,"Hamilton","Indiana","US",40.0731,-86.0524,"Hamilton, Indiana, US",220,4,2020-04-03,13,0,FALSE,TRUE,"US","USA","US-IN"
84018057,"US","USA",840,18057,"Hamilton","Indiana","US",40.0731,-86.0524,"Hamilton, Indiana, US",265,4,2020-04-04,45,0,FALSE,TRUE,"US","USA","US-IN"
84018057,"US","USA",840,18057,"Hamilton","Indiana","US",40.0731,-86.0524,"Hamilton, Indiana, US",300,5,2020-04-05,35,1,FALSE,TRUE,"US","USA","US-IN"
84018057,"US","USA",840,18057,"Hamilton","Indiana","US",40.0731,-86.0524,"Hamilton, Indiana, US",335,5,2020-04-06,35,0,FALSE,TRUE,"US","USA","US-IN"
84018057,"US","USA",840,18057,"Hamilton","Indiana","US",40.0731,-86.0524,"Hamilton, Indiana, US",363,10,2020-04-07,28,5,FALSE,TRUE,"US","USA","US-IN"
84018057,"US","USA",840,18057,"Hamilton","Indiana","US",40.0731,-86.0524,"Hamilton, Indiana, US",392,15,2020-04-08,29,5,FALSE,TRUE,"US","USA","US-IN"
84018057,"US","USA",840,18057,"Hamilton","Indiana","US",40.0731,-86.0524,"Hamilton, Indiana, US",395,16,2020-04-09,3,1,FALSE,TRUE,"US","USA","US-IN"
84018057,"US","USA",840,18057,"Hamilton","Indiana","US",40.0731,-86.0524,"Hamilton, Indiana, US",431,19,2020-04-10,36,3,FALSE,TRUE,"US","USA","US-IN"
84018057,"US","USA",840,18057,"Hamilton","Indiana","US",40.0731,-86.0524,"Hamilton, Indiana, US",443,22,2020-04-11,12,3,FALSE,TRUE,"US","USA","US-IN"
84018057,"US","USA",840,18057,"Hamilton","Indiana","US",40.0731,-86.0524,"Hamilton, Indiana, US",478,23,2020-04-12,35,1,FALSE,TRUE,"US","USA","US-IN"
84018057,"US","USA",840,18057,"Hamilton","Indiana","US",40.0731,-86.0524,"Hamilton, Indiana, US",490,24,2020-04-13,12,1,FALSE,TRUE,"US","USA","US-IN"
84018057,"US","USA",840,18057,"Hamilton","Indiana","US",40.0731,-86.0524,"Hamilton, Indiana, US",499,27,2020-04-14,9,3,FALSE,TRUE,"US","USA","US-IN"
84018057,"US","USA",840,18057,"Hamilton","Indiana","US",40.0731,-86.0524,"Hamilton, Indiana, US",510,27,2020-04-15,11,0,FALSE,TRUE,"US","USA","US-IN"
84018057,"US","USA",840,18057,"Hamilton","Indiana","US",40.0731,-86.0524,"Hamilton, Indiana, US",520,29,2020-04-16,10,2,FALSE,TRUE,"US","USA","US-IN"
84018057,"US","USA",840,18057,"Hamilton","Indiana","US",40.0731,-86.0524,"Hamilton, Indiana, US",542,31,2020-04-17,22,2,FALSE,TRUE,"US","USA","US-IN"
84018057,"US","USA",840,18057,"Hamilton","Indiana","US",40.0731,-86.0524,"Hamilton, Indiana, US",563,35,2020-04-18,21,4,FALSE,TRUE,"US","USA","US-IN"
84018057,"US","USA",840,18057,"Hamilton","Indiana","US",40.0731,-86.0524,"Hamilton, Indiana, US",583,35,2020-04-19,20,0,FALSE,TRUE,"US","USA","US-IN"
84018057,"US","USA",840,18057,"Hamilton","Indiana","US",40.0731,-86.0524,"Hamilton, Indiana, US",598,35,2020-04-20,15,0,FALSE,TRUE,"US","USA","US-IN"
84018057,"US","USA",840,18057,"Hamilton","Indiana","US",40.0731,-86.0524,"Hamilton, Indiana, US",615,39,2020-04-21,17,4,FALSE,TRUE,"US","USA","US-IN"
84018057,"US","USA",840,18057,"Hamilton","Indiana","US",40.0731,-86.0524,"Hamilton, Indiana, US",624,41,2020-04-22,9,2,FALSE,TRUE,"US","USA","US-IN"
84018057,"US","USA",840,18057,"Hamilton","Indiana","US",40.0731,-86.0524,"Hamilton, Indiana, US",645,42,2020-04-23,21,1,FALSE,TRUE,"US","USA","US-IN"
84018057,"US","USA",840,18057,"Hamilton","Indiana","US",40.0731,-86.0524,"Hamilton, Indiana, US",670,44,2020-04-24,25,2,FALSE,TRUE,"US","USA","US-IN"
84018057,"US","USA",840,18057,"Hamilton","Indiana","US",40.0731,-86.0524,"Hamilton, Indiana, US",699,50,2020-04-25,29,6,FALSE,TRUE,"US","USA","US-IN"
84018057,"US","USA",840,18057,"Hamilton","Indiana","US",40.0731,-86.0524,"Hamilton, Indiana, US",704,51,2020-04-26,5,1,FALSE,TRUE,"US","USA","US-IN"
84018057,"US","USA",840,18057,"Hamilton","Indiana","US",40.0731,-86.0524,"Hamilton, Indiana, US",720,52,2020-04-27,16,1,FALSE,TRUE,"US","USA","US-IN"
84018057,"US","USA",840,18057,"Hamilton","Indiana","US",40.0731,-86.0524,"Hamilton, Indiana, US",729,58,2020-04-28,9,6,FALSE,TRUE,"US","USA","US-IN"
84018057,"US","USA",840,18057,"Hamilton","Indiana","US",40.0731,-86.0524,"Hamilton, Indiana, US",746,60,2020-04-29,17,2,FALSE,TRUE,"US","USA","US-IN"
84018057,"US","USA",840,18057,"Hamilton","Indiana","US",40.0731,-86.0524,"Hamilton, Indiana, US",755,62,2020-04-30,9,2,FALSE,TRUE,"US","USA","US-IN"
84018057,"US","USA",840,18057,"Hamilton","Indiana","US",40.0731,-86.0524,"Hamilton, Indiana, US",794,67,2020-05-01,39,5,FALSE,TRUE,"US","USA","US-IN"
84018057,"US","USA",840,18057,"Hamilton","Indiana","US",40.0731,-86.0524,"Hamilton, Indiana, US",810,68,2020-05-02,16,1,FALSE,TRUE,"US","USA","US-IN"
84018057,"US","USA",840,18057,"Hamilton","Indiana","US",40.0731,-86.0524,"Hamilton, Indiana, US",824,69,2020-05-03,14,1,FALSE,TRUE,"US","USA","US-IN"
84018057,"US","USA",840,18057,"Hamilton","Indiana","US",40.0731,-86.0524,"Hamilton, Indiana, US",845,72,2020-05-04,21,3,FALSE,TRUE,"US","USA","US-IN"
84018057,"US","USA",840,18057,"Hamilton","Indiana","US",40.0731,-86.0524,"Hamilton, Indiana, US",859,74,2020-05-05,14,2,FALSE,TRUE,"US","USA","US-IN"
84018057,"US","USA",840,18057,"Hamilton","Indiana","US",40.0731,-86.0524,"Hamilton, Indiana, US",882,77,2020-05-06,23,3,FALSE,TRUE,"US","USA","US-IN"
84018057,"US","USA",840,18057,"Hamilton","Indiana","US",40.0731,-86.0524,"Hamilton, Indiana, US",894,78,2020-05-07,12,1,FALSE,TRUE,"US","USA","US-IN"
84018057,"US","USA",840,18057,"Hamilton","Indiana","US",40.0731,-86.0524,"Hamilton, Indiana, US",902,78,2020-05-08,8,0,FALSE,TRUE,"US","USA","US-IN"
84018057,"US","USA",840,18057,"Hamilton","Indiana","US",40.0731,-86.0524,"Hamilton, Indiana, US",920,80,2020-05-09,18,2,FALSE,TRUE,"US","USA","US-IN"
84018057,"US","USA",840,18057,"Hamilton","Indiana","US",40.0731,-86.0524,"Hamilton, Indiana, US",925,80,2020-05-10,5,0,FALSE,TRUE,"US","USA","US-IN"
84018057,"US","USA",840,18057,"Hamilton","Indiana","US",40.0731,-86.0524,"Hamilton, Indiana, US",936,82,2020-05-11,11,2,FALSE,TRUE,"US","USA","US-IN"
84018057,"US","USA",840,18057,"Hamilton","Indiana","US",40.0731,-86.0524,"Hamilton, Indiana, US",956,84,2020-05-12,20,2,FALSE,TRUE,"US","USA","US-IN"
84018057,"US","USA",840,18057,"Hamilton","Indiana","US",40.0731,-86.0524,"Hamilton, Indiana, US",960,84,2020-05-13,4,0,FALSE,TRUE,"US","USA","US-IN"
84018057,"US","USA",840,18057,"Hamilton","Indiana","US",40.0731,-86.0524,"Hamilton, Indiana, US",968,84,2020-05-14,8,0,FALSE,TRUE,"US","USA","US-IN"
84018057,"US","USA",840,18057,"Hamilton","Indiana","US",40.0731,-86.0524,"Hamilton, Indiana, US",977,87,2020-05-15,9,3,FALSE,TRUE,"US","USA","US-IN"
84018057,"US","USA",840,18057,"Hamilton","Indiana","US",40.0731,-86.0524,"Hamilton, Indiana, US",1001,90,2020-05-16,24,3,FALSE,TRUE,"US","USA","US-IN"
84018057,"US","USA",840,18057,"Hamilton","Indiana","US",40.0731,-86.0524,"Hamilton, Indiana, US",1021,90,2020-05-17,20,0,FALSE,TRUE,"US","USA","US-IN"
84018057,"US","USA",840,18057,"Hamilton","Indiana","US",40.0731,-86.0524,"Hamilton, Indiana, US",1033,90,2020-05-18,12,0,FALSE,TRUE,"US","USA","US-IN"
84018057,"US","USA",840,18057,"Hamilton","Indiana","US",40.0731,-86.0524,"Hamilton, Indiana, US",1042,92,2020-05-19,9,2,FALSE,TRUE,"US","USA","US-IN"
84018057,"US","USA",840,18057,"Hamilton","Indiana","US",40.0731,-86.0524,"Hamilton, Indiana, US",1054,91,2020-05-20,12,-1,FALSE,TRUE,"US","USA","US-IN"
84018057,"US","USA",840,18057,"Hamilton","Indiana","US",40.0731,-86.0524,"Hamilton, Indiana, US",1071,91,2020-05-21,17,0,FALSE,TRUE,"US","USA","US-IN"
84018057,"US","USA",840,18057,"Hamilton","Indiana","US",40.0731,-86.0524,"Hamilton, Indiana, US",1084,91,2020-05-22,13,0,FALSE,TRUE,"US","USA","US-IN"
84018057,"US","USA",840,18057,"Hamilton","Indiana","US",40.0731,-86.0524,"Hamilton, Indiana, US",1092,91,2020-05-23,8,0,FALSE,TRUE,"US","USA","US-IN"
84018057,"US","USA",840,18057,"Hamilton","Indiana","US",40.0731,-86.0524,"Hamilton, Indiana, US",1096,91,2020-05-24,4,0,FALSE,TRUE,"US","USA","US-IN"
84018057,"US","USA",840,18057,"Hamilton","Indiana","US",40.0731,-86.0524,"Hamilton, Indiana, US",1099,92,2020-05-25,3,1,FALSE,TRUE,"US","USA","US-IN"
84018057,"US","USA",840,18057,"Hamilton","Indiana","US",40.0731,-86.0524,"Hamilton, Indiana, US",1115,92,2020-05-26,16,0,FALSE,TRUE,"US","USA","US-IN"
84018057,"US","USA",840,18057,"Hamilton","Indiana","US",40.0731,-86.0524,"Hamilton, Indiana, US",1123,91,2020-05-27,8,-1,FALSE,TRUE,"US","USA","US-IN"
84018057,"US","USA",840,18057,"Hamilton","Indiana","US",40.0731,-86.0524,"Hamilton, Indiana, US",1132,92,2020-05-28,9,1,FALSE,TRUE,"US","USA","US-IN"
84018057,"US","USA",840,18057,"Hamilton","Indiana","US",40.0731,-86.0524,"Hamilton, Indiana, US",1156,93,2020-05-29,24,1,FALSE,TRUE,"US","USA","US-IN"
84018057,"US","USA",840,18057,"Hamilton","Indiana","US",40.0731,-86.0524,"Hamilton, Indiana, US",1154,93,2020-05-30,-2,0,FALSE,TRUE,"US","USA","US-IN"
84018057,"US","USA",840,18057,"Hamilton","Indiana","US",40.0731,-86.0524,"Hamilton, Indiana, US",1159,93,2020-05-31,5,0,FALSE,TRUE,"US","USA","US-IN"
84018057,"US","USA",840,18057,"Hamilton","Indiana","US",40.0731,-86.0524,"Hamilton, Indiana, US",1162,93,2020-06-01,3,0,FALSE,TRUE,"US","USA","US-IN"
84018057,"US","USA",840,18057,"Hamilton","Indiana","US",40.0731,-86.0524,"Hamilton, Indiana, US",1170,93,2020-06-02,8,0,FALSE,TRUE,"US","USA","US-IN"
84018057,"US","USA",840,18057,"Hamilton","Indiana","US",40.0731,-86.0524,"Hamilton, Indiana, US",1180,94,2020-06-03,10,1,FALSE,TRUE,"US","USA","US-IN"
84018057,"US","USA",840,18057,"Hamilton","Indiana","US",40.0731,-86.0524,"Hamilton, Indiana, US",1183,94,2020-06-04,3,0,FALSE,TRUE,"US","USA","US-IN"
84018057,"US","USA",840,18057,"Hamilton","Indiana","US",40.0731,-86.0524,"Hamilton, Indiana, US",1191,94,2020-06-05,8,0,FALSE,TRUE,"US","USA","US-IN"
84018057,"US","USA",840,18057,"Hamilton","Indiana","US",40.0731,-86.0524,"Hamilton, Indiana, US",1203,94,2020-06-06,12,0,FALSE,TRUE,"US","USA","US-IN"
84018057,"US","USA",840,18057,"Hamilton","Indiana","US",40.0731,-86.0524,"Hamilton, Indiana, US",1205,94,2020-06-07,2,0,FALSE,TRUE,"US","USA","US-IN"
84018057,"US","USA",840,18057,"Hamilton","Indiana","US",40.0731,-86.0524,"Hamilton, Indiana, US",1209,94,2020-06-08,4,0,FALSE,TRUE,"US","USA","US-IN"
84018057,"US","USA",840,18057,"Hamilton","Indiana","US",40.0731,-86.0524,"Hamilton, Indiana, US",1221,94,2020-06-09,12,0,FALSE,TRUE,"US","USA","US-IN"
84018057,"US","USA",840,18057,"Hamilton","Indiana","US",40.0731,-86.0524,"Hamilton, Indiana, US",1242,95,2020-06-10,21,1,FALSE,TRUE,"US","USA","US-IN"
84018057,"US","USA",840,18057,"Hamilton","Indiana","US",40.0731,-86.0524,"Hamilton, Indiana, US",1245,95,2020-06-11,3,0,FALSE,TRUE,"US","USA","US-IN"
84018057,"US","USA",840,18057,"Hamilton","Indiana","US",40.0731,-86.0524,"Hamilton, Indiana, US",1250,96,2020-06-12,5,1,FALSE,TRUE,"US","USA","US-IN"
84018057,"US","USA",840,18057,"Hamilton","Indiana","US",40.0731,-86.0524,"Hamilton, Indiana, US",1257,96,2020-06-13,7,0,FALSE,TRUE,"US","USA","US-IN"
84018057,"US","USA",840,18057,"Hamilton","Indiana","US",40.0731,-86.0524,"Hamilton, Indiana, US",1277,96,2020-06-14,20,0,FALSE,TRUE,"US","USA","US-IN"
84018057,"US","USA",840,18057,"Hamilton","Indiana","US",40.0731,-86.0524,"Hamilton, Indiana, US",1357,96,2020-06-15,80,0,FALSE,TRUE,"US","USA","US-IN"
84018057,"US","USA",840,18057,"Hamilton","Indiana","US",40.0731,-86.0524,"Hamilton, Indiana, US",1368,96,2020-06-16,11,0,FALSE,TRUE,"US","USA","US-IN"
84018057,"US","USA",840,18057,"Hamilton","Indiana","US",40.0731,-86.0524,"Hamilton, Indiana, US",1371,96,2020-06-17,3,0,FALSE,TRUE,"US","USA","US-IN"
84018057,"US","USA",840,18057,"Hamilton","Indiana","US",40.0731,-86.0524,"Hamilton, Indiana, US",1349,96,2020-06-18,-22,0,FALSE,TRUE,"US","USA","US-IN"
84018057,"US","USA",840,18057,"Hamilton","Indiana","US",40.0731,-86.0524,"Hamilton, Indiana, US",1359,96,2020-06-19,10,0,FALSE,TRUE,"US","USA","US-IN"
84018057,"US","USA",840,18057,"Hamilton","Indiana","US",40.0731,-86.0524,"Hamilton, Indiana, US",1365,97,2020-06-20,6,1,FALSE,TRUE,"US","USA","US-IN"
84018057,"US","USA",840,18057,"Hamilton","Indiana","US",40.0731,-86.0524,"Hamilton, Indiana, US",1369,97,2020-06-21,4,0,FALSE,TRUE,"US","USA","US-IN"
84018057,"US","USA",840,18057,"Hamilton","Indiana","US",40.0731,-86.0524,"Hamilton, Indiana, US",1374,97,2020-06-22,5,0,FALSE,TRUE,"US","USA","US-IN"
84018057,"US","USA",840,18057,"Hamilton","Indiana","US",40.0731,-86.0524,"Hamilton, Indiana, US",1393,97,2020-06-23,19,0,FALSE,TRUE,"US","USA","US-IN"
84018057,"US","USA",840,18057,"Hamilton","Indiana","US",40.0731,-86.0524,"Hamilton, Indiana, US",1398,97,2020-06-24,5,0,FALSE,TRUE,"US","USA","US-IN"
84018057,"US","USA",840,18057,"Hamilton","Indiana","US",40.0731,-86.0524,"Hamilton, Indiana, US",1411,97,2020-06-25,13,0,FALSE,TRUE,"US","USA","US-IN"
