"UID","iso2","iso3","code3","FIPS","Admin2","Province.State","Country.Region","Lat","Long","Combined_Key","confirmed","deaths","date","confirmed_new","deaths_new","hasErrors","hasParent","country_code","country_code3","territory_code"
84018113,"US","USA",840,18113,"Noble","Indiana","US",41.3967,-85.4197,"Noble, Indiana, US",0,0,2020-01-22,0,0,FALSE,TRUE,"US","USA","US-IN"
84018113,"US","USA",840,18113,"Noble","Indiana","US",41.3967,-85.4197,"Noble, Indiana, US",0,0,2020-01-23,0,0,FALSE,TRUE,"US","USA","US-IN"
84018113,"US","USA",840,18113,"Noble","Indiana","US",41.3967,-85.4197,"Noble, Indiana, US",0,0,2020-01-24,0,0,FALSE,TRUE,"US","USA","US-IN"
84018113,"US","USA",840,18113,"Noble","Indiana","US",41.3967,-85.4197,"Noble, Indiana, US",0,0,2020-01-25,0,0,FALSE,TRUE,"US","USA","US-IN"
84018113,"US","USA",840,18113,"Noble","Indiana","US",41.3967,-85.4197,"Noble, Indiana, US",0,0,2020-01-26,0,0,FALSE,TRUE,"US","USA","US-IN"
84018113,"US","USA",840,18113,"Noble","Indiana","US",41.3967,-85.4197,"Noble, Indiana, US",0,0,2020-01-27,0,0,FALSE,TRUE,"US","USA","US-IN"
84018113,"US","USA",840,18113,"Noble","Indiana","US",41.3967,-85.4197,"Noble, Indiana, US",0,0,2020-01-28,0,0,FALSE,TRUE,"US","USA","US-IN"
84018113,"US","USA",840,18113,"Noble","Indiana","US",41.3967,-85.4197,"Noble, Indiana, US",0,0,2020-01-29,0,0,FALSE,TRUE,"US","USA","US-IN"
84018113,"US","USA",840,18113,"Noble","Indiana","US",41.3967,-85.4197,"Noble, Indiana, US",0,0,2020-01-30,0,0,FALSE,TRUE,"US","USA","US-IN"
84018113,"US","USA",840,18113,"Noble","Indiana","US",41.3967,-85.4197,"Noble, Indiana, US",0,0,2020-01-31,0,0,FALSE,TRUE,"US","USA","US-IN"
84018113,"US","USA",840,18113,"Noble","Indiana","US",41.3967,-85.4197,"Noble, Indiana, US",0,0,2020-02-01,0,0,FALSE,TRUE,"US","USA","US-IN"
84018113,"US","USA",840,18113,"Noble","Indiana","US",41.3967,-85.4197,"Noble, Indiana, US",0,0,2020-02-02,0,0,FALSE,TRUE,"US","USA","US-IN"
84018113,"US","USA",840,18113,"Noble","Indiana","US",41.3967,-85.4197,"Noble, Indiana, US",0,0,2020-02-03,0,0,FALSE,TRUE,"US","USA","US-IN"
84018113,"US","USA",840,18113,"Noble","Indiana","US",41.3967,-85.4197,"Noble, Indiana, US",0,0,2020-02-04,0,0,FALSE,TRUE,"US","USA","US-IN"
84018113,"US","USA",840,18113,"Noble","Indiana","US",41.3967,-85.4197,"Noble, Indiana, US",0,0,2020-02-05,0,0,FALSE,TRUE,"US","USA","US-IN"
84018113,"US","USA",840,18113,"Noble","Indiana","US",41.3967,-85.4197,"Noble, Indiana, US",0,0,2020-02-06,0,0,FALSE,TRUE,"US","USA","US-IN"
84018113,"US","USA",840,18113,"Noble","Indiana","US",41.3967,-85.4197,"Noble, Indiana, US",0,0,2020-02-07,0,0,FALSE,TRUE,"US","USA","US-IN"
84018113,"US","USA",840,18113,"Noble","Indiana","US",41.3967,-85.4197,"Noble, Indiana, US",0,0,2020-02-08,0,0,FALSE,TRUE,"US","USA","US-IN"
84018113,"US","USA",840,18113,"Noble","Indiana","US",41.3967,-85.4197,"Noble, Indiana, US",0,0,2020-02-09,0,0,FALSE,TRUE,"US","USA","US-IN"
84018113,"US","USA",840,18113,"Noble","Indiana","US",41.3967,-85.4197,"Noble, Indiana, US",0,0,2020-02-10,0,0,FALSE,TRUE,"US","USA","US-IN"
84018113,"US","USA",840,18113,"Noble","Indiana","US",41.3967,-85.4197,"Noble, Indiana, US",0,0,2020-02-11,0,0,FALSE,TRUE,"US","USA","US-IN"
84018113,"US","USA",840,18113,"Noble","Indiana","US",41.3967,-85.4197,"Noble, Indiana, US",0,0,2020-02-12,0,0,FALSE,TRUE,"US","USA","US-IN"
84018113,"US","USA",840,18113,"Noble","Indiana","US",41.3967,-85.4197,"Noble, Indiana, US",0,0,2020-02-13,0,0,FALSE,TRUE,"US","USA","US-IN"
84018113,"US","USA",840,18113,"Noble","Indiana","US",41.3967,-85.4197,"Noble, Indiana, US",0,0,2020-02-14,0,0,FALSE,TRUE,"US","USA","US-IN"
84018113,"US","USA",840,18113,"Noble","Indiana","US",41.3967,-85.4197,"Noble, Indiana, US",0,0,2020-02-15,0,0,FALSE,TRUE,"US","USA","US-IN"
84018113,"US","USA",840,18113,"Noble","Indiana","US",41.3967,-85.4197,"Noble, Indiana, US",0,0,2020-02-16,0,0,FALSE,TRUE,"US","USA","US-IN"
84018113,"US","USA",840,18113,"Noble","Indiana","US",41.3967,-85.4197,"Noble, Indiana, US",0,0,2020-02-17,0,0,FALSE,TRUE,"US","USA","US-IN"
84018113,"US","USA",840,18113,"Noble","Indiana","US",41.3967,-85.4197,"Noble, Indiana, US",0,0,2020-02-18,0,0,FALSE,TRUE,"US","USA","US-IN"
84018113,"US","USA",840,18113,"Noble","Indiana","US",41.3967,-85.4197,"Noble, Indiana, US",0,0,2020-02-19,0,0,FALSE,TRUE,"US","USA","US-IN"
84018113,"US","USA",840,18113,"Noble","Indiana","US",41.3967,-85.4197,"Noble, Indiana, US",0,0,2020-02-20,0,0,FALSE,TRUE,"US","USA","US-IN"
84018113,"US","USA",840,18113,"Noble","Indiana","US",41.3967,-85.4197,"Noble, Indiana, US",0,0,2020-02-21,0,0,FALSE,TRUE,"US","USA","US-IN"
84018113,"US","USA",840,18113,"Noble","Indiana","US",41.3967,-85.4197,"Noble, Indiana, US",0,0,2020-02-22,0,0,FALSE,TRUE,"US","USA","US-IN"
84018113,"US","USA",840,18113,"Noble","Indiana","US",41.3967,-85.4197,"Noble, Indiana, US",0,0,2020-02-23,0,0,FALSE,TRUE,"US","USA","US-IN"
84018113,"US","USA",840,18113,"Noble","Indiana","US",41.3967,-85.4197,"Noble, Indiana, US",0,0,2020-02-24,0,0,FALSE,TRUE,"US","USA","US-IN"
84018113,"US","USA",840,18113,"Noble","Indiana","US",41.3967,-85.4197,"Noble, Indiana, US",0,0,2020-02-25,0,0,FALSE,TRUE,"US","USA","US-IN"
84018113,"US","USA",840,18113,"Noble","Indiana","US",41.3967,-85.4197,"Noble, Indiana, US",0,0,2020-02-26,0,0,FALSE,TRUE,"US","USA","US-IN"
84018113,"US","USA",840,18113,"Noble","Indiana","US",41.3967,-85.4197,"Noble, Indiana, US",0,0,2020-02-27,0,0,FALSE,TRUE,"US","USA","US-IN"
84018113,"US","USA",840,18113,"Noble","Indiana","US",41.3967,-85.4197,"Noble, Indiana, US",0,0,2020-02-28,0,0,FALSE,TRUE,"US","USA","US-IN"
84018113,"US","USA",840,18113,"Noble","Indiana","US",41.3967,-85.4197,"Noble, Indiana, US",0,0,2020-02-29,0,0,FALSE,TRUE,"US","USA","US-IN"
84018113,"US","USA",840,18113,"Noble","Indiana","US",41.3967,-85.4197,"Noble, Indiana, US",0,0,2020-03-01,0,0,FALSE,TRUE,"US","USA","US-IN"
84018113,"US","USA",840,18113,"Noble","Indiana","US",41.3967,-85.4197,"Noble, Indiana, US",0,0,2020-03-02,0,0,FALSE,TRUE,"US","USA","US-IN"
84018113,"US","USA",840,18113,"Noble","Indiana","US",41.3967,-85.4197,"Noble, Indiana, US",0,0,2020-03-03,0,0,FALSE,TRUE,"US","USA","US-IN"
84018113,"US","USA",840,18113,"Noble","Indiana","US",41.3967,-85.4197,"Noble, Indiana, US",0,0,2020-03-04,0,0,FALSE,TRUE,"US","USA","US-IN"
84018113,"US","USA",840,18113,"Noble","Indiana","US",41.3967,-85.4197,"Noble, Indiana, US",0,0,2020-03-05,0,0,FALSE,TRUE,"US","USA","US-IN"
84018113,"US","USA",840,18113,"Noble","Indiana","US",41.3967,-85.4197,"Noble, Indiana, US",0,0,2020-03-06,0,0,FALSE,TRUE,"US","USA","US-IN"
84018113,"US","USA",840,18113,"Noble","Indiana","US",41.3967,-85.4197,"Noble, Indiana, US",0,0,2020-03-07,0,0,FALSE,TRUE,"US","USA","US-IN"
84018113,"US","USA",840,18113,"Noble","Indiana","US",41.3967,-85.4197,"Noble, Indiana, US",0,0,2020-03-08,0,0,FALSE,TRUE,"US","USA","US-IN"
84018113,"US","USA",840,18113,"Noble","Indiana","US",41.3967,-85.4197,"Noble, Indiana, US",0,0,2020-03-09,0,0,FALSE,TRUE,"US","USA","US-IN"
84018113,"US","USA",840,18113,"Noble","Indiana","US",41.3967,-85.4197,"Noble, Indiana, US",1,0,2020-03-10,1,0,FALSE,TRUE,"US","USA","US-IN"
84018113,"US","USA",840,18113,"Noble","Indiana","US",41.3967,-85.4197,"Noble, Indiana, US",1,0,2020-03-11,0,0,FALSE,TRUE,"US","USA","US-IN"
84018113,"US","USA",840,18113,"Noble","Indiana","US",41.3967,-85.4197,"Noble, Indiana, US",1,0,2020-03-12,0,0,FALSE,TRUE,"US","USA","US-IN"
84018113,"US","USA",840,18113,"Noble","Indiana","US",41.3967,-85.4197,"Noble, Indiana, US",1,0,2020-03-13,0,0,FALSE,TRUE,"US","USA","US-IN"
84018113,"US","USA",840,18113,"Noble","Indiana","US",41.3967,-85.4197,"Noble, Indiana, US",1,0,2020-03-14,0,0,FALSE,TRUE,"US","USA","US-IN"
84018113,"US","USA",840,18113,"Noble","Indiana","US",41.3967,-85.4197,"Noble, Indiana, US",1,0,2020-03-15,0,0,FALSE,TRUE,"US","USA","US-IN"
84018113,"US","USA",840,18113,"Noble","Indiana","US",41.3967,-85.4197,"Noble, Indiana, US",1,0,2020-03-16,0,0,FALSE,TRUE,"US","USA","US-IN"
84018113,"US","USA",840,18113,"Noble","Indiana","US",41.3967,-85.4197,"Noble, Indiana, US",1,0,2020-03-17,0,0,FALSE,TRUE,"US","USA","US-IN"
84018113,"US","USA",840,18113,"Noble","Indiana","US",41.3967,-85.4197,"Noble, Indiana, US",1,0,2020-03-18,0,0,FALSE,TRUE,"US","USA","US-IN"
84018113,"US","USA",840,18113,"Noble","Indiana","US",41.3967,-85.4197,"Noble, Indiana, US",1,0,2020-03-19,0,0,FALSE,TRUE,"US","USA","US-IN"
84018113,"US","USA",840,18113,"Noble","Indiana","US",41.3967,-85.4197,"Noble, Indiana, US",1,0,2020-03-20,0,0,FALSE,TRUE,"US","USA","US-IN"
84018113,"US","USA",840,18113,"Noble","Indiana","US",41.3967,-85.4197,"Noble, Indiana, US",1,0,2020-03-21,0,0,FALSE,TRUE,"US","USA","US-IN"
84018113,"US","USA",840,18113,"Noble","Indiana","US",41.3967,-85.4197,"Noble, Indiana, US",1,0,2020-03-22,0,0,FALSE,TRUE,"US","USA","US-IN"
84018113,"US","USA",840,18113,"Noble","Indiana","US",41.3967,-85.4197,"Noble, Indiana, US",1,0,2020-03-23,0,0,FALSE,TRUE,"US","USA","US-IN"
84018113,"US","USA",840,18113,"Noble","Indiana","US",41.3967,-85.4197,"Noble, Indiana, US",1,0,2020-03-24,0,0,FALSE,TRUE,"US","USA","US-IN"
84018113,"US","USA",840,18113,"Noble","Indiana","US",41.3967,-85.4197,"Noble, Indiana, US",1,0,2020-03-25,0,0,FALSE,TRUE,"US","USA","US-IN"
84018113,"US","USA",840,18113,"Noble","Indiana","US",41.3967,-85.4197,"Noble, Indiana, US",1,0,2020-03-26,0,0,FALSE,TRUE,"US","USA","US-IN"
84018113,"US","USA",840,18113,"Noble","Indiana","US",41.3967,-85.4197,"Noble, Indiana, US",1,0,2020-03-27,0,0,FALSE,TRUE,"US","USA","US-IN"
84018113,"US","USA",840,18113,"Noble","Indiana","US",41.3967,-85.4197,"Noble, Indiana, US",2,0,2020-03-28,1,0,FALSE,TRUE,"US","USA","US-IN"
84018113,"US","USA",840,18113,"Noble","Indiana","US",41.3967,-85.4197,"Noble, Indiana, US",2,0,2020-03-29,0,0,FALSE,TRUE,"US","USA","US-IN"
84018113,"US","USA",840,18113,"Noble","Indiana","US",41.3967,-85.4197,"Noble, Indiana, US",2,0,2020-03-30,0,0,FALSE,TRUE,"US","USA","US-IN"
84018113,"US","USA",840,18113,"Noble","Indiana","US",41.3967,-85.4197,"Noble, Indiana, US",2,0,2020-03-31,0,0,FALSE,TRUE,"US","USA","US-IN"
84018113,"US","USA",840,18113,"Noble","Indiana","US",41.3967,-85.4197,"Noble, Indiana, US",3,0,2020-04-01,1,0,FALSE,TRUE,"US","USA","US-IN"
84018113,"US","USA",840,18113,"Noble","Indiana","US",41.3967,-85.4197,"Noble, Indiana, US",3,0,2020-04-02,0,0,FALSE,TRUE,"US","USA","US-IN"
84018113,"US","USA",840,18113,"Noble","Indiana","US",41.3967,-85.4197,"Noble, Indiana, US",5,0,2020-04-03,2,0,FALSE,TRUE,"US","USA","US-IN"
84018113,"US","USA",840,18113,"Noble","Indiana","US",41.3967,-85.4197,"Noble, Indiana, US",9,0,2020-04-04,4,0,FALSE,TRUE,"US","USA","US-IN"
84018113,"US","USA",840,18113,"Noble","Indiana","US",41.3967,-85.4197,"Noble, Indiana, US",11,1,2020-04-05,2,1,FALSE,TRUE,"US","USA","US-IN"
84018113,"US","USA",840,18113,"Noble","Indiana","US",41.3967,-85.4197,"Noble, Indiana, US",11,1,2020-04-06,0,0,FALSE,TRUE,"US","USA","US-IN"
84018113,"US","USA",840,18113,"Noble","Indiana","US",41.3967,-85.4197,"Noble, Indiana, US",11,1,2020-04-07,0,0,FALSE,TRUE,"US","USA","US-IN"
84018113,"US","USA",840,18113,"Noble","Indiana","US",41.3967,-85.4197,"Noble, Indiana, US",11,1,2020-04-08,0,0,FALSE,TRUE,"US","USA","US-IN"
84018113,"US","USA",840,18113,"Noble","Indiana","US",41.3967,-85.4197,"Noble, Indiana, US",13,1,2020-04-09,2,0,FALSE,TRUE,"US","USA","US-IN"
84018113,"US","USA",840,18113,"Noble","Indiana","US",41.3967,-85.4197,"Noble, Indiana, US",14,1,2020-04-10,1,0,FALSE,TRUE,"US","USA","US-IN"
84018113,"US","USA",840,18113,"Noble","Indiana","US",41.3967,-85.4197,"Noble, Indiana, US",14,1,2020-04-11,0,0,FALSE,TRUE,"US","USA","US-IN"
84018113,"US","USA",840,18113,"Noble","Indiana","US",41.3967,-85.4197,"Noble, Indiana, US",14,1,2020-04-12,0,0,FALSE,TRUE,"US","USA","US-IN"
84018113,"US","USA",840,18113,"Noble","Indiana","US",41.3967,-85.4197,"Noble, Indiana, US",15,1,2020-04-13,1,0,FALSE,TRUE,"US","USA","US-IN"
84018113,"US","USA",840,18113,"Noble","Indiana","US",41.3967,-85.4197,"Noble, Indiana, US",17,1,2020-04-14,2,0,FALSE,TRUE,"US","USA","US-IN"
84018113,"US","USA",840,18113,"Noble","Indiana","US",41.3967,-85.4197,"Noble, Indiana, US",25,1,2020-04-15,8,0,FALSE,TRUE,"US","USA","US-IN"
84018113,"US","USA",840,18113,"Noble","Indiana","US",41.3967,-85.4197,"Noble, Indiana, US",27,1,2020-04-16,2,0,FALSE,TRUE,"US","USA","US-IN"
84018113,"US","USA",840,18113,"Noble","Indiana","US",41.3967,-85.4197,"Noble, Indiana, US",29,1,2020-04-17,2,0,FALSE,TRUE,"US","USA","US-IN"
84018113,"US","USA",840,18113,"Noble","Indiana","US",41.3967,-85.4197,"Noble, Indiana, US",34,2,2020-04-18,5,1,FALSE,TRUE,"US","USA","US-IN"
84018113,"US","USA",840,18113,"Noble","Indiana","US",41.3967,-85.4197,"Noble, Indiana, US",36,3,2020-04-19,2,1,FALSE,TRUE,"US","USA","US-IN"
84018113,"US","USA",840,18113,"Noble","Indiana","US",41.3967,-85.4197,"Noble, Indiana, US",38,4,2020-04-20,2,1,FALSE,TRUE,"US","USA","US-IN"
84018113,"US","USA",840,18113,"Noble","Indiana","US",41.3967,-85.4197,"Noble, Indiana, US",40,4,2020-04-21,2,0,FALSE,TRUE,"US","USA","US-IN"
84018113,"US","USA",840,18113,"Noble","Indiana","US",41.3967,-85.4197,"Noble, Indiana, US",45,4,2020-04-22,5,0,FALSE,TRUE,"US","USA","US-IN"
84018113,"US","USA",840,18113,"Noble","Indiana","US",41.3967,-85.4197,"Noble, Indiana, US",47,4,2020-04-23,2,0,FALSE,TRUE,"US","USA","US-IN"
84018113,"US","USA",840,18113,"Noble","Indiana","US",41.3967,-85.4197,"Noble, Indiana, US",51,4,2020-04-24,4,0,FALSE,TRUE,"US","USA","US-IN"
84018113,"US","USA",840,18113,"Noble","Indiana","US",41.3967,-85.4197,"Noble, Indiana, US",51,5,2020-04-25,0,1,FALSE,TRUE,"US","USA","US-IN"
84018113,"US","USA",840,18113,"Noble","Indiana","US",41.3967,-85.4197,"Noble, Indiana, US",54,7,2020-04-26,3,2,FALSE,TRUE,"US","USA","US-IN"
84018113,"US","USA",840,18113,"Noble","Indiana","US",41.3967,-85.4197,"Noble, Indiana, US",56,7,2020-04-27,2,0,FALSE,TRUE,"US","USA","US-IN"
84018113,"US","USA",840,18113,"Noble","Indiana","US",41.3967,-85.4197,"Noble, Indiana, US",58,9,2020-04-28,2,2,FALSE,TRUE,"US","USA","US-IN"
84018113,"US","USA",840,18113,"Noble","Indiana","US",41.3967,-85.4197,"Noble, Indiana, US",68,11,2020-04-29,10,2,FALSE,TRUE,"US","USA","US-IN"
84018113,"US","USA",840,18113,"Noble","Indiana","US",41.3967,-85.4197,"Noble, Indiana, US",69,12,2020-04-30,1,1,FALSE,TRUE,"US","USA","US-IN"
84018113,"US","USA",840,18113,"Noble","Indiana","US",41.3967,-85.4197,"Noble, Indiana, US",71,12,2020-05-01,2,0,FALSE,TRUE,"US","USA","US-IN"
84018113,"US","USA",840,18113,"Noble","Indiana","US",41.3967,-85.4197,"Noble, Indiana, US",84,14,2020-05-02,13,2,FALSE,TRUE,"US","USA","US-IN"
84018113,"US","USA",840,18113,"Noble","Indiana","US",41.3967,-85.4197,"Noble, Indiana, US",83,14,2020-05-03,-1,0,FALSE,TRUE,"US","USA","US-IN"
84018113,"US","USA",840,18113,"Noble","Indiana","US",41.3967,-85.4197,"Noble, Indiana, US",86,14,2020-05-04,3,0,FALSE,TRUE,"US","USA","US-IN"
84018113,"US","USA",840,18113,"Noble","Indiana","US",41.3967,-85.4197,"Noble, Indiana, US",122,14,2020-05-05,36,0,FALSE,TRUE,"US","USA","US-IN"
84018113,"US","USA",840,18113,"Noble","Indiana","US",41.3967,-85.4197,"Noble, Indiana, US",123,14,2020-05-06,1,0,FALSE,TRUE,"US","USA","US-IN"
84018113,"US","USA",840,18113,"Noble","Indiana","US",41.3967,-85.4197,"Noble, Indiana, US",124,14,2020-05-07,1,0,FALSE,TRUE,"US","USA","US-IN"
84018113,"US","USA",840,18113,"Noble","Indiana","US",41.3967,-85.4197,"Noble, Indiana, US",127,14,2020-05-08,3,0,FALSE,TRUE,"US","USA","US-IN"
84018113,"US","USA",840,18113,"Noble","Indiana","US",41.3967,-85.4197,"Noble, Indiana, US",128,14,2020-05-09,1,0,FALSE,TRUE,"US","USA","US-IN"
84018113,"US","USA",840,18113,"Noble","Indiana","US",41.3967,-85.4197,"Noble, Indiana, US",132,15,2020-05-10,4,1,FALSE,TRUE,"US","USA","US-IN"
84018113,"US","USA",840,18113,"Noble","Indiana","US",41.3967,-85.4197,"Noble, Indiana, US",135,15,2020-05-11,3,0,FALSE,TRUE,"US","USA","US-IN"
84018113,"US","USA",840,18113,"Noble","Indiana","US",41.3967,-85.4197,"Noble, Indiana, US",136,16,2020-05-12,1,1,FALSE,TRUE,"US","USA","US-IN"
84018113,"US","USA",840,18113,"Noble","Indiana","US",41.3967,-85.4197,"Noble, Indiana, US",142,17,2020-05-13,6,1,FALSE,TRUE,"US","USA","US-IN"
84018113,"US","USA",840,18113,"Noble","Indiana","US",41.3967,-85.4197,"Noble, Indiana, US",144,17,2020-05-14,2,0,FALSE,TRUE,"US","USA","US-IN"
84018113,"US","USA",840,18113,"Noble","Indiana","US",41.3967,-85.4197,"Noble, Indiana, US",147,19,2020-05-15,3,2,FALSE,TRUE,"US","USA","US-IN"
84018113,"US","USA",840,18113,"Noble","Indiana","US",41.3967,-85.4197,"Noble, Indiana, US",148,20,2020-05-16,1,1,FALSE,TRUE,"US","USA","US-IN"
84018113,"US","USA",840,18113,"Noble","Indiana","US",41.3967,-85.4197,"Noble, Indiana, US",152,20,2020-05-17,4,0,FALSE,TRUE,"US","USA","US-IN"
84018113,"US","USA",840,18113,"Noble","Indiana","US",41.3967,-85.4197,"Noble, Indiana, US",152,20,2020-05-18,0,0,FALSE,TRUE,"US","USA","US-IN"
84018113,"US","USA",840,18113,"Noble","Indiana","US",41.3967,-85.4197,"Noble, Indiana, US",152,20,2020-05-19,0,0,FALSE,TRUE,"US","USA","US-IN"
84018113,"US","USA",840,18113,"Noble","Indiana","US",41.3967,-85.4197,"Noble, Indiana, US",155,20,2020-05-20,3,0,FALSE,TRUE,"US","USA","US-IN"
84018113,"US","USA",840,18113,"Noble","Indiana","US",41.3967,-85.4197,"Noble, Indiana, US",161,20,2020-05-21,6,0,FALSE,TRUE,"US","USA","US-IN"
84018113,"US","USA",840,18113,"Noble","Indiana","US",41.3967,-85.4197,"Noble, Indiana, US",167,20,2020-05-22,6,0,FALSE,TRUE,"US","USA","US-IN"
84018113,"US","USA",840,18113,"Noble","Indiana","US",41.3967,-85.4197,"Noble, Indiana, US",174,20,2020-05-23,7,0,FALSE,TRUE,"US","USA","US-IN"
84018113,"US","USA",840,18113,"Noble","Indiana","US",41.3967,-85.4197,"Noble, Indiana, US",181,20,2020-05-24,7,0,FALSE,TRUE,"US","USA","US-IN"
