"UID","iso2","iso3","code3","FIPS","Admin2","Province.State","Country.Region","Lat","Long","Combined_Key","confirmed","deaths","date","confirmed_new","deaths_new","hasErrors","hasParent","country_code","country_code3","territory_code"
84019179,"US","USA",840,19179,"Wapello","Iowa","US",41.0306,-92.4095,"Wapello, Iowa, US",0,0,2020-01-22,0,0,FALSE,TRUE,"US","USA","US-IA"
84019179,"US","USA",840,19179,"Wapello","Iowa","US",41.0306,-92.4095,"Wapello, Iowa, US",0,0,2020-01-23,0,0,FALSE,TRUE,"US","USA","US-IA"
84019179,"US","USA",840,19179,"Wapello","Iowa","US",41.0306,-92.4095,"Wapello, Iowa, US",0,0,2020-01-24,0,0,FALSE,TRUE,"US","USA","US-IA"
84019179,"US","USA",840,19179,"Wapello","Iowa","US",41.0306,-92.4095,"Wapello, Iowa, US",0,0,2020-01-25,0,0,FALSE,TRUE,"US","USA","US-IA"
84019179,"US","USA",840,19179,"Wapello","Iowa","US",41.0306,-92.4095,"Wapello, Iowa, US",0,0,2020-01-26,0,0,FALSE,TRUE,"US","USA","US-IA"
84019179,"US","USA",840,19179,"Wapello","Iowa","US",41.0306,-92.4095,"Wapello, Iowa, US",0,0,2020-01-27,0,0,FALSE,TRUE,"US","USA","US-IA"
84019179,"US","USA",840,19179,"Wapello","Iowa","US",41.0306,-92.4095,"Wapello, Iowa, US",0,0,2020-01-28,0,0,FALSE,TRUE,"US","USA","US-IA"
84019179,"US","USA",840,19179,"Wapello","Iowa","US",41.0306,-92.4095,"Wapello, Iowa, US",0,0,2020-01-29,0,0,FALSE,TRUE,"US","USA","US-IA"
84019179,"US","USA",840,19179,"Wapello","Iowa","US",41.0306,-92.4095,"Wapello, Iowa, US",0,0,2020-01-30,0,0,FALSE,TRUE,"US","USA","US-IA"
84019179,"US","USA",840,19179,"Wapello","Iowa","US",41.0306,-92.4095,"Wapello, Iowa, US",0,0,2020-01-31,0,0,FALSE,TRUE,"US","USA","US-IA"
84019179,"US","USA",840,19179,"Wapello","Iowa","US",41.0306,-92.4095,"Wapello, Iowa, US",0,0,2020-02-01,0,0,FALSE,TRUE,"US","USA","US-IA"
84019179,"US","USA",840,19179,"Wapello","Iowa","US",41.0306,-92.4095,"Wapello, Iowa, US",0,0,2020-02-02,0,0,FALSE,TRUE,"US","USA","US-IA"
84019179,"US","USA",840,19179,"Wapello","Iowa","US",41.0306,-92.4095,"Wapello, Iowa, US",0,0,2020-02-03,0,0,FALSE,TRUE,"US","USA","US-IA"
84019179,"US","USA",840,19179,"Wapello","Iowa","US",41.0306,-92.4095,"Wapello, Iowa, US",0,0,2020-02-04,0,0,FALSE,TRUE,"US","USA","US-IA"
84019179,"US","USA",840,19179,"Wapello","Iowa","US",41.0306,-92.4095,"Wapello, Iowa, US",0,0,2020-02-05,0,0,FALSE,TRUE,"US","USA","US-IA"
84019179,"US","USA",840,19179,"Wapello","Iowa","US",41.0306,-92.4095,"Wapello, Iowa, US",0,0,2020-02-06,0,0,FALSE,TRUE,"US","USA","US-IA"
84019179,"US","USA",840,19179,"Wapello","Iowa","US",41.0306,-92.4095,"Wapello, Iowa, US",0,0,2020-02-07,0,0,FALSE,TRUE,"US","USA","US-IA"
84019179,"US","USA",840,19179,"Wapello","Iowa","US",41.0306,-92.4095,"Wapello, Iowa, US",0,0,2020-02-08,0,0,FALSE,TRUE,"US","USA","US-IA"
84019179,"US","USA",840,19179,"Wapello","Iowa","US",41.0306,-92.4095,"Wapello, Iowa, US",0,0,2020-02-09,0,0,FALSE,TRUE,"US","USA","US-IA"
84019179,"US","USA",840,19179,"Wapello","Iowa","US",41.0306,-92.4095,"Wapello, Iowa, US",0,0,2020-02-10,0,0,FALSE,TRUE,"US","USA","US-IA"
84019179,"US","USA",840,19179,"Wapello","Iowa","US",41.0306,-92.4095,"Wapello, Iowa, US",0,0,2020-02-11,0,0,FALSE,TRUE,"US","USA","US-IA"
84019179,"US","USA",840,19179,"Wapello","Iowa","US",41.0306,-92.4095,"Wapello, Iowa, US",0,0,2020-02-12,0,0,FALSE,TRUE,"US","USA","US-IA"
84019179,"US","USA",840,19179,"Wapello","Iowa","US",41.0306,-92.4095,"Wapello, Iowa, US",0,0,2020-02-13,0,0,FALSE,TRUE,"US","USA","US-IA"
84019179,"US","USA",840,19179,"Wapello","Iowa","US",41.0306,-92.4095,"Wapello, Iowa, US",0,0,2020-02-14,0,0,FALSE,TRUE,"US","USA","US-IA"
84019179,"US","USA",840,19179,"Wapello","Iowa","US",41.0306,-92.4095,"Wapello, Iowa, US",0,0,2020-02-15,0,0,FALSE,TRUE,"US","USA","US-IA"
84019179,"US","USA",840,19179,"Wapello","Iowa","US",41.0306,-92.4095,"Wapello, Iowa, US",0,0,2020-02-16,0,0,FALSE,TRUE,"US","USA","US-IA"
84019179,"US","USA",840,19179,"Wapello","Iowa","US",41.0306,-92.4095,"Wapello, Iowa, US",0,0,2020-02-17,0,0,FALSE,TRUE,"US","USA","US-IA"
84019179,"US","USA",840,19179,"Wapello","Iowa","US",41.0306,-92.4095,"Wapello, Iowa, US",0,0,2020-02-18,0,0,FALSE,TRUE,"US","USA","US-IA"
84019179,"US","USA",840,19179,"Wapello","Iowa","US",41.0306,-92.4095,"Wapello, Iowa, US",0,0,2020-02-19,0,0,FALSE,TRUE,"US","USA","US-IA"
84019179,"US","USA",840,19179,"Wapello","Iowa","US",41.0306,-92.4095,"Wapello, Iowa, US",0,0,2020-02-20,0,0,FALSE,TRUE,"US","USA","US-IA"
84019179,"US","USA",840,19179,"Wapello","Iowa","US",41.0306,-92.4095,"Wapello, Iowa, US",0,0,2020-02-21,0,0,FALSE,TRUE,"US","USA","US-IA"
84019179,"US","USA",840,19179,"Wapello","Iowa","US",41.0306,-92.4095,"Wapello, Iowa, US",0,0,2020-02-22,0,0,FALSE,TRUE,"US","USA","US-IA"
84019179,"US","USA",840,19179,"Wapello","Iowa","US",41.0306,-92.4095,"Wapello, Iowa, US",0,0,2020-02-23,0,0,FALSE,TRUE,"US","USA","US-IA"
84019179,"US","USA",840,19179,"Wapello","Iowa","US",41.0306,-92.4095,"Wapello, Iowa, US",0,0,2020-02-24,0,0,FALSE,TRUE,"US","USA","US-IA"
84019179,"US","USA",840,19179,"Wapello","Iowa","US",41.0306,-92.4095,"Wapello, Iowa, US",0,0,2020-02-25,0,0,FALSE,TRUE,"US","USA","US-IA"
84019179,"US","USA",840,19179,"Wapello","Iowa","US",41.0306,-92.4095,"Wapello, Iowa, US",0,0,2020-02-26,0,0,FALSE,TRUE,"US","USA","US-IA"
84019179,"US","USA",840,19179,"Wapello","Iowa","US",41.0306,-92.4095,"Wapello, Iowa, US",0,0,2020-02-27,0,0,FALSE,TRUE,"US","USA","US-IA"
84019179,"US","USA",840,19179,"Wapello","Iowa","US",41.0306,-92.4095,"Wapello, Iowa, US",0,0,2020-02-28,0,0,FALSE,TRUE,"US","USA","US-IA"
84019179,"US","USA",840,19179,"Wapello","Iowa","US",41.0306,-92.4095,"Wapello, Iowa, US",0,0,2020-02-29,0,0,FALSE,TRUE,"US","USA","US-IA"
84019179,"US","USA",840,19179,"Wapello","Iowa","US",41.0306,-92.4095,"Wapello, Iowa, US",0,0,2020-03-01,0,0,FALSE,TRUE,"US","USA","US-IA"
84019179,"US","USA",840,19179,"Wapello","Iowa","US",41.0306,-92.4095,"Wapello, Iowa, US",0,0,2020-03-02,0,0,FALSE,TRUE,"US","USA","US-IA"
84019179,"US","USA",840,19179,"Wapello","Iowa","US",41.0306,-92.4095,"Wapello, Iowa, US",0,0,2020-03-03,0,0,FALSE,TRUE,"US","USA","US-IA"
84019179,"US","USA",840,19179,"Wapello","Iowa","US",41.0306,-92.4095,"Wapello, Iowa, US",0,0,2020-03-04,0,0,FALSE,TRUE,"US","USA","US-IA"
84019179,"US","USA",840,19179,"Wapello","Iowa","US",41.0306,-92.4095,"Wapello, Iowa, US",0,0,2020-03-05,0,0,FALSE,TRUE,"US","USA","US-IA"
84019179,"US","USA",840,19179,"Wapello","Iowa","US",41.0306,-92.4095,"Wapello, Iowa, US",0,0,2020-03-06,0,0,FALSE,TRUE,"US","USA","US-IA"
84019179,"US","USA",840,19179,"Wapello","Iowa","US",41.0306,-92.4095,"Wapello, Iowa, US",0,0,2020-03-07,0,0,FALSE,TRUE,"US","USA","US-IA"
84019179,"US","USA",840,19179,"Wapello","Iowa","US",41.0306,-92.4095,"Wapello, Iowa, US",0,0,2020-03-08,0,0,FALSE,TRUE,"US","USA","US-IA"
84019179,"US","USA",840,19179,"Wapello","Iowa","US",41.0306,-92.4095,"Wapello, Iowa, US",0,0,2020-03-09,0,0,FALSE,TRUE,"US","USA","US-IA"
84019179,"US","USA",840,19179,"Wapello","Iowa","US",41.0306,-92.4095,"Wapello, Iowa, US",0,0,2020-03-10,0,0,FALSE,TRUE,"US","USA","US-IA"
84019179,"US","USA",840,19179,"Wapello","Iowa","US",41.0306,-92.4095,"Wapello, Iowa, US",0,0,2020-03-11,0,0,FALSE,TRUE,"US","USA","US-IA"
84019179,"US","USA",840,19179,"Wapello","Iowa","US",41.0306,-92.4095,"Wapello, Iowa, US",0,0,2020-03-12,0,0,FALSE,TRUE,"US","USA","US-IA"
84019179,"US","USA",840,19179,"Wapello","Iowa","US",41.0306,-92.4095,"Wapello, Iowa, US",0,0,2020-03-13,0,0,FALSE,TRUE,"US","USA","US-IA"
84019179,"US","USA",840,19179,"Wapello","Iowa","US",41.0306,-92.4095,"Wapello, Iowa, US",0,0,2020-03-14,0,0,FALSE,TRUE,"US","USA","US-IA"
84019179,"US","USA",840,19179,"Wapello","Iowa","US",41.0306,-92.4095,"Wapello, Iowa, US",0,0,2020-03-15,0,0,FALSE,TRUE,"US","USA","US-IA"
84019179,"US","USA",840,19179,"Wapello","Iowa","US",41.0306,-92.4095,"Wapello, Iowa, US",0,0,2020-03-16,0,0,FALSE,TRUE,"US","USA","US-IA"
84019179,"US","USA",840,19179,"Wapello","Iowa","US",41.0306,-92.4095,"Wapello, Iowa, US",0,0,2020-03-17,0,0,FALSE,TRUE,"US","USA","US-IA"
84019179,"US","USA",840,19179,"Wapello","Iowa","US",41.0306,-92.4095,"Wapello, Iowa, US",0,0,2020-03-18,0,0,FALSE,TRUE,"US","USA","US-IA"
84019179,"US","USA",840,19179,"Wapello","Iowa","US",41.0306,-92.4095,"Wapello, Iowa, US",0,0,2020-03-19,0,0,FALSE,TRUE,"US","USA","US-IA"
84019179,"US","USA",840,19179,"Wapello","Iowa","US",41.0306,-92.4095,"Wapello, Iowa, US",0,0,2020-03-20,0,0,FALSE,TRUE,"US","USA","US-IA"
84019179,"US","USA",840,19179,"Wapello","Iowa","US",41.0306,-92.4095,"Wapello, Iowa, US",0,0,2020-03-21,0,0,FALSE,TRUE,"US","USA","US-IA"
84019179,"US","USA",840,19179,"Wapello","Iowa","US",41.0306,-92.4095,"Wapello, Iowa, US",0,0,2020-03-22,0,0,FALSE,TRUE,"US","USA","US-IA"
84019179,"US","USA",840,19179,"Wapello","Iowa","US",41.0306,-92.4095,"Wapello, Iowa, US",1,0,2020-03-23,1,0,FALSE,TRUE,"US","USA","US-IA"
84019179,"US","USA",840,19179,"Wapello","Iowa","US",41.0306,-92.4095,"Wapello, Iowa, US",1,0,2020-03-24,0,0,FALSE,TRUE,"US","USA","US-IA"
84019179,"US","USA",840,19179,"Wapello","Iowa","US",41.0306,-92.4095,"Wapello, Iowa, US",1,0,2020-03-25,0,0,FALSE,TRUE,"US","USA","US-IA"
84019179,"US","USA",840,19179,"Wapello","Iowa","US",41.0306,-92.4095,"Wapello, Iowa, US",1,0,2020-03-26,0,0,FALSE,TRUE,"US","USA","US-IA"
84019179,"US","USA",840,19179,"Wapello","Iowa","US",41.0306,-92.4095,"Wapello, Iowa, US",1,0,2020-03-27,0,0,FALSE,TRUE,"US","USA","US-IA"
84019179,"US","USA",840,19179,"Wapello","Iowa","US",41.0306,-92.4095,"Wapello, Iowa, US",1,0,2020-03-28,0,0,FALSE,TRUE,"US","USA","US-IA"
84019179,"US","USA",840,19179,"Wapello","Iowa","US",41.0306,-92.4095,"Wapello, Iowa, US",1,0,2020-03-29,0,0,FALSE,TRUE,"US","USA","US-IA"
84019179,"US","USA",840,19179,"Wapello","Iowa","US",41.0306,-92.4095,"Wapello, Iowa, US",1,0,2020-03-30,0,0,FALSE,TRUE,"US","USA","US-IA"
84019179,"US","USA",840,19179,"Wapello","Iowa","US",41.0306,-92.4095,"Wapello, Iowa, US",1,0,2020-03-31,0,0,FALSE,TRUE,"US","USA","US-IA"
84019179,"US","USA",840,19179,"Wapello","Iowa","US",41.0306,-92.4095,"Wapello, Iowa, US",1,0,2020-04-01,0,0,FALSE,TRUE,"US","USA","US-IA"
84019179,"US","USA",840,19179,"Wapello","Iowa","US",41.0306,-92.4095,"Wapello, Iowa, US",1,0,2020-04-02,0,0,FALSE,TRUE,"US","USA","US-IA"
84019179,"US","USA",840,19179,"Wapello","Iowa","US",41.0306,-92.4095,"Wapello, Iowa, US",1,0,2020-04-03,0,0,FALSE,TRUE,"US","USA","US-IA"
84019179,"US","USA",840,19179,"Wapello","Iowa","US",41.0306,-92.4095,"Wapello, Iowa, US",1,0,2020-04-04,0,0,FALSE,TRUE,"US","USA","US-IA"
84019179,"US","USA",840,19179,"Wapello","Iowa","US",41.0306,-92.4095,"Wapello, Iowa, US",1,0,2020-04-05,0,0,FALSE,TRUE,"US","USA","US-IA"
84019179,"US","USA",840,19179,"Wapello","Iowa","US",41.0306,-92.4095,"Wapello, Iowa, US",2,0,2020-04-06,1,0,FALSE,TRUE,"US","USA","US-IA"
84019179,"US","USA",840,19179,"Wapello","Iowa","US",41.0306,-92.4095,"Wapello, Iowa, US",2,0,2020-04-07,0,0,FALSE,TRUE,"US","USA","US-IA"
84019179,"US","USA",840,19179,"Wapello","Iowa","US",41.0306,-92.4095,"Wapello, Iowa, US",2,0,2020-04-08,0,0,FALSE,TRUE,"US","USA","US-IA"
84019179,"US","USA",840,19179,"Wapello","Iowa","US",41.0306,-92.4095,"Wapello, Iowa, US",2,0,2020-04-09,0,0,FALSE,TRUE,"US","USA","US-IA"
84019179,"US","USA",840,19179,"Wapello","Iowa","US",41.0306,-92.4095,"Wapello, Iowa, US",3,0,2020-04-10,1,0,FALSE,TRUE,"US","USA","US-IA"
84019179,"US","USA",840,19179,"Wapello","Iowa","US",41.0306,-92.4095,"Wapello, Iowa, US",4,0,2020-04-11,1,0,FALSE,TRUE,"US","USA","US-IA"
84019179,"US","USA",840,19179,"Wapello","Iowa","US",41.0306,-92.4095,"Wapello, Iowa, US",4,0,2020-04-12,0,0,FALSE,TRUE,"US","USA","US-IA"
84019179,"US","USA",840,19179,"Wapello","Iowa","US",41.0306,-92.4095,"Wapello, Iowa, US",6,0,2020-04-13,2,0,FALSE,TRUE,"US","USA","US-IA"
84019179,"US","USA",840,19179,"Wapello","Iowa","US",41.0306,-92.4095,"Wapello, Iowa, US",7,0,2020-04-14,1,0,FALSE,TRUE,"US","USA","US-IA"
84019179,"US","USA",840,19179,"Wapello","Iowa","US",41.0306,-92.4095,"Wapello, Iowa, US",7,0,2020-04-15,0,0,FALSE,TRUE,"US","USA","US-IA"
84019179,"US","USA",840,19179,"Wapello","Iowa","US",41.0306,-92.4095,"Wapello, Iowa, US",6,0,2020-04-16,-1,0,FALSE,TRUE,"US","USA","US-IA"
84019179,"US","USA",840,19179,"Wapello","Iowa","US",41.0306,-92.4095,"Wapello, Iowa, US",6,0,2020-04-17,0,0,FALSE,TRUE,"US","USA","US-IA"
84019179,"US","USA",840,19179,"Wapello","Iowa","US",41.0306,-92.4095,"Wapello, Iowa, US",7,0,2020-04-18,1,0,FALSE,TRUE,"US","USA","US-IA"
84019179,"US","USA",840,19179,"Wapello","Iowa","US",41.0306,-92.4095,"Wapello, Iowa, US",6,0,2020-04-19,-1,0,FALSE,TRUE,"US","USA","US-IA"
84019179,"US","USA",840,19179,"Wapello","Iowa","US",41.0306,-92.4095,"Wapello, Iowa, US",6,0,2020-04-20,0,0,FALSE,TRUE,"US","USA","US-IA"
84019179,"US","USA",840,19179,"Wapello","Iowa","US",41.0306,-92.4095,"Wapello, Iowa, US",6,0,2020-04-21,0,0,FALSE,TRUE,"US","USA","US-IA"
84019179,"US","USA",840,19179,"Wapello","Iowa","US",41.0306,-92.4095,"Wapello, Iowa, US",6,0,2020-04-22,0,0,FALSE,TRUE,"US","USA","US-IA"
84019179,"US","USA",840,19179,"Wapello","Iowa","US",41.0306,-92.4095,"Wapello, Iowa, US",6,0,2020-04-23,0,0,FALSE,TRUE,"US","USA","US-IA"
84019179,"US","USA",840,19179,"Wapello","Iowa","US",41.0306,-92.4095,"Wapello, Iowa, US",7,0,2020-04-24,1,0,FALSE,TRUE,"US","USA","US-IA"
84019179,"US","USA",840,19179,"Wapello","Iowa","US",41.0306,-92.4095,"Wapello, Iowa, US",7,0,2020-04-25,0,0,FALSE,TRUE,"US","USA","US-IA"
84019179,"US","USA",840,19179,"Wapello","Iowa","US",41.0306,-92.4095,"Wapello, Iowa, US",9,0,2020-04-26,2,0,FALSE,TRUE,"US","USA","US-IA"
84019179,"US","USA",840,19179,"Wapello","Iowa","US",41.0306,-92.4095,"Wapello, Iowa, US",10,0,2020-04-27,1,0,FALSE,TRUE,"US","USA","US-IA"
84019179,"US","USA",840,19179,"Wapello","Iowa","US",41.0306,-92.4095,"Wapello, Iowa, US",10,0,2020-04-28,0,0,FALSE,TRUE,"US","USA","US-IA"
84019179,"US","USA",840,19179,"Wapello","Iowa","US",41.0306,-92.4095,"Wapello, Iowa, US",10,0,2020-04-29,0,0,FALSE,TRUE,"US","USA","US-IA"
84019179,"US","USA",840,19179,"Wapello","Iowa","US",41.0306,-92.4095,"Wapello, Iowa, US",10,0,2020-04-30,0,0,FALSE,TRUE,"US","USA","US-IA"
84019179,"US","USA",840,19179,"Wapello","Iowa","US",41.0306,-92.4095,"Wapello, Iowa, US",17,0,2020-05-01,7,0,FALSE,TRUE,"US","USA","US-IA"
84019179,"US","USA",840,19179,"Wapello","Iowa","US",41.0306,-92.4095,"Wapello, Iowa, US",27,0,2020-05-02,10,0,FALSE,TRUE,"US","USA","US-IA"
84019179,"US","USA",840,19179,"Wapello","Iowa","US",41.0306,-92.4095,"Wapello, Iowa, US",61,0,2020-05-03,34,0,FALSE,TRUE,"US","USA","US-IA"
84019179,"US","USA",840,19179,"Wapello","Iowa","US",41.0306,-92.4095,"Wapello, Iowa, US",94,0,2020-05-04,33,0,FALSE,TRUE,"US","USA","US-IA"
84019179,"US","USA",840,19179,"Wapello","Iowa","US",41.0306,-92.4095,"Wapello, Iowa, US",108,0,2020-05-05,14,0,FALSE,TRUE,"US","USA","US-IA"
84019179,"US","USA",840,19179,"Wapello","Iowa","US",41.0306,-92.4095,"Wapello, Iowa, US",125,0,2020-05-06,17,0,FALSE,TRUE,"US","USA","US-IA"
84019179,"US","USA",840,19179,"Wapello","Iowa","US",41.0306,-92.4095,"Wapello, Iowa, US",165,0,2020-05-07,40,0,FALSE,TRUE,"US","USA","US-IA"
84019179,"US","USA",840,19179,"Wapello","Iowa","US",41.0306,-92.4095,"Wapello, Iowa, US",192,0,2020-05-08,27,0,FALSE,TRUE,"US","USA","US-IA"
84019179,"US","USA",840,19179,"Wapello","Iowa","US",41.0306,-92.4095,"Wapello, Iowa, US",212,0,2020-05-09,20,0,FALSE,TRUE,"US","USA","US-IA"
84019179,"US","USA",840,19179,"Wapello","Iowa","US",41.0306,-92.4095,"Wapello, Iowa, US",218,0,2020-05-10,6,0,FALSE,TRUE,"US","USA","US-IA"
84019179,"US","USA",840,19179,"Wapello","Iowa","US",41.0306,-92.4095,"Wapello, Iowa, US",259,0,2020-05-11,41,0,FALSE,TRUE,"US","USA","US-IA"
84019179,"US","USA",840,19179,"Wapello","Iowa","US",41.0306,-92.4095,"Wapello, Iowa, US",283,0,2020-05-12,24,0,FALSE,TRUE,"US","USA","US-IA"
84019179,"US","USA",840,19179,"Wapello","Iowa","US",41.0306,-92.4095,"Wapello, Iowa, US",306,2,2020-05-13,23,2,FALSE,TRUE,"US","USA","US-IA"
84019179,"US","USA",840,19179,"Wapello","Iowa","US",41.0306,-92.4095,"Wapello, Iowa, US",328,2,2020-05-14,22,0,FALSE,TRUE,"US","USA","US-IA"
84019179,"US","USA",840,19179,"Wapello","Iowa","US",41.0306,-92.4095,"Wapello, Iowa, US",350,2,2020-05-15,22,0,FALSE,TRUE,"US","USA","US-IA"
84019179,"US","USA",840,19179,"Wapello","Iowa","US",41.0306,-92.4095,"Wapello, Iowa, US",360,2,2020-05-16,10,0,FALSE,TRUE,"US","USA","US-IA"
84019179,"US","USA",840,19179,"Wapello","Iowa","US",41.0306,-92.4095,"Wapello, Iowa, US",379,2,2020-05-17,19,0,FALSE,TRUE,"US","USA","US-IA"
84019179,"US","USA",840,19179,"Wapello","Iowa","US",41.0306,-92.4095,"Wapello, Iowa, US",396,2,2020-05-18,17,0,FALSE,TRUE,"US","USA","US-IA"
84019179,"US","USA",840,19179,"Wapello","Iowa","US",41.0306,-92.4095,"Wapello, Iowa, US",405,2,2020-05-19,9,0,FALSE,TRUE,"US","USA","US-IA"
84019179,"US","USA",840,19179,"Wapello","Iowa","US",41.0306,-92.4095,"Wapello, Iowa, US",417,3,2020-05-20,12,1,FALSE,TRUE,"US","USA","US-IA"
84019179,"US","USA",840,19179,"Wapello","Iowa","US",41.0306,-92.4095,"Wapello, Iowa, US",450,3,2020-05-21,33,0,FALSE,TRUE,"US","USA","US-IA"
84019179,"US","USA",840,19179,"Wapello","Iowa","US",41.0306,-92.4095,"Wapello, Iowa, US",462,3,2020-05-22,12,0,FALSE,TRUE,"US","USA","US-IA"
84019179,"US","USA",840,19179,"Wapello","Iowa","US",41.0306,-92.4095,"Wapello, Iowa, US",477,4,2020-05-23,15,1,FALSE,TRUE,"US","USA","US-IA"
84019179,"US","USA",840,19179,"Wapello","Iowa","US",41.0306,-92.4095,"Wapello, Iowa, US",500,4,2020-05-24,23,0,FALSE,TRUE,"US","USA","US-IA"
84019179,"US","USA",840,19179,"Wapello","Iowa","US",41.0306,-92.4095,"Wapello, Iowa, US",514,4,2020-05-25,14,0,FALSE,TRUE,"US","USA","US-IA"
84019179,"US","USA",840,19179,"Wapello","Iowa","US",41.0306,-92.4095,"Wapello, Iowa, US",517,4,2020-05-26,3,0,FALSE,TRUE,"US","USA","US-IA"
84019179,"US","USA",840,19179,"Wapello","Iowa","US",41.0306,-92.4095,"Wapello, Iowa, US",538,4,2020-05-27,21,0,FALSE,TRUE,"US","USA","US-IA"
84019179,"US","USA",840,19179,"Wapello","Iowa","US",41.0306,-92.4095,"Wapello, Iowa, US",545,6,2020-05-28,7,2,FALSE,TRUE,"US","USA","US-IA"
84019179,"US","USA",840,19179,"Wapello","Iowa","US",41.0306,-92.4095,"Wapello, Iowa, US",556,8,2020-05-29,11,2,FALSE,TRUE,"US","USA","US-IA"
84019179,"US","USA",840,19179,"Wapello","Iowa","US",41.0306,-92.4095,"Wapello, Iowa, US",558,9,2020-05-30,2,1,FALSE,TRUE,"US","USA","US-IA"
84019179,"US","USA",840,19179,"Wapello","Iowa","US",41.0306,-92.4095,"Wapello, Iowa, US",593,10,2020-05-31,35,1,FALSE,TRUE,"US","USA","US-IA"
84019179,"US","USA",840,19179,"Wapello","Iowa","US",41.0306,-92.4095,"Wapello, Iowa, US",597,12,2020-06-01,4,2,FALSE,TRUE,"US","USA","US-IA"
84019179,"US","USA",840,19179,"Wapello","Iowa","US",41.0306,-92.4095,"Wapello, Iowa, US",610,13,2020-06-02,13,1,FALSE,TRUE,"US","USA","US-IA"
84019179,"US","USA",840,19179,"Wapello","Iowa","US",41.0306,-92.4095,"Wapello, Iowa, US",607,14,2020-06-03,-3,1,FALSE,TRUE,"US","USA","US-IA"
84019179,"US","USA",840,19179,"Wapello","Iowa","US",41.0306,-92.4095,"Wapello, Iowa, US",628,14,2020-06-04,21,0,FALSE,TRUE,"US","USA","US-IA"
