"UID","iso2","iso3","code3","FIPS","Admin2","Province.State","Country.Region","Lat","Long","Combined_Key","confirmed","deaths","date","confirmed_new","deaths_new","hasErrors","hasParent","country_code","country_code3","territory_code"
84019103,"US","USA",840,19103,"Johnson","Iowa","US",41.6717,-91.5875,"Johnson, Iowa, US",0,0,2020-01-22,0,0,FALSE,TRUE,"US","USA","US-IA"
84019103,"US","USA",840,19103,"Johnson","Iowa","US",41.6717,-91.5875,"Johnson, Iowa, US",0,0,2020-01-23,0,0,FALSE,TRUE,"US","USA","US-IA"
84019103,"US","USA",840,19103,"Johnson","Iowa","US",41.6717,-91.5875,"Johnson, Iowa, US",0,0,2020-01-24,0,0,FALSE,TRUE,"US","USA","US-IA"
84019103,"US","USA",840,19103,"Johnson","Iowa","US",41.6717,-91.5875,"Johnson, Iowa, US",0,0,2020-01-25,0,0,FALSE,TRUE,"US","USA","US-IA"
84019103,"US","USA",840,19103,"Johnson","Iowa","US",41.6717,-91.5875,"Johnson, Iowa, US",0,0,2020-01-26,0,0,FALSE,TRUE,"US","USA","US-IA"
84019103,"US","USA",840,19103,"Johnson","Iowa","US",41.6717,-91.5875,"Johnson, Iowa, US",0,0,2020-01-27,0,0,FALSE,TRUE,"US","USA","US-IA"
84019103,"US","USA",840,19103,"Johnson","Iowa","US",41.6717,-91.5875,"Johnson, Iowa, US",0,0,2020-01-28,0,0,FALSE,TRUE,"US","USA","US-IA"
84019103,"US","USA",840,19103,"Johnson","Iowa","US",41.6717,-91.5875,"Johnson, Iowa, US",0,0,2020-01-29,0,0,FALSE,TRUE,"US","USA","US-IA"
84019103,"US","USA",840,19103,"Johnson","Iowa","US",41.6717,-91.5875,"Johnson, Iowa, US",0,0,2020-01-30,0,0,FALSE,TRUE,"US","USA","US-IA"
84019103,"US","USA",840,19103,"Johnson","Iowa","US",41.6717,-91.5875,"Johnson, Iowa, US",0,0,2020-01-31,0,0,FALSE,TRUE,"US","USA","US-IA"
84019103,"US","USA",840,19103,"Johnson","Iowa","US",41.6717,-91.5875,"Johnson, Iowa, US",0,0,2020-02-01,0,0,FALSE,TRUE,"US","USA","US-IA"
84019103,"US","USA",840,19103,"Johnson","Iowa","US",41.6717,-91.5875,"Johnson, Iowa, US",0,0,2020-02-02,0,0,FALSE,TRUE,"US","USA","US-IA"
84019103,"US","USA",840,19103,"Johnson","Iowa","US",41.6717,-91.5875,"Johnson, Iowa, US",0,0,2020-02-03,0,0,FALSE,TRUE,"US","USA","US-IA"
84019103,"US","USA",840,19103,"Johnson","Iowa","US",41.6717,-91.5875,"Johnson, Iowa, US",0,0,2020-02-04,0,0,FALSE,TRUE,"US","USA","US-IA"
84019103,"US","USA",840,19103,"Johnson","Iowa","US",41.6717,-91.5875,"Johnson, Iowa, US",0,0,2020-02-05,0,0,FALSE,TRUE,"US","USA","US-IA"
84019103,"US","USA",840,19103,"Johnson","Iowa","US",41.6717,-91.5875,"Johnson, Iowa, US",0,0,2020-02-06,0,0,FALSE,TRUE,"US","USA","US-IA"
84019103,"US","USA",840,19103,"Johnson","Iowa","US",41.6717,-91.5875,"Johnson, Iowa, US",0,0,2020-02-07,0,0,FALSE,TRUE,"US","USA","US-IA"
84019103,"US","USA",840,19103,"Johnson","Iowa","US",41.6717,-91.5875,"Johnson, Iowa, US",0,0,2020-02-08,0,0,FALSE,TRUE,"US","USA","US-IA"
84019103,"US","USA",840,19103,"Johnson","Iowa","US",41.6717,-91.5875,"Johnson, Iowa, US",0,0,2020-02-09,0,0,FALSE,TRUE,"US","USA","US-IA"
84019103,"US","USA",840,19103,"Johnson","Iowa","US",41.6717,-91.5875,"Johnson, Iowa, US",0,0,2020-02-10,0,0,FALSE,TRUE,"US","USA","US-IA"
84019103,"US","USA",840,19103,"Johnson","Iowa","US",41.6717,-91.5875,"Johnson, Iowa, US",0,0,2020-02-11,0,0,FALSE,TRUE,"US","USA","US-IA"
84019103,"US","USA",840,19103,"Johnson","Iowa","US",41.6717,-91.5875,"Johnson, Iowa, US",0,0,2020-02-12,0,0,FALSE,TRUE,"US","USA","US-IA"
84019103,"US","USA",840,19103,"Johnson","Iowa","US",41.6717,-91.5875,"Johnson, Iowa, US",0,0,2020-02-13,0,0,FALSE,TRUE,"US","USA","US-IA"
84019103,"US","USA",840,19103,"Johnson","Iowa","US",41.6717,-91.5875,"Johnson, Iowa, US",0,0,2020-02-14,0,0,FALSE,TRUE,"US","USA","US-IA"
84019103,"US","USA",840,19103,"Johnson","Iowa","US",41.6717,-91.5875,"Johnson, Iowa, US",0,0,2020-02-15,0,0,FALSE,TRUE,"US","USA","US-IA"
84019103,"US","USA",840,19103,"Johnson","Iowa","US",41.6717,-91.5875,"Johnson, Iowa, US",0,0,2020-02-16,0,0,FALSE,TRUE,"US","USA","US-IA"
84019103,"US","USA",840,19103,"Johnson","Iowa","US",41.6717,-91.5875,"Johnson, Iowa, US",0,0,2020-02-17,0,0,FALSE,TRUE,"US","USA","US-IA"
84019103,"US","USA",840,19103,"Johnson","Iowa","US",41.6717,-91.5875,"Johnson, Iowa, US",0,0,2020-02-18,0,0,FALSE,TRUE,"US","USA","US-IA"
84019103,"US","USA",840,19103,"Johnson","Iowa","US",41.6717,-91.5875,"Johnson, Iowa, US",0,0,2020-02-19,0,0,FALSE,TRUE,"US","USA","US-IA"
84019103,"US","USA",840,19103,"Johnson","Iowa","US",41.6717,-91.5875,"Johnson, Iowa, US",0,0,2020-02-20,0,0,FALSE,TRUE,"US","USA","US-IA"
84019103,"US","USA",840,19103,"Johnson","Iowa","US",41.6717,-91.5875,"Johnson, Iowa, US",0,0,2020-02-21,0,0,FALSE,TRUE,"US","USA","US-IA"
84019103,"US","USA",840,19103,"Johnson","Iowa","US",41.6717,-91.5875,"Johnson, Iowa, US",0,0,2020-02-22,0,0,FALSE,TRUE,"US","USA","US-IA"
84019103,"US","USA",840,19103,"Johnson","Iowa","US",41.6717,-91.5875,"Johnson, Iowa, US",0,0,2020-02-23,0,0,FALSE,TRUE,"US","USA","US-IA"
84019103,"US","USA",840,19103,"Johnson","Iowa","US",41.6717,-91.5875,"Johnson, Iowa, US",0,0,2020-02-24,0,0,FALSE,TRUE,"US","USA","US-IA"
84019103,"US","USA",840,19103,"Johnson","Iowa","US",41.6717,-91.5875,"Johnson, Iowa, US",0,0,2020-02-25,0,0,FALSE,TRUE,"US","USA","US-IA"
84019103,"US","USA",840,19103,"Johnson","Iowa","US",41.6717,-91.5875,"Johnson, Iowa, US",0,0,2020-02-26,0,0,FALSE,TRUE,"US","USA","US-IA"
84019103,"US","USA",840,19103,"Johnson","Iowa","US",41.6717,-91.5875,"Johnson, Iowa, US",0,0,2020-02-27,0,0,FALSE,TRUE,"US","USA","US-IA"
84019103,"US","USA",840,19103,"Johnson","Iowa","US",41.6717,-91.5875,"Johnson, Iowa, US",0,0,2020-02-28,0,0,FALSE,TRUE,"US","USA","US-IA"
84019103,"US","USA",840,19103,"Johnson","Iowa","US",41.6717,-91.5875,"Johnson, Iowa, US",0,0,2020-02-29,0,0,FALSE,TRUE,"US","USA","US-IA"
84019103,"US","USA",840,19103,"Johnson","Iowa","US",41.6717,-91.5875,"Johnson, Iowa, US",0,0,2020-03-01,0,0,FALSE,TRUE,"US","USA","US-IA"
84019103,"US","USA",840,19103,"Johnson","Iowa","US",41.6717,-91.5875,"Johnson, Iowa, US",0,0,2020-03-02,0,0,FALSE,TRUE,"US","USA","US-IA"
84019103,"US","USA",840,19103,"Johnson","Iowa","US",41.6717,-91.5875,"Johnson, Iowa, US",0,0,2020-03-03,0,0,FALSE,TRUE,"US","USA","US-IA"
84019103,"US","USA",840,19103,"Johnson","Iowa","US",41.6717,-91.5875,"Johnson, Iowa, US",0,0,2020-03-04,0,0,FALSE,TRUE,"US","USA","US-IA"
84019103,"US","USA",840,19103,"Johnson","Iowa","US",41.6717,-91.5875,"Johnson, Iowa, US",0,0,2020-03-05,0,0,FALSE,TRUE,"US","USA","US-IA"
84019103,"US","USA",840,19103,"Johnson","Iowa","US",41.6717,-91.5875,"Johnson, Iowa, US",0,0,2020-03-06,0,0,FALSE,TRUE,"US","USA","US-IA"
84019103,"US","USA",840,19103,"Johnson","Iowa","US",41.6717,-91.5875,"Johnson, Iowa, US",0,0,2020-03-07,0,0,FALSE,TRUE,"US","USA","US-IA"
84019103,"US","USA",840,19103,"Johnson","Iowa","US",41.6717,-91.5875,"Johnson, Iowa, US",0,0,2020-03-08,0,0,FALSE,TRUE,"US","USA","US-IA"
84019103,"US","USA",840,19103,"Johnson","Iowa","US",41.6717,-91.5875,"Johnson, Iowa, US",3,0,2020-03-09,3,0,FALSE,TRUE,"US","USA","US-IA"
84019103,"US","USA",840,19103,"Johnson","Iowa","US",41.6717,-91.5875,"Johnson, Iowa, US",7,0,2020-03-10,4,0,FALSE,TRUE,"US","USA","US-IA"
84019103,"US","USA",840,19103,"Johnson","Iowa","US",41.6717,-91.5875,"Johnson, Iowa, US",12,0,2020-03-11,5,0,FALSE,TRUE,"US","USA","US-IA"
84019103,"US","USA",840,19103,"Johnson","Iowa","US",41.6717,-91.5875,"Johnson, Iowa, US",13,0,2020-03-12,1,0,FALSE,TRUE,"US","USA","US-IA"
84019103,"US","USA",840,19103,"Johnson","Iowa","US",41.6717,-91.5875,"Johnson, Iowa, US",14,0,2020-03-13,1,0,FALSE,TRUE,"US","USA","US-IA"
84019103,"US","USA",840,19103,"Johnson","Iowa","US",41.6717,-91.5875,"Johnson, Iowa, US",14,0,2020-03-14,0,0,FALSE,TRUE,"US","USA","US-IA"
84019103,"US","USA",840,19103,"Johnson","Iowa","US",41.6717,-91.5875,"Johnson, Iowa, US",14,0,2020-03-15,0,0,FALSE,TRUE,"US","USA","US-IA"
84019103,"US","USA",840,19103,"Johnson","Iowa","US",41.6717,-91.5875,"Johnson, Iowa, US",15,0,2020-03-16,1,0,FALSE,TRUE,"US","USA","US-IA"
84019103,"US","USA",840,19103,"Johnson","Iowa","US",41.6717,-91.5875,"Johnson, Iowa, US",15,0,2020-03-17,0,0,FALSE,TRUE,"US","USA","US-IA"
84019103,"US","USA",840,19103,"Johnson","Iowa","US",41.6717,-91.5875,"Johnson, Iowa, US",21,0,2020-03-18,6,0,FALSE,TRUE,"US","USA","US-IA"
84019103,"US","USA",840,19103,"Johnson","Iowa","US",41.6717,-91.5875,"Johnson, Iowa, US",22,0,2020-03-19,1,0,FALSE,TRUE,"US","USA","US-IA"
84019103,"US","USA",840,19103,"Johnson","Iowa","US",41.6717,-91.5875,"Johnson, Iowa, US",22,0,2020-03-20,0,0,FALSE,TRUE,"US","USA","US-IA"
84019103,"US","USA",840,19103,"Johnson","Iowa","US",41.6717,-91.5875,"Johnson, Iowa, US",27,0,2020-03-21,5,0,FALSE,TRUE,"US","USA","US-IA"
84019103,"US","USA",840,19103,"Johnson","Iowa","US",41.6717,-91.5875,"Johnson, Iowa, US",32,0,2020-03-22,5,0,FALSE,TRUE,"US","USA","US-IA"
84019103,"US","USA",840,19103,"Johnson","Iowa","US",41.6717,-91.5875,"Johnson, Iowa, US",35,0,2020-03-23,3,0,FALSE,TRUE,"US","USA","US-IA"
84019103,"US","USA",840,19103,"Johnson","Iowa","US",41.6717,-91.5875,"Johnson, Iowa, US",37,0,2020-03-24,2,0,FALSE,TRUE,"US","USA","US-IA"
84019103,"US","USA",840,19103,"Johnson","Iowa","US",41.6717,-91.5875,"Johnson, Iowa, US",43,0,2020-03-25,6,0,FALSE,TRUE,"US","USA","US-IA"
84019103,"US","USA",840,19103,"Johnson","Iowa","US",41.6717,-91.5875,"Johnson, Iowa, US",49,0,2020-03-26,6,0,FALSE,TRUE,"US","USA","US-IA"
84019103,"US","USA",840,19103,"Johnson","Iowa","US",41.6717,-91.5875,"Johnson, Iowa, US",58,0,2020-03-27,9,0,FALSE,TRUE,"US","USA","US-IA"
84019103,"US","USA",840,19103,"Johnson","Iowa","US",41.6717,-91.5875,"Johnson, Iowa, US",61,0,2020-03-28,3,0,FALSE,TRUE,"US","USA","US-IA"
84019103,"US","USA",840,19103,"Johnson","Iowa","US",41.6717,-91.5875,"Johnson, Iowa, US",65,0,2020-03-29,4,0,FALSE,TRUE,"US","USA","US-IA"
84019103,"US","USA",840,19103,"Johnson","Iowa","US",41.6717,-91.5875,"Johnson, Iowa, US",70,0,2020-03-30,5,0,FALSE,TRUE,"US","USA","US-IA"
84019103,"US","USA",840,19103,"Johnson","Iowa","US",41.6717,-91.5875,"Johnson, Iowa, US",73,0,2020-03-31,3,0,FALSE,TRUE,"US","USA","US-IA"
84019103,"US","USA",840,19103,"Johnson","Iowa","US",41.6717,-91.5875,"Johnson, Iowa, US",76,0,2020-04-01,3,0,FALSE,TRUE,"US","USA","US-IA"
84019103,"US","USA",840,19103,"Johnson","Iowa","US",41.6717,-91.5875,"Johnson, Iowa, US",80,0,2020-04-02,4,0,FALSE,TRUE,"US","USA","US-IA"
84019103,"US","USA",840,19103,"Johnson","Iowa","US",41.6717,-91.5875,"Johnson, Iowa, US",83,0,2020-04-03,3,0,FALSE,TRUE,"US","USA","US-IA"
84019103,"US","USA",840,19103,"Johnson","Iowa","US",41.6717,-91.5875,"Johnson, Iowa, US",96,0,2020-04-04,13,0,FALSE,TRUE,"US","USA","US-IA"
84019103,"US","USA",840,19103,"Johnson","Iowa","US",41.6717,-91.5875,"Johnson, Iowa, US",106,1,2020-04-05,10,1,FALSE,TRUE,"US","USA","US-IA"
84019103,"US","USA",840,19103,"Johnson","Iowa","US",41.6717,-91.5875,"Johnson, Iowa, US",118,1,2020-04-06,12,0,FALSE,TRUE,"US","USA","US-IA"
84019103,"US","USA",840,19103,"Johnson","Iowa","US",41.6717,-91.5875,"Johnson, Iowa, US",134,1,2020-04-07,16,0,FALSE,TRUE,"US","USA","US-IA"
84019103,"US","USA",840,19103,"Johnson","Iowa","US",41.6717,-91.5875,"Johnson, Iowa, US",147,1,2020-04-08,13,0,FALSE,TRUE,"US","USA","US-IA"
84019103,"US","USA",840,19103,"Johnson","Iowa","US",41.6717,-91.5875,"Johnson, Iowa, US",171,1,2020-04-09,24,0,FALSE,TRUE,"US","USA","US-IA"
84019103,"US","USA",840,19103,"Johnson","Iowa","US",41.6717,-91.5875,"Johnson, Iowa, US",185,1,2020-04-10,14,0,FALSE,TRUE,"US","USA","US-IA"
84019103,"US","USA",840,19103,"Johnson","Iowa","US",41.6717,-91.5875,"Johnson, Iowa, US",194,1,2020-04-11,9,0,FALSE,TRUE,"US","USA","US-IA"
84019103,"US","USA",840,19103,"Johnson","Iowa","US",41.6717,-91.5875,"Johnson, Iowa, US",203,1,2020-04-12,9,0,FALSE,TRUE,"US","USA","US-IA"
84019103,"US","USA",840,19103,"Johnson","Iowa","US",41.6717,-91.5875,"Johnson, Iowa, US",210,2,2020-04-13,7,1,FALSE,TRUE,"US","USA","US-IA"
84019103,"US","USA",840,19103,"Johnson","Iowa","US",41.6717,-91.5875,"Johnson, Iowa, US",216,2,2020-04-14,6,0,FALSE,TRUE,"US","USA","US-IA"
84019103,"US","USA",840,19103,"Johnson","Iowa","US",41.6717,-91.5875,"Johnson, Iowa, US",226,3,2020-04-15,10,1,FALSE,TRUE,"US","USA","US-IA"
84019103,"US","USA",840,19103,"Johnson","Iowa","US",41.6717,-91.5875,"Johnson, Iowa, US",234,3,2020-04-16,8,0,FALSE,TRUE,"US","USA","US-IA"
84019103,"US","USA",840,19103,"Johnson","Iowa","US",41.6717,-91.5875,"Johnson, Iowa, US",246,3,2020-04-17,12,0,FALSE,TRUE,"US","USA","US-IA"
84019103,"US","USA",840,19103,"Johnson","Iowa","US",41.6717,-91.5875,"Johnson, Iowa, US",265,3,2020-04-18,19,0,FALSE,TRUE,"US","USA","US-IA"
84019103,"US","USA",840,19103,"Johnson","Iowa","US",41.6717,-91.5875,"Johnson, Iowa, US",285,3,2020-04-19,20,0,FALSE,TRUE,"US","USA","US-IA"
84019103,"US","USA",840,19103,"Johnson","Iowa","US",41.6717,-91.5875,"Johnson, Iowa, US",303,3,2020-04-20,18,0,FALSE,TRUE,"US","USA","US-IA"
84019103,"US","USA",840,19103,"Johnson","Iowa","US",41.6717,-91.5875,"Johnson, Iowa, US",372,3,2020-04-21,69,0,FALSE,TRUE,"US","USA","US-IA"
84019103,"US","USA",840,19103,"Johnson","Iowa","US",41.6717,-91.5875,"Johnson, Iowa, US",388,3,2020-04-22,16,0,FALSE,TRUE,"US","USA","US-IA"
84019103,"US","USA",840,19103,"Johnson","Iowa","US",41.6717,-91.5875,"Johnson, Iowa, US",391,3,2020-04-23,3,0,FALSE,TRUE,"US","USA","US-IA"
84019103,"US","USA",840,19103,"Johnson","Iowa","US",41.6717,-91.5875,"Johnson, Iowa, US",410,3,2020-04-24,19,0,FALSE,TRUE,"US","USA","US-IA"
84019103,"US","USA",840,19103,"Johnson","Iowa","US",41.6717,-91.5875,"Johnson, Iowa, US",418,4,2020-04-25,8,1,FALSE,TRUE,"US","USA","US-IA"
84019103,"US","USA",840,19103,"Johnson","Iowa","US",41.6717,-91.5875,"Johnson, Iowa, US",426,6,2020-04-26,8,2,FALSE,TRUE,"US","USA","US-IA"
84019103,"US","USA",840,19103,"Johnson","Iowa","US",41.6717,-91.5875,"Johnson, Iowa, US",437,6,2020-04-27,11,0,FALSE,TRUE,"US","USA","US-IA"
84019103,"US","USA",840,19103,"Johnson","Iowa","US",41.6717,-91.5875,"Johnson, Iowa, US",448,6,2020-04-28,11,0,FALSE,TRUE,"US","USA","US-IA"
84019103,"US","USA",840,19103,"Johnson","Iowa","US",41.6717,-91.5875,"Johnson, Iowa, US",453,6,2020-04-29,5,0,FALSE,TRUE,"US","USA","US-IA"
84019103,"US","USA",840,19103,"Johnson","Iowa","US",41.6717,-91.5875,"Johnson, Iowa, US",461,6,2020-04-30,8,0,FALSE,TRUE,"US","USA","US-IA"
84019103,"US","USA",840,19103,"Johnson","Iowa","US",41.6717,-91.5875,"Johnson, Iowa, US",475,6,2020-05-01,14,0,FALSE,TRUE,"US","USA","US-IA"
84019103,"US","USA",840,19103,"Johnson","Iowa","US",41.6717,-91.5875,"Johnson, Iowa, US",487,6,2020-05-02,12,0,FALSE,TRUE,"US","USA","US-IA"
84019103,"US","USA",840,19103,"Johnson","Iowa","US",41.6717,-91.5875,"Johnson, Iowa, US",498,6,2020-05-03,11,0,FALSE,TRUE,"US","USA","US-IA"
84019103,"US","USA",840,19103,"Johnson","Iowa","US",41.6717,-91.5875,"Johnson, Iowa, US",505,6,2020-05-04,7,0,FALSE,TRUE,"US","USA","US-IA"
