"UID","iso2","iso3","code3","FIPS","Admin2","Province.State","Country.Region","Lat","Long","Combined_Key","confirmed","deaths","date","confirmed_new","deaths_new","hasErrors","hasParent","country_code","country_code3","territory_code"
84021067,"US","USA",840,21067,"Fayette","Kentucky","US",38.0368,-84.4558,"Fayette, Kentucky, US",0,0,2020-01-22,0,0,FALSE,TRUE,"US","USA","US-KY"
84021067,"US","USA",840,21067,"Fayette","Kentucky","US",38.0368,-84.4558,"Fayette, Kentucky, US",0,0,2020-01-23,0,0,FALSE,TRUE,"US","USA","US-KY"
84021067,"US","USA",840,21067,"Fayette","Kentucky","US",38.0368,-84.4558,"Fayette, Kentucky, US",0,0,2020-01-24,0,0,FALSE,TRUE,"US","USA","US-KY"
84021067,"US","USA",840,21067,"Fayette","Kentucky","US",38.0368,-84.4558,"Fayette, Kentucky, US",0,0,2020-01-25,0,0,FALSE,TRUE,"US","USA","US-KY"
84021067,"US","USA",840,21067,"Fayette","Kentucky","US",38.0368,-84.4558,"Fayette, Kentucky, US",0,0,2020-01-26,0,0,FALSE,TRUE,"US","USA","US-KY"
84021067,"US","USA",840,21067,"Fayette","Kentucky","US",38.0368,-84.4558,"Fayette, Kentucky, US",0,0,2020-01-27,0,0,FALSE,TRUE,"US","USA","US-KY"
84021067,"US","USA",840,21067,"Fayette","Kentucky","US",38.0368,-84.4558,"Fayette, Kentucky, US",0,0,2020-01-28,0,0,FALSE,TRUE,"US","USA","US-KY"
84021067,"US","USA",840,21067,"Fayette","Kentucky","US",38.0368,-84.4558,"Fayette, Kentucky, US",0,0,2020-01-29,0,0,FALSE,TRUE,"US","USA","US-KY"
84021067,"US","USA",840,21067,"Fayette","Kentucky","US",38.0368,-84.4558,"Fayette, Kentucky, US",0,0,2020-01-30,0,0,FALSE,TRUE,"US","USA","US-KY"
84021067,"US","USA",840,21067,"Fayette","Kentucky","US",38.0368,-84.4558,"Fayette, Kentucky, US",0,0,2020-01-31,0,0,FALSE,TRUE,"US","USA","US-KY"
84021067,"US","USA",840,21067,"Fayette","Kentucky","US",38.0368,-84.4558,"Fayette, Kentucky, US",0,0,2020-02-01,0,0,FALSE,TRUE,"US","USA","US-KY"
84021067,"US","USA",840,21067,"Fayette","Kentucky","US",38.0368,-84.4558,"Fayette, Kentucky, US",0,0,2020-02-02,0,0,FALSE,TRUE,"US","USA","US-KY"
84021067,"US","USA",840,21067,"Fayette","Kentucky","US",38.0368,-84.4558,"Fayette, Kentucky, US",0,0,2020-02-03,0,0,FALSE,TRUE,"US","USA","US-KY"
84021067,"US","USA",840,21067,"Fayette","Kentucky","US",38.0368,-84.4558,"Fayette, Kentucky, US",0,0,2020-02-04,0,0,FALSE,TRUE,"US","USA","US-KY"
84021067,"US","USA",840,21067,"Fayette","Kentucky","US",38.0368,-84.4558,"Fayette, Kentucky, US",0,0,2020-02-05,0,0,FALSE,TRUE,"US","USA","US-KY"
84021067,"US","USA",840,21067,"Fayette","Kentucky","US",38.0368,-84.4558,"Fayette, Kentucky, US",0,0,2020-02-06,0,0,FALSE,TRUE,"US","USA","US-KY"
84021067,"US","USA",840,21067,"Fayette","Kentucky","US",38.0368,-84.4558,"Fayette, Kentucky, US",0,0,2020-02-07,0,0,FALSE,TRUE,"US","USA","US-KY"
84021067,"US","USA",840,21067,"Fayette","Kentucky","US",38.0368,-84.4558,"Fayette, Kentucky, US",0,0,2020-02-08,0,0,FALSE,TRUE,"US","USA","US-KY"
84021067,"US","USA",840,21067,"Fayette","Kentucky","US",38.0368,-84.4558,"Fayette, Kentucky, US",0,0,2020-02-09,0,0,FALSE,TRUE,"US","USA","US-KY"
84021067,"US","USA",840,21067,"Fayette","Kentucky","US",38.0368,-84.4558,"Fayette, Kentucky, US",0,0,2020-02-10,0,0,FALSE,TRUE,"US","USA","US-KY"
84021067,"US","USA",840,21067,"Fayette","Kentucky","US",38.0368,-84.4558,"Fayette, Kentucky, US",0,0,2020-02-11,0,0,FALSE,TRUE,"US","USA","US-KY"
84021067,"US","USA",840,21067,"Fayette","Kentucky","US",38.0368,-84.4558,"Fayette, Kentucky, US",0,0,2020-02-12,0,0,FALSE,TRUE,"US","USA","US-KY"
84021067,"US","USA",840,21067,"Fayette","Kentucky","US",38.0368,-84.4558,"Fayette, Kentucky, US",0,0,2020-02-13,0,0,FALSE,TRUE,"US","USA","US-KY"
84021067,"US","USA",840,21067,"Fayette","Kentucky","US",38.0368,-84.4558,"Fayette, Kentucky, US",0,0,2020-02-14,0,0,FALSE,TRUE,"US","USA","US-KY"
84021067,"US","USA",840,21067,"Fayette","Kentucky","US",38.0368,-84.4558,"Fayette, Kentucky, US",0,0,2020-02-15,0,0,FALSE,TRUE,"US","USA","US-KY"
84021067,"US","USA",840,21067,"Fayette","Kentucky","US",38.0368,-84.4558,"Fayette, Kentucky, US",0,0,2020-02-16,0,0,FALSE,TRUE,"US","USA","US-KY"
84021067,"US","USA",840,21067,"Fayette","Kentucky","US",38.0368,-84.4558,"Fayette, Kentucky, US",0,0,2020-02-17,0,0,FALSE,TRUE,"US","USA","US-KY"
84021067,"US","USA",840,21067,"Fayette","Kentucky","US",38.0368,-84.4558,"Fayette, Kentucky, US",0,0,2020-02-18,0,0,FALSE,TRUE,"US","USA","US-KY"
84021067,"US","USA",840,21067,"Fayette","Kentucky","US",38.0368,-84.4558,"Fayette, Kentucky, US",0,0,2020-02-19,0,0,FALSE,TRUE,"US","USA","US-KY"
84021067,"US","USA",840,21067,"Fayette","Kentucky","US",38.0368,-84.4558,"Fayette, Kentucky, US",0,0,2020-02-20,0,0,FALSE,TRUE,"US","USA","US-KY"
84021067,"US","USA",840,21067,"Fayette","Kentucky","US",38.0368,-84.4558,"Fayette, Kentucky, US",0,0,2020-02-21,0,0,FALSE,TRUE,"US","USA","US-KY"
84021067,"US","USA",840,21067,"Fayette","Kentucky","US",38.0368,-84.4558,"Fayette, Kentucky, US",0,0,2020-02-22,0,0,FALSE,TRUE,"US","USA","US-KY"
84021067,"US","USA",840,21067,"Fayette","Kentucky","US",38.0368,-84.4558,"Fayette, Kentucky, US",0,0,2020-02-23,0,0,FALSE,TRUE,"US","USA","US-KY"
84021067,"US","USA",840,21067,"Fayette","Kentucky","US",38.0368,-84.4558,"Fayette, Kentucky, US",0,0,2020-02-24,0,0,FALSE,TRUE,"US","USA","US-KY"
84021067,"US","USA",840,21067,"Fayette","Kentucky","US",38.0368,-84.4558,"Fayette, Kentucky, US",0,0,2020-02-25,0,0,FALSE,TRUE,"US","USA","US-KY"
84021067,"US","USA",840,21067,"Fayette","Kentucky","US",38.0368,-84.4558,"Fayette, Kentucky, US",0,0,2020-02-26,0,0,FALSE,TRUE,"US","USA","US-KY"
84021067,"US","USA",840,21067,"Fayette","Kentucky","US",38.0368,-84.4558,"Fayette, Kentucky, US",0,0,2020-02-27,0,0,FALSE,TRUE,"US","USA","US-KY"
84021067,"US","USA",840,21067,"Fayette","Kentucky","US",38.0368,-84.4558,"Fayette, Kentucky, US",0,0,2020-02-28,0,0,FALSE,TRUE,"US","USA","US-KY"
84021067,"US","USA",840,21067,"Fayette","Kentucky","US",38.0368,-84.4558,"Fayette, Kentucky, US",0,0,2020-02-29,0,0,FALSE,TRUE,"US","USA","US-KY"
84021067,"US","USA",840,21067,"Fayette","Kentucky","US",38.0368,-84.4558,"Fayette, Kentucky, US",0,0,2020-03-01,0,0,FALSE,TRUE,"US","USA","US-KY"
84021067,"US","USA",840,21067,"Fayette","Kentucky","US",38.0368,-84.4558,"Fayette, Kentucky, US",0,0,2020-03-02,0,0,FALSE,TRUE,"US","USA","US-KY"
84021067,"US","USA",840,21067,"Fayette","Kentucky","US",38.0368,-84.4558,"Fayette, Kentucky, US",0,0,2020-03-03,0,0,FALSE,TRUE,"US","USA","US-KY"
84021067,"US","USA",840,21067,"Fayette","Kentucky","US",38.0368,-84.4558,"Fayette, Kentucky, US",0,0,2020-03-04,0,0,FALSE,TRUE,"US","USA","US-KY"
84021067,"US","USA",840,21067,"Fayette","Kentucky","US",38.0368,-84.4558,"Fayette, Kentucky, US",0,0,2020-03-05,0,0,FALSE,TRUE,"US","USA","US-KY"
84021067,"US","USA",840,21067,"Fayette","Kentucky","US",38.0368,-84.4558,"Fayette, Kentucky, US",1,0,2020-03-06,1,0,FALSE,TRUE,"US","USA","US-KY"
84021067,"US","USA",840,21067,"Fayette","Kentucky","US",38.0368,-84.4558,"Fayette, Kentucky, US",1,0,2020-03-07,0,0,FALSE,TRUE,"US","USA","US-KY"
84021067,"US","USA",840,21067,"Fayette","Kentucky","US",38.0368,-84.4558,"Fayette, Kentucky, US",1,0,2020-03-08,0,0,FALSE,TRUE,"US","USA","US-KY"
84021067,"US","USA",840,21067,"Fayette","Kentucky","US",38.0368,-84.4558,"Fayette, Kentucky, US",1,0,2020-03-09,0,0,FALSE,TRUE,"US","USA","US-KY"
84021067,"US","USA",840,21067,"Fayette","Kentucky","US",38.0368,-84.4558,"Fayette, Kentucky, US",2,0,2020-03-10,1,0,FALSE,TRUE,"US","USA","US-KY"
84021067,"US","USA",840,21067,"Fayette","Kentucky","US",38.0368,-84.4558,"Fayette, Kentucky, US",2,0,2020-03-11,0,0,FALSE,TRUE,"US","USA","US-KY"
84021067,"US","USA",840,21067,"Fayette","Kentucky","US",38.0368,-84.4558,"Fayette, Kentucky, US",3,0,2020-03-12,1,0,FALSE,TRUE,"US","USA","US-KY"
84021067,"US","USA",840,21067,"Fayette","Kentucky","US",38.0368,-84.4558,"Fayette, Kentucky, US",3,0,2020-03-13,0,0,FALSE,TRUE,"US","USA","US-KY"
84021067,"US","USA",840,21067,"Fayette","Kentucky","US",38.0368,-84.4558,"Fayette, Kentucky, US",3,0,2020-03-14,0,0,FALSE,TRUE,"US","USA","US-KY"
84021067,"US","USA",840,21067,"Fayette","Kentucky","US",38.0368,-84.4558,"Fayette, Kentucky, US",5,0,2020-03-15,2,0,FALSE,TRUE,"US","USA","US-KY"
84021067,"US","USA",840,21067,"Fayette","Kentucky","US",38.0368,-84.4558,"Fayette, Kentucky, US",5,0,2020-03-16,0,0,FALSE,TRUE,"US","USA","US-KY"
84021067,"US","USA",840,21067,"Fayette","Kentucky","US",38.0368,-84.4558,"Fayette, Kentucky, US",7,0,2020-03-17,2,0,FALSE,TRUE,"US","USA","US-KY"
84021067,"US","USA",840,21067,"Fayette","Kentucky","US",38.0368,-84.4558,"Fayette, Kentucky, US",8,0,2020-03-18,1,0,FALSE,TRUE,"US","USA","US-KY"
84021067,"US","USA",840,21067,"Fayette","Kentucky","US",38.0368,-84.4558,"Fayette, Kentucky, US",8,0,2020-03-19,0,0,FALSE,TRUE,"US","USA","US-KY"
84021067,"US","USA",840,21067,"Fayette","Kentucky","US",38.0368,-84.4558,"Fayette, Kentucky, US",10,0,2020-03-20,2,0,FALSE,TRUE,"US","USA","US-KY"
84021067,"US","USA",840,21067,"Fayette","Kentucky","US",38.0368,-84.4558,"Fayette, Kentucky, US",10,0,2020-03-21,0,0,FALSE,TRUE,"US","USA","US-KY"
84021067,"US","USA",840,21067,"Fayette","Kentucky","US",38.0368,-84.4558,"Fayette, Kentucky, US",10,0,2020-03-22,0,0,FALSE,TRUE,"US","USA","US-KY"
84021067,"US","USA",840,21067,"Fayette","Kentucky","US",38.0368,-84.4558,"Fayette, Kentucky, US",15,1,2020-03-23,5,1,FALSE,TRUE,"US","USA","US-KY"
84021067,"US","USA",840,21067,"Fayette","Kentucky","US",38.0368,-84.4558,"Fayette, Kentucky, US",15,1,2020-03-24,0,0,FALSE,TRUE,"US","USA","US-KY"
84021067,"US","USA",840,21067,"Fayette","Kentucky","US",38.0368,-84.4558,"Fayette, Kentucky, US",28,1,2020-03-25,13,0,FALSE,TRUE,"US","USA","US-KY"
84021067,"US","USA",840,21067,"Fayette","Kentucky","US",38.0368,-84.4558,"Fayette, Kentucky, US",28,1,2020-03-26,0,0,FALSE,TRUE,"US","USA","US-KY"
84021067,"US","USA",840,21067,"Fayette","Kentucky","US",38.0368,-84.4558,"Fayette, Kentucky, US",28,2,2020-03-27,0,1,FALSE,TRUE,"US","USA","US-KY"
84021067,"US","USA",840,21067,"Fayette","Kentucky","US",38.0368,-84.4558,"Fayette, Kentucky, US",28,2,2020-03-28,0,0,FALSE,TRUE,"US","USA","US-KY"
84021067,"US","USA",840,21067,"Fayette","Kentucky","US",38.0368,-84.4558,"Fayette, Kentucky, US",67,2,2020-03-29,39,0,FALSE,TRUE,"US","USA","US-KY"
84021067,"US","USA",840,21067,"Fayette","Kentucky","US",38.0368,-84.4558,"Fayette, Kentucky, US",82,2,2020-03-30,15,0,FALSE,TRUE,"US","USA","US-KY"
84021067,"US","USA",840,21067,"Fayette","Kentucky","US",38.0368,-84.4558,"Fayette, Kentucky, US",110,2,2020-03-31,28,0,FALSE,TRUE,"US","USA","US-KY"
84021067,"US","USA",840,21067,"Fayette","Kentucky","US",38.0368,-84.4558,"Fayette, Kentucky, US",110,3,2020-04-01,0,1,FALSE,TRUE,"US","USA","US-KY"
84021067,"US","USA",840,21067,"Fayette","Kentucky","US",38.0368,-84.4558,"Fayette, Kentucky, US",116,3,2020-04-02,6,0,FALSE,TRUE,"US","USA","US-KY"
84021067,"US","USA",840,21067,"Fayette","Kentucky","US",38.0368,-84.4558,"Fayette, Kentucky, US",116,6,2020-04-03,0,3,FALSE,TRUE,"US","USA","US-KY"
84021067,"US","USA",840,21067,"Fayette","Kentucky","US",38.0368,-84.4558,"Fayette, Kentucky, US",120,7,2020-04-04,4,1,FALSE,TRUE,"US","USA","US-KY"
84021067,"US","USA",840,21067,"Fayette","Kentucky","US",38.0368,-84.4558,"Fayette, Kentucky, US",122,7,2020-04-05,2,0,FALSE,TRUE,"US","USA","US-KY"
84021067,"US","USA",840,21067,"Fayette","Kentucky","US",38.0368,-84.4558,"Fayette, Kentucky, US",122,7,2020-04-06,0,0,FALSE,TRUE,"US","USA","US-KY"
84021067,"US","USA",840,21067,"Fayette","Kentucky","US",38.0368,-84.4558,"Fayette, Kentucky, US",123,8,2020-04-07,1,1,FALSE,TRUE,"US","USA","US-KY"
84021067,"US","USA",840,21067,"Fayette","Kentucky","US",38.0368,-84.4558,"Fayette, Kentucky, US",123,8,2020-04-08,0,0,FALSE,TRUE,"US","USA","US-KY"
84021067,"US","USA",840,21067,"Fayette","Kentucky","US",38.0368,-84.4558,"Fayette, Kentucky, US",148,8,2020-04-09,25,0,FALSE,TRUE,"US","USA","US-KY"
84021067,"US","USA",840,21067,"Fayette","Kentucky","US",38.0368,-84.4558,"Fayette, Kentucky, US",148,8,2020-04-10,0,0,FALSE,TRUE,"US","USA","US-KY"
84021067,"US","USA",840,21067,"Fayette","Kentucky","US",38.0368,-84.4558,"Fayette, Kentucky, US",148,8,2020-04-11,0,0,FALSE,TRUE,"US","USA","US-KY"
84021067,"US","USA",840,21067,"Fayette","Kentucky","US",38.0368,-84.4558,"Fayette, Kentucky, US",179,8,2020-04-12,31,0,FALSE,TRUE,"US","USA","US-KY"
84021067,"US","USA",840,21067,"Fayette","Kentucky","US",38.0368,-84.4558,"Fayette, Kentucky, US",179,8,2020-04-13,0,0,FALSE,TRUE,"US","USA","US-KY"
84021067,"US","USA",840,21067,"Fayette","Kentucky","US",38.0368,-84.4558,"Fayette, Kentucky, US",197,7,2020-04-14,18,-1,FALSE,TRUE,"US","USA","US-KY"
84021067,"US","USA",840,21067,"Fayette","Kentucky","US",38.0368,-84.4558,"Fayette, Kentucky, US",206,7,2020-04-15,9,0,FALSE,TRUE,"US","USA","US-KY"
84021067,"US","USA",840,21067,"Fayette","Kentucky","US",38.0368,-84.4558,"Fayette, Kentucky, US",209,7,2020-04-16,3,0,FALSE,TRUE,"US","USA","US-KY"
84021067,"US","USA",840,21067,"Fayette","Kentucky","US",38.0368,-84.4558,"Fayette, Kentucky, US",210,7,2020-04-17,1,0,FALSE,TRUE,"US","USA","US-KY"
84021067,"US","USA",840,21067,"Fayette","Kentucky","US",38.0368,-84.4558,"Fayette, Kentucky, US",218,7,2020-04-18,8,0,FALSE,TRUE,"US","USA","US-KY"
84021067,"US","USA",840,21067,"Fayette","Kentucky","US",38.0368,-84.4558,"Fayette, Kentucky, US",219,7,2020-04-19,1,0,FALSE,TRUE,"US","USA","US-KY"
84021067,"US","USA",840,21067,"Fayette","Kentucky","US",38.0368,-84.4558,"Fayette, Kentucky, US",219,7,2020-04-20,0,0,FALSE,TRUE,"US","USA","US-KY"
84021067,"US","USA",840,21067,"Fayette","Kentucky","US",38.0368,-84.4558,"Fayette, Kentucky, US",219,7,2020-04-21,0,0,FALSE,TRUE,"US","USA","US-KY"
84021067,"US","USA",840,21067,"Fayette","Kentucky","US",38.0368,-84.4558,"Fayette, Kentucky, US",223,8,2020-04-22,4,1,FALSE,TRUE,"US","USA","US-KY"
84021067,"US","USA",840,21067,"Fayette","Kentucky","US",38.0368,-84.4558,"Fayette, Kentucky, US",223,8,2020-04-23,0,0,FALSE,TRUE,"US","USA","US-KY"
84021067,"US","USA",840,21067,"Fayette","Kentucky","US",38.0368,-84.4558,"Fayette, Kentucky, US",226,8,2020-04-24,3,0,FALSE,TRUE,"US","USA","US-KY"
84021067,"US","USA",840,21067,"Fayette","Kentucky","US",38.0368,-84.4558,"Fayette, Kentucky, US",235,8,2020-04-25,9,0,FALSE,TRUE,"US","USA","US-KY"
84021067,"US","USA",840,21067,"Fayette","Kentucky","US",38.0368,-84.4558,"Fayette, Kentucky, US",238,8,2020-04-26,3,0,FALSE,TRUE,"US","USA","US-KY"
84021067,"US","USA",840,21067,"Fayette","Kentucky","US",38.0368,-84.4558,"Fayette, Kentucky, US",239,9,2020-04-27,1,1,FALSE,TRUE,"US","USA","US-KY"
84021067,"US","USA",840,21067,"Fayette","Kentucky","US",38.0368,-84.4558,"Fayette, Kentucky, US",242,9,2020-04-28,3,0,FALSE,TRUE,"US","USA","US-KY"
84021067,"US","USA",840,21067,"Fayette","Kentucky","US",38.0368,-84.4558,"Fayette, Kentucky, US",246,9,2020-04-29,4,0,FALSE,TRUE,"US","USA","US-KY"
84021067,"US","USA",840,21067,"Fayette","Kentucky","US",38.0368,-84.4558,"Fayette, Kentucky, US",248,9,2020-04-30,2,0,FALSE,TRUE,"US","USA","US-KY"
84021067,"US","USA",840,21067,"Fayette","Kentucky","US",38.0368,-84.4558,"Fayette, Kentucky, US",254,9,2020-05-01,6,0,FALSE,TRUE,"US","USA","US-KY"
84021067,"US","USA",840,21067,"Fayette","Kentucky","US",38.0368,-84.4558,"Fayette, Kentucky, US",254,9,2020-05-02,0,0,FALSE,TRUE,"US","USA","US-KY"
84021067,"US","USA",840,21067,"Fayette","Kentucky","US",38.0368,-84.4558,"Fayette, Kentucky, US",287,9,2020-05-03,33,0,FALSE,TRUE,"US","USA","US-KY"
84021067,"US","USA",840,21067,"Fayette","Kentucky","US",38.0368,-84.4558,"Fayette, Kentucky, US",295,9,2020-05-04,8,0,FALSE,TRUE,"US","USA","US-KY"
84021067,"US","USA",840,21067,"Fayette","Kentucky","US",38.0368,-84.4558,"Fayette, Kentucky, US",298,9,2020-05-05,3,0,FALSE,TRUE,"US","USA","US-KY"
84021067,"US","USA",840,21067,"Fayette","Kentucky","US",38.0368,-84.4558,"Fayette, Kentucky, US",306,9,2020-05-06,8,0,FALSE,TRUE,"US","USA","US-KY"
84021067,"US","USA",840,21067,"Fayette","Kentucky","US",38.0368,-84.4558,"Fayette, Kentucky, US",328,9,2020-05-07,22,0,FALSE,TRUE,"US","USA","US-KY"
84021067,"US","USA",840,21067,"Fayette","Kentucky","US",38.0368,-84.4558,"Fayette, Kentucky, US",342,9,2020-05-08,14,0,FALSE,TRUE,"US","USA","US-KY"
84021067,"US","USA",840,21067,"Fayette","Kentucky","US",38.0368,-84.4558,"Fayette, Kentucky, US",368,9,2020-05-09,26,0,FALSE,TRUE,"US","USA","US-KY"
84021067,"US","USA",840,21067,"Fayette","Kentucky","US",38.0368,-84.4558,"Fayette, Kentucky, US",368,9,2020-05-10,0,0,FALSE,TRUE,"US","USA","US-KY"
84021067,"US","USA",840,21067,"Fayette","Kentucky","US",38.0368,-84.4558,"Fayette, Kentucky, US",392,9,2020-05-11,24,0,FALSE,TRUE,"US","USA","US-KY"
