"UID","iso2","iso3","code3","FIPS","Admin2","Province.State","Country.Region","Lat","Long","Combined_Key","confirmed","deaths","date","confirmed_new","deaths_new","hasErrors","hasParent","country_code","country_code3","territory_code"
84022047,"US","USA",840,22047,"Iberville","Louisiana","US",30.2573,-91.35,"Iberville, Louisiana, US",0,0,2020-01-22,0,0,FALSE,TRUE,"US","USA","US-LA"
84022047,"US","USA",840,22047,"Iberville","Louisiana","US",30.2573,-91.35,"Iberville, Louisiana, US",0,0,2020-01-23,0,0,FALSE,TRUE,"US","USA","US-LA"
84022047,"US","USA",840,22047,"Iberville","Louisiana","US",30.2573,-91.35,"Iberville, Louisiana, US",0,0,2020-01-24,0,0,FALSE,TRUE,"US","USA","US-LA"
84022047,"US","USA",840,22047,"Iberville","Louisiana","US",30.2573,-91.35,"Iberville, Louisiana, US",0,0,2020-01-25,0,0,FALSE,TRUE,"US","USA","US-LA"
84022047,"US","USA",840,22047,"Iberville","Louisiana","US",30.2573,-91.35,"Iberville, Louisiana, US",0,0,2020-01-26,0,0,FALSE,TRUE,"US","USA","US-LA"
84022047,"US","USA",840,22047,"Iberville","Louisiana","US",30.2573,-91.35,"Iberville, Louisiana, US",0,0,2020-01-27,0,0,FALSE,TRUE,"US","USA","US-LA"
84022047,"US","USA",840,22047,"Iberville","Louisiana","US",30.2573,-91.35,"Iberville, Louisiana, US",0,0,2020-01-28,0,0,FALSE,TRUE,"US","USA","US-LA"
84022047,"US","USA",840,22047,"Iberville","Louisiana","US",30.2573,-91.35,"Iberville, Louisiana, US",0,0,2020-01-29,0,0,FALSE,TRUE,"US","USA","US-LA"
84022047,"US","USA",840,22047,"Iberville","Louisiana","US",30.2573,-91.35,"Iberville, Louisiana, US",0,0,2020-01-30,0,0,FALSE,TRUE,"US","USA","US-LA"
84022047,"US","USA",840,22047,"Iberville","Louisiana","US",30.2573,-91.35,"Iberville, Louisiana, US",0,0,2020-01-31,0,0,FALSE,TRUE,"US","USA","US-LA"
84022047,"US","USA",840,22047,"Iberville","Louisiana","US",30.2573,-91.35,"Iberville, Louisiana, US",0,0,2020-02-01,0,0,FALSE,TRUE,"US","USA","US-LA"
84022047,"US","USA",840,22047,"Iberville","Louisiana","US",30.2573,-91.35,"Iberville, Louisiana, US",0,0,2020-02-02,0,0,FALSE,TRUE,"US","USA","US-LA"
84022047,"US","USA",840,22047,"Iberville","Louisiana","US",30.2573,-91.35,"Iberville, Louisiana, US",0,0,2020-02-03,0,0,FALSE,TRUE,"US","USA","US-LA"
84022047,"US","USA",840,22047,"Iberville","Louisiana","US",30.2573,-91.35,"Iberville, Louisiana, US",0,0,2020-02-04,0,0,FALSE,TRUE,"US","USA","US-LA"
84022047,"US","USA",840,22047,"Iberville","Louisiana","US",30.2573,-91.35,"Iberville, Louisiana, US",0,0,2020-02-05,0,0,FALSE,TRUE,"US","USA","US-LA"
84022047,"US","USA",840,22047,"Iberville","Louisiana","US",30.2573,-91.35,"Iberville, Louisiana, US",0,0,2020-02-06,0,0,FALSE,TRUE,"US","USA","US-LA"
84022047,"US","USA",840,22047,"Iberville","Louisiana","US",30.2573,-91.35,"Iberville, Louisiana, US",0,0,2020-02-07,0,0,FALSE,TRUE,"US","USA","US-LA"
84022047,"US","USA",840,22047,"Iberville","Louisiana","US",30.2573,-91.35,"Iberville, Louisiana, US",0,0,2020-02-08,0,0,FALSE,TRUE,"US","USA","US-LA"
84022047,"US","USA",840,22047,"Iberville","Louisiana","US",30.2573,-91.35,"Iberville, Louisiana, US",0,0,2020-02-09,0,0,FALSE,TRUE,"US","USA","US-LA"
84022047,"US","USA",840,22047,"Iberville","Louisiana","US",30.2573,-91.35,"Iberville, Louisiana, US",0,0,2020-02-10,0,0,FALSE,TRUE,"US","USA","US-LA"
84022047,"US","USA",840,22047,"Iberville","Louisiana","US",30.2573,-91.35,"Iberville, Louisiana, US",0,0,2020-02-11,0,0,FALSE,TRUE,"US","USA","US-LA"
84022047,"US","USA",840,22047,"Iberville","Louisiana","US",30.2573,-91.35,"Iberville, Louisiana, US",0,0,2020-02-12,0,0,FALSE,TRUE,"US","USA","US-LA"
84022047,"US","USA",840,22047,"Iberville","Louisiana","US",30.2573,-91.35,"Iberville, Louisiana, US",0,0,2020-02-13,0,0,FALSE,TRUE,"US","USA","US-LA"
84022047,"US","USA",840,22047,"Iberville","Louisiana","US",30.2573,-91.35,"Iberville, Louisiana, US",0,0,2020-02-14,0,0,FALSE,TRUE,"US","USA","US-LA"
84022047,"US","USA",840,22047,"Iberville","Louisiana","US",30.2573,-91.35,"Iberville, Louisiana, US",0,0,2020-02-15,0,0,FALSE,TRUE,"US","USA","US-LA"
84022047,"US","USA",840,22047,"Iberville","Louisiana","US",30.2573,-91.35,"Iberville, Louisiana, US",0,0,2020-02-16,0,0,FALSE,TRUE,"US","USA","US-LA"
84022047,"US","USA",840,22047,"Iberville","Louisiana","US",30.2573,-91.35,"Iberville, Louisiana, US",0,0,2020-02-17,0,0,FALSE,TRUE,"US","USA","US-LA"
84022047,"US","USA",840,22047,"Iberville","Louisiana","US",30.2573,-91.35,"Iberville, Louisiana, US",0,0,2020-02-18,0,0,FALSE,TRUE,"US","USA","US-LA"
84022047,"US","USA",840,22047,"Iberville","Louisiana","US",30.2573,-91.35,"Iberville, Louisiana, US",0,0,2020-02-19,0,0,FALSE,TRUE,"US","USA","US-LA"
84022047,"US","USA",840,22047,"Iberville","Louisiana","US",30.2573,-91.35,"Iberville, Louisiana, US",0,0,2020-02-20,0,0,FALSE,TRUE,"US","USA","US-LA"
84022047,"US","USA",840,22047,"Iberville","Louisiana","US",30.2573,-91.35,"Iberville, Louisiana, US",0,0,2020-02-21,0,0,FALSE,TRUE,"US","USA","US-LA"
84022047,"US","USA",840,22047,"Iberville","Louisiana","US",30.2573,-91.35,"Iberville, Louisiana, US",0,0,2020-02-22,0,0,FALSE,TRUE,"US","USA","US-LA"
84022047,"US","USA",840,22047,"Iberville","Louisiana","US",30.2573,-91.35,"Iberville, Louisiana, US",0,0,2020-02-23,0,0,FALSE,TRUE,"US","USA","US-LA"
84022047,"US","USA",840,22047,"Iberville","Louisiana","US",30.2573,-91.35,"Iberville, Louisiana, US",0,0,2020-02-24,0,0,FALSE,TRUE,"US","USA","US-LA"
84022047,"US","USA",840,22047,"Iberville","Louisiana","US",30.2573,-91.35,"Iberville, Louisiana, US",0,0,2020-02-25,0,0,FALSE,TRUE,"US","USA","US-LA"
84022047,"US","USA",840,22047,"Iberville","Louisiana","US",30.2573,-91.35,"Iberville, Louisiana, US",0,0,2020-02-26,0,0,FALSE,TRUE,"US","USA","US-LA"
84022047,"US","USA",840,22047,"Iberville","Louisiana","US",30.2573,-91.35,"Iberville, Louisiana, US",0,0,2020-02-27,0,0,FALSE,TRUE,"US","USA","US-LA"
84022047,"US","USA",840,22047,"Iberville","Louisiana","US",30.2573,-91.35,"Iberville, Louisiana, US",0,0,2020-02-28,0,0,FALSE,TRUE,"US","USA","US-LA"
84022047,"US","USA",840,22047,"Iberville","Louisiana","US",30.2573,-91.35,"Iberville, Louisiana, US",0,0,2020-02-29,0,0,FALSE,TRUE,"US","USA","US-LA"
84022047,"US","USA",840,22047,"Iberville","Louisiana","US",30.2573,-91.35,"Iberville, Louisiana, US",0,0,2020-03-01,0,0,FALSE,TRUE,"US","USA","US-LA"
84022047,"US","USA",840,22047,"Iberville","Louisiana","US",30.2573,-91.35,"Iberville, Louisiana, US",0,0,2020-03-02,0,0,FALSE,TRUE,"US","USA","US-LA"
84022047,"US","USA",840,22047,"Iberville","Louisiana","US",30.2573,-91.35,"Iberville, Louisiana, US",0,0,2020-03-03,0,0,FALSE,TRUE,"US","USA","US-LA"
84022047,"US","USA",840,22047,"Iberville","Louisiana","US",30.2573,-91.35,"Iberville, Louisiana, US",0,0,2020-03-04,0,0,FALSE,TRUE,"US","USA","US-LA"
84022047,"US","USA",840,22047,"Iberville","Louisiana","US",30.2573,-91.35,"Iberville, Louisiana, US",0,0,2020-03-05,0,0,FALSE,TRUE,"US","USA","US-LA"
84022047,"US","USA",840,22047,"Iberville","Louisiana","US",30.2573,-91.35,"Iberville, Louisiana, US",0,0,2020-03-06,0,0,FALSE,TRUE,"US","USA","US-LA"
84022047,"US","USA",840,22047,"Iberville","Louisiana","US",30.2573,-91.35,"Iberville, Louisiana, US",0,0,2020-03-07,0,0,FALSE,TRUE,"US","USA","US-LA"
84022047,"US","USA",840,22047,"Iberville","Louisiana","US",30.2573,-91.35,"Iberville, Louisiana, US",0,0,2020-03-08,0,0,FALSE,TRUE,"US","USA","US-LA"
84022047,"US","USA",840,22047,"Iberville","Louisiana","US",30.2573,-91.35,"Iberville, Louisiana, US",0,0,2020-03-09,0,0,FALSE,TRUE,"US","USA","US-LA"
84022047,"US","USA",840,22047,"Iberville","Louisiana","US",30.2573,-91.35,"Iberville, Louisiana, US",0,0,2020-03-10,0,0,FALSE,TRUE,"US","USA","US-LA"
84022047,"US","USA",840,22047,"Iberville","Louisiana","US",30.2573,-91.35,"Iberville, Louisiana, US",0,0,2020-03-11,0,0,FALSE,TRUE,"US","USA","US-LA"
84022047,"US","USA",840,22047,"Iberville","Louisiana","US",30.2573,-91.35,"Iberville, Louisiana, US",0,0,2020-03-12,0,0,FALSE,TRUE,"US","USA","US-LA"
84022047,"US","USA",840,22047,"Iberville","Louisiana","US",30.2573,-91.35,"Iberville, Louisiana, US",0,0,2020-03-13,0,0,FALSE,TRUE,"US","USA","US-LA"
84022047,"US","USA",840,22047,"Iberville","Louisiana","US",30.2573,-91.35,"Iberville, Louisiana, US",0,0,2020-03-14,0,0,FALSE,TRUE,"US","USA","US-LA"
84022047,"US","USA",840,22047,"Iberville","Louisiana","US",30.2573,-91.35,"Iberville, Louisiana, US",0,0,2020-03-15,0,0,FALSE,TRUE,"US","USA","US-LA"
84022047,"US","USA",840,22047,"Iberville","Louisiana","US",30.2573,-91.35,"Iberville, Louisiana, US",0,0,2020-03-16,0,0,FALSE,TRUE,"US","USA","US-LA"
84022047,"US","USA",840,22047,"Iberville","Louisiana","US",30.2573,-91.35,"Iberville, Louisiana, US",0,0,2020-03-17,0,0,FALSE,TRUE,"US","USA","US-LA"
84022047,"US","USA",840,22047,"Iberville","Louisiana","US",30.2573,-91.35,"Iberville, Louisiana, US",0,0,2020-03-18,0,0,FALSE,TRUE,"US","USA","US-LA"
84022047,"US","USA",840,22047,"Iberville","Louisiana","US",30.2573,-91.35,"Iberville, Louisiana, US",0,0,2020-03-19,0,0,FALSE,TRUE,"US","USA","US-LA"
84022047,"US","USA",840,22047,"Iberville","Louisiana","US",30.2573,-91.35,"Iberville, Louisiana, US",1,0,2020-03-20,1,0,FALSE,TRUE,"US","USA","US-LA"
84022047,"US","USA",840,22047,"Iberville","Louisiana","US",30.2573,-91.35,"Iberville, Louisiana, US",2,0,2020-03-21,1,0,FALSE,TRUE,"US","USA","US-LA"
84022047,"US","USA",840,22047,"Iberville","Louisiana","US",30.2573,-91.35,"Iberville, Louisiana, US",2,0,2020-03-22,0,0,FALSE,TRUE,"US","USA","US-LA"
84022047,"US","USA",840,22047,"Iberville","Louisiana","US",30.2573,-91.35,"Iberville, Louisiana, US",10,0,2020-03-23,8,0,FALSE,TRUE,"US","USA","US-LA"
84022047,"US","USA",840,22047,"Iberville","Louisiana","US",30.2573,-91.35,"Iberville, Louisiana, US",14,1,2020-03-24,4,1,FALSE,TRUE,"US","USA","US-LA"
84022047,"US","USA",840,22047,"Iberville","Louisiana","US",30.2573,-91.35,"Iberville, Louisiana, US",14,1,2020-03-25,0,0,FALSE,TRUE,"US","USA","US-LA"
84022047,"US","USA",840,22047,"Iberville","Louisiana","US",30.2573,-91.35,"Iberville, Louisiana, US",17,1,2020-03-26,3,0,FALSE,TRUE,"US","USA","US-LA"
84022047,"US","USA",840,22047,"Iberville","Louisiana","US",30.2573,-91.35,"Iberville, Louisiana, US",20,1,2020-03-27,3,0,FALSE,TRUE,"US","USA","US-LA"
84022047,"US","USA",840,22047,"Iberville","Louisiana","US",30.2573,-91.35,"Iberville, Louisiana, US",21,1,2020-03-28,1,0,FALSE,TRUE,"US","USA","US-LA"
84022047,"US","USA",840,22047,"Iberville","Louisiana","US",30.2573,-91.35,"Iberville, Louisiana, US",22,1,2020-03-29,1,0,FALSE,TRUE,"US","USA","US-LA"
84022047,"US","USA",840,22047,"Iberville","Louisiana","US",30.2573,-91.35,"Iberville, Louisiana, US",28,2,2020-03-30,6,1,FALSE,TRUE,"US","USA","US-LA"
84022047,"US","USA",840,22047,"Iberville","Louisiana","US",30.2573,-91.35,"Iberville, Louisiana, US",35,3,2020-03-31,7,1,FALSE,TRUE,"US","USA","US-LA"
84022047,"US","USA",840,22047,"Iberville","Louisiana","US",30.2573,-91.35,"Iberville, Louisiana, US",36,3,2020-04-01,1,0,FALSE,TRUE,"US","USA","US-LA"
84022047,"US","USA",840,22047,"Iberville","Louisiana","US",30.2573,-91.35,"Iberville, Louisiana, US",69,4,2020-04-02,33,1,FALSE,TRUE,"US","USA","US-LA"
84022047,"US","USA",840,22047,"Iberville","Louisiana","US",30.2573,-91.35,"Iberville, Louisiana, US",81,5,2020-04-03,12,1,FALSE,TRUE,"US","USA","US-LA"
84022047,"US","USA",840,22047,"Iberville","Louisiana","US",30.2573,-91.35,"Iberville, Louisiana, US",119,5,2020-04-04,38,0,FALSE,TRUE,"US","USA","US-LA"
84022047,"US","USA",840,22047,"Iberville","Louisiana","US",30.2573,-91.35,"Iberville, Louisiana, US",122,5,2020-04-05,3,0,FALSE,TRUE,"US","USA","US-LA"
84022047,"US","USA",840,22047,"Iberville","Louisiana","US",30.2573,-91.35,"Iberville, Louisiana, US",136,6,2020-04-06,14,1,FALSE,TRUE,"US","USA","US-LA"
84022047,"US","USA",840,22047,"Iberville","Louisiana","US",30.2573,-91.35,"Iberville, Louisiana, US",160,8,2020-04-07,24,2,FALSE,TRUE,"US","USA","US-LA"
84022047,"US","USA",840,22047,"Iberville","Louisiana","US",30.2573,-91.35,"Iberville, Louisiana, US",171,9,2020-04-08,11,1,FALSE,TRUE,"US","USA","US-LA"
84022047,"US","USA",840,22047,"Iberville","Louisiana","US",30.2573,-91.35,"Iberville, Louisiana, US",187,9,2020-04-09,16,0,FALSE,TRUE,"US","USA","US-LA"
84022047,"US","USA",840,22047,"Iberville","Louisiana","US",30.2573,-91.35,"Iberville, Louisiana, US",198,10,2020-04-10,11,1,FALSE,TRUE,"US","USA","US-LA"
84022047,"US","USA",840,22047,"Iberville","Louisiana","US",30.2573,-91.35,"Iberville, Louisiana, US",214,12,2020-04-11,16,2,FALSE,TRUE,"US","USA","US-LA"
84022047,"US","USA",840,22047,"Iberville","Louisiana","US",30.2573,-91.35,"Iberville, Louisiana, US",232,14,2020-04-12,18,2,FALSE,TRUE,"US","USA","US-LA"
84022047,"US","USA",840,22047,"Iberville","Louisiana","US",30.2573,-91.35,"Iberville, Louisiana, US",241,16,2020-04-13,9,2,FALSE,TRUE,"US","USA","US-LA"
84022047,"US","USA",840,22047,"Iberville","Louisiana","US",30.2573,-91.35,"Iberville, Louisiana, US",253,17,2020-04-14,12,1,FALSE,TRUE,"US","USA","US-LA"
84022047,"US","USA",840,22047,"Iberville","Louisiana","US",30.2573,-91.35,"Iberville, Louisiana, US",256,17,2020-04-15,3,0,FALSE,TRUE,"US","USA","US-LA"
84022047,"US","USA",840,22047,"Iberville","Louisiana","US",30.2573,-91.35,"Iberville, Louisiana, US",258,18,2020-04-16,2,1,FALSE,TRUE,"US","USA","US-LA"
84022047,"US","USA",840,22047,"Iberville","Louisiana","US",30.2573,-91.35,"Iberville, Louisiana, US",267,19,2020-04-17,9,1,FALSE,TRUE,"US","USA","US-LA"
84022047,"US","USA",840,22047,"Iberville","Louisiana","US",30.2573,-91.35,"Iberville, Louisiana, US",270,21,2020-04-18,3,2,FALSE,TRUE,"US","USA","US-LA"
84022047,"US","USA",840,22047,"Iberville","Louisiana","US",30.2573,-91.35,"Iberville, Louisiana, US",274,21,2020-04-19,4,0,FALSE,TRUE,"US","USA","US-LA"
84022047,"US","USA",840,22047,"Iberville","Louisiana","US",30.2573,-91.35,"Iberville, Louisiana, US",282,21,2020-04-20,8,0,FALSE,TRUE,"US","USA","US-LA"
84022047,"US","USA",840,22047,"Iberville","Louisiana","US",30.2573,-91.35,"Iberville, Louisiana, US",281,21,2020-04-21,-1,0,FALSE,TRUE,"US","USA","US-LA"
84022047,"US","USA",840,22047,"Iberville","Louisiana","US",30.2573,-91.35,"Iberville, Louisiana, US",297,22,2020-04-22,16,1,FALSE,TRUE,"US","USA","US-LA"
84022047,"US","USA",840,22047,"Iberville","Louisiana","US",30.2573,-91.35,"Iberville, Louisiana, US",299,23,2020-04-23,2,1,FALSE,TRUE,"US","USA","US-LA"
84022047,"US","USA",840,22047,"Iberville","Louisiana","US",30.2573,-91.35,"Iberville, Louisiana, US",339,25,2020-04-24,40,2,FALSE,TRUE,"US","USA","US-LA"
84022047,"US","USA",840,22047,"Iberville","Louisiana","US",30.2573,-91.35,"Iberville, Louisiana, US",433,26,2020-04-25,94,1,FALSE,TRUE,"US","USA","US-LA"
84022047,"US","USA",840,22047,"Iberville","Louisiana","US",30.2573,-91.35,"Iberville, Louisiana, US",433,26,2020-04-26,0,0,FALSE,TRUE,"US","USA","US-LA"
84022047,"US","USA",840,22047,"Iberville","Louisiana","US",30.2573,-91.35,"Iberville, Louisiana, US",442,26,2020-04-27,9,0,FALSE,TRUE,"US","USA","US-LA"
84022047,"US","USA",840,22047,"Iberville","Louisiana","US",30.2573,-91.35,"Iberville, Louisiana, US",443,27,2020-04-28,1,1,FALSE,TRUE,"US","USA","US-LA"
84022047,"US","USA",840,22047,"Iberville","Louisiana","US",30.2573,-91.35,"Iberville, Louisiana, US",448,29,2020-04-29,5,2,FALSE,TRUE,"US","USA","US-LA"
84022047,"US","USA",840,22047,"Iberville","Louisiana","US",30.2573,-91.35,"Iberville, Louisiana, US",450,30,2020-04-30,2,1,FALSE,TRUE,"US","USA","US-LA"
84022047,"US","USA",840,22047,"Iberville","Louisiana","US",30.2573,-91.35,"Iberville, Louisiana, US",459,30,2020-05-01,9,0,FALSE,TRUE,"US","USA","US-LA"
84022047,"US","USA",840,22047,"Iberville","Louisiana","US",30.2573,-91.35,"Iberville, Louisiana, US",472,32,2020-05-02,13,2,FALSE,TRUE,"US","USA","US-LA"
84022047,"US","USA",840,22047,"Iberville","Louisiana","US",30.2573,-91.35,"Iberville, Louisiana, US",476,32,2020-05-03,4,0,FALSE,TRUE,"US","USA","US-LA"
84022047,"US","USA",840,22047,"Iberville","Louisiana","US",30.2573,-91.35,"Iberville, Louisiana, US",482,32,2020-05-04,6,0,FALSE,TRUE,"US","USA","US-LA"
84022047,"US","USA",840,22047,"Iberville","Louisiana","US",30.2573,-91.35,"Iberville, Louisiana, US",484,32,2020-05-05,2,0,FALSE,TRUE,"US","USA","US-LA"
84022047,"US","USA",840,22047,"Iberville","Louisiana","US",30.2573,-91.35,"Iberville, Louisiana, US",489,32,2020-05-06,5,0,FALSE,TRUE,"US","USA","US-LA"
84022047,"US","USA",840,22047,"Iberville","Louisiana","US",30.2573,-91.35,"Iberville, Louisiana, US",492,33,2020-05-07,3,1,FALSE,TRUE,"US","USA","US-LA"
84022047,"US","USA",840,22047,"Iberville","Louisiana","US",30.2573,-91.35,"Iberville, Louisiana, US",493,35,2020-05-08,1,2,FALSE,TRUE,"US","USA","US-LA"
84022047,"US","USA",840,22047,"Iberville","Louisiana","US",30.2573,-91.35,"Iberville, Louisiana, US",495,36,2020-05-09,2,1,FALSE,TRUE,"US","USA","US-LA"
84022047,"US","USA",840,22047,"Iberville","Louisiana","US",30.2573,-91.35,"Iberville, Louisiana, US",499,36,2020-05-10,4,0,FALSE,TRUE,"US","USA","US-LA"
84022047,"US","USA",840,22047,"Iberville","Louisiana","US",30.2573,-91.35,"Iberville, Louisiana, US",501,36,2020-05-11,2,0,FALSE,TRUE,"US","USA","US-LA"
84022047,"US","USA",840,22047,"Iberville","Louisiana","US",30.2573,-91.35,"Iberville, Louisiana, US",504,37,2020-05-12,3,1,FALSE,TRUE,"US","USA","US-LA"
84022047,"US","USA",840,22047,"Iberville","Louisiana","US",30.2573,-91.35,"Iberville, Louisiana, US",507,38,2020-05-13,3,1,FALSE,TRUE,"US","USA","US-LA"
84022047,"US","USA",840,22047,"Iberville","Louisiana","US",30.2573,-91.35,"Iberville, Louisiana, US",537,38,2020-05-14,30,0,FALSE,TRUE,"US","USA","US-LA"
84022047,"US","USA",840,22047,"Iberville","Louisiana","US",30.2573,-91.35,"Iberville, Louisiana, US",543,38,2020-05-15,6,0,FALSE,TRUE,"US","USA","US-LA"
84022047,"US","USA",840,22047,"Iberville","Louisiana","US",30.2573,-91.35,"Iberville, Louisiana, US",524,38,2020-05-16,-19,0,FALSE,TRUE,"US","USA","US-LA"
84022047,"US","USA",840,22047,"Iberville","Louisiana","US",30.2573,-91.35,"Iberville, Louisiana, US",526,38,2020-05-17,2,0,FALSE,TRUE,"US","USA","US-LA"
84022047,"US","USA",840,22047,"Iberville","Louisiana","US",30.2573,-91.35,"Iberville, Louisiana, US",527,38,2020-05-18,1,0,FALSE,TRUE,"US","USA","US-LA"
