"UID","iso2","iso3","code3","FIPS","Admin2","Province.State","Country.Region","Lat","Long","Combined_Key","confirmed","deaths","date","confirmed_new","deaths_new","hasErrors","hasParent","country_code","country_code3","territory_code"
84027003,"US","USA",840,27003,"Anoka","Minnesota","US",45.2748,-93.246,"Anoka, Minnesota, US",0,0,2020-01-22,0,0,FALSE,TRUE,"US","USA","US-MN"
84027003,"US","USA",840,27003,"Anoka","Minnesota","US",45.2748,-93.246,"Anoka, Minnesota, US",0,0,2020-01-23,0,0,FALSE,TRUE,"US","USA","US-MN"
84027003,"US","USA",840,27003,"Anoka","Minnesota","US",45.2748,-93.246,"Anoka, Minnesota, US",0,0,2020-01-24,0,0,FALSE,TRUE,"US","USA","US-MN"
84027003,"US","USA",840,27003,"Anoka","Minnesota","US",45.2748,-93.246,"Anoka, Minnesota, US",0,0,2020-01-25,0,0,FALSE,TRUE,"US","USA","US-MN"
84027003,"US","USA",840,27003,"Anoka","Minnesota","US",45.2748,-93.246,"Anoka, Minnesota, US",0,0,2020-01-26,0,0,FALSE,TRUE,"US","USA","US-MN"
84027003,"US","USA",840,27003,"Anoka","Minnesota","US",45.2748,-93.246,"Anoka, Minnesota, US",0,0,2020-01-27,0,0,FALSE,TRUE,"US","USA","US-MN"
84027003,"US","USA",840,27003,"Anoka","Minnesota","US",45.2748,-93.246,"Anoka, Minnesota, US",0,0,2020-01-28,0,0,FALSE,TRUE,"US","USA","US-MN"
84027003,"US","USA",840,27003,"Anoka","Minnesota","US",45.2748,-93.246,"Anoka, Minnesota, US",0,0,2020-01-29,0,0,FALSE,TRUE,"US","USA","US-MN"
84027003,"US","USA",840,27003,"Anoka","Minnesota","US",45.2748,-93.246,"Anoka, Minnesota, US",0,0,2020-01-30,0,0,FALSE,TRUE,"US","USA","US-MN"
84027003,"US","USA",840,27003,"Anoka","Minnesota","US",45.2748,-93.246,"Anoka, Minnesota, US",0,0,2020-01-31,0,0,FALSE,TRUE,"US","USA","US-MN"
84027003,"US","USA",840,27003,"Anoka","Minnesota","US",45.2748,-93.246,"Anoka, Minnesota, US",0,0,2020-02-01,0,0,FALSE,TRUE,"US","USA","US-MN"
84027003,"US","USA",840,27003,"Anoka","Minnesota","US",45.2748,-93.246,"Anoka, Minnesota, US",0,0,2020-02-02,0,0,FALSE,TRUE,"US","USA","US-MN"
84027003,"US","USA",840,27003,"Anoka","Minnesota","US",45.2748,-93.246,"Anoka, Minnesota, US",0,0,2020-02-03,0,0,FALSE,TRUE,"US","USA","US-MN"
84027003,"US","USA",840,27003,"Anoka","Minnesota","US",45.2748,-93.246,"Anoka, Minnesota, US",0,0,2020-02-04,0,0,FALSE,TRUE,"US","USA","US-MN"
84027003,"US","USA",840,27003,"Anoka","Minnesota","US",45.2748,-93.246,"Anoka, Minnesota, US",0,0,2020-02-05,0,0,FALSE,TRUE,"US","USA","US-MN"
84027003,"US","USA",840,27003,"Anoka","Minnesota","US",45.2748,-93.246,"Anoka, Minnesota, US",0,0,2020-02-06,0,0,FALSE,TRUE,"US","USA","US-MN"
84027003,"US","USA",840,27003,"Anoka","Minnesota","US",45.2748,-93.246,"Anoka, Minnesota, US",0,0,2020-02-07,0,0,FALSE,TRUE,"US","USA","US-MN"
84027003,"US","USA",840,27003,"Anoka","Minnesota","US",45.2748,-93.246,"Anoka, Minnesota, US",0,0,2020-02-08,0,0,FALSE,TRUE,"US","USA","US-MN"
84027003,"US","USA",840,27003,"Anoka","Minnesota","US",45.2748,-93.246,"Anoka, Minnesota, US",0,0,2020-02-09,0,0,FALSE,TRUE,"US","USA","US-MN"
84027003,"US","USA",840,27003,"Anoka","Minnesota","US",45.2748,-93.246,"Anoka, Minnesota, US",0,0,2020-02-10,0,0,FALSE,TRUE,"US","USA","US-MN"
84027003,"US","USA",840,27003,"Anoka","Minnesota","US",45.2748,-93.246,"Anoka, Minnesota, US",0,0,2020-02-11,0,0,FALSE,TRUE,"US","USA","US-MN"
84027003,"US","USA",840,27003,"Anoka","Minnesota","US",45.2748,-93.246,"Anoka, Minnesota, US",0,0,2020-02-12,0,0,FALSE,TRUE,"US","USA","US-MN"
84027003,"US","USA",840,27003,"Anoka","Minnesota","US",45.2748,-93.246,"Anoka, Minnesota, US",0,0,2020-02-13,0,0,FALSE,TRUE,"US","USA","US-MN"
84027003,"US","USA",840,27003,"Anoka","Minnesota","US",45.2748,-93.246,"Anoka, Minnesota, US",0,0,2020-02-14,0,0,FALSE,TRUE,"US","USA","US-MN"
84027003,"US","USA",840,27003,"Anoka","Minnesota","US",45.2748,-93.246,"Anoka, Minnesota, US",0,0,2020-02-15,0,0,FALSE,TRUE,"US","USA","US-MN"
84027003,"US","USA",840,27003,"Anoka","Minnesota","US",45.2748,-93.246,"Anoka, Minnesota, US",0,0,2020-02-16,0,0,FALSE,TRUE,"US","USA","US-MN"
84027003,"US","USA",840,27003,"Anoka","Minnesota","US",45.2748,-93.246,"Anoka, Minnesota, US",0,0,2020-02-17,0,0,FALSE,TRUE,"US","USA","US-MN"
84027003,"US","USA",840,27003,"Anoka","Minnesota","US",45.2748,-93.246,"Anoka, Minnesota, US",0,0,2020-02-18,0,0,FALSE,TRUE,"US","USA","US-MN"
84027003,"US","USA",840,27003,"Anoka","Minnesota","US",45.2748,-93.246,"Anoka, Minnesota, US",0,0,2020-02-19,0,0,FALSE,TRUE,"US","USA","US-MN"
84027003,"US","USA",840,27003,"Anoka","Minnesota","US",45.2748,-93.246,"Anoka, Minnesota, US",0,0,2020-02-20,0,0,FALSE,TRUE,"US","USA","US-MN"
84027003,"US","USA",840,27003,"Anoka","Minnesota","US",45.2748,-93.246,"Anoka, Minnesota, US",0,0,2020-02-21,0,0,FALSE,TRUE,"US","USA","US-MN"
84027003,"US","USA",840,27003,"Anoka","Minnesota","US",45.2748,-93.246,"Anoka, Minnesota, US",0,0,2020-02-22,0,0,FALSE,TRUE,"US","USA","US-MN"
84027003,"US","USA",840,27003,"Anoka","Minnesota","US",45.2748,-93.246,"Anoka, Minnesota, US",0,0,2020-02-23,0,0,FALSE,TRUE,"US","USA","US-MN"
84027003,"US","USA",840,27003,"Anoka","Minnesota","US",45.2748,-93.246,"Anoka, Minnesota, US",0,0,2020-02-24,0,0,FALSE,TRUE,"US","USA","US-MN"
84027003,"US","USA",840,27003,"Anoka","Minnesota","US",45.2748,-93.246,"Anoka, Minnesota, US",0,0,2020-02-25,0,0,FALSE,TRUE,"US","USA","US-MN"
84027003,"US","USA",840,27003,"Anoka","Minnesota","US",45.2748,-93.246,"Anoka, Minnesota, US",0,0,2020-02-26,0,0,FALSE,TRUE,"US","USA","US-MN"
84027003,"US","USA",840,27003,"Anoka","Minnesota","US",45.2748,-93.246,"Anoka, Minnesota, US",0,0,2020-02-27,0,0,FALSE,TRUE,"US","USA","US-MN"
84027003,"US","USA",840,27003,"Anoka","Minnesota","US",45.2748,-93.246,"Anoka, Minnesota, US",0,0,2020-02-28,0,0,FALSE,TRUE,"US","USA","US-MN"
84027003,"US","USA",840,27003,"Anoka","Minnesota","US",45.2748,-93.246,"Anoka, Minnesota, US",0,0,2020-02-29,0,0,FALSE,TRUE,"US","USA","US-MN"
84027003,"US","USA",840,27003,"Anoka","Minnesota","US",45.2748,-93.246,"Anoka, Minnesota, US",0,0,2020-03-01,0,0,FALSE,TRUE,"US","USA","US-MN"
84027003,"US","USA",840,27003,"Anoka","Minnesota","US",45.2748,-93.246,"Anoka, Minnesota, US",0,0,2020-03-02,0,0,FALSE,TRUE,"US","USA","US-MN"
84027003,"US","USA",840,27003,"Anoka","Minnesota","US",45.2748,-93.246,"Anoka, Minnesota, US",0,0,2020-03-03,0,0,FALSE,TRUE,"US","USA","US-MN"
84027003,"US","USA",840,27003,"Anoka","Minnesota","US",45.2748,-93.246,"Anoka, Minnesota, US",0,0,2020-03-04,0,0,FALSE,TRUE,"US","USA","US-MN"
84027003,"US","USA",840,27003,"Anoka","Minnesota","US",45.2748,-93.246,"Anoka, Minnesota, US",0,0,2020-03-05,0,0,FALSE,TRUE,"US","USA","US-MN"
84027003,"US","USA",840,27003,"Anoka","Minnesota","US",45.2748,-93.246,"Anoka, Minnesota, US",0,0,2020-03-06,0,0,FALSE,TRUE,"US","USA","US-MN"
84027003,"US","USA",840,27003,"Anoka","Minnesota","US",45.2748,-93.246,"Anoka, Minnesota, US",0,0,2020-03-07,0,0,FALSE,TRUE,"US","USA","US-MN"
84027003,"US","USA",840,27003,"Anoka","Minnesota","US",45.2748,-93.246,"Anoka, Minnesota, US",0,0,2020-03-08,0,0,FALSE,TRUE,"US","USA","US-MN"
84027003,"US","USA",840,27003,"Anoka","Minnesota","US",45.2748,-93.246,"Anoka, Minnesota, US",0,0,2020-03-09,0,0,FALSE,TRUE,"US","USA","US-MN"
84027003,"US","USA",840,27003,"Anoka","Minnesota","US",45.2748,-93.246,"Anoka, Minnesota, US",0,0,2020-03-10,0,0,FALSE,TRUE,"US","USA","US-MN"
84027003,"US","USA",840,27003,"Anoka","Minnesota","US",45.2748,-93.246,"Anoka, Minnesota, US",1,0,2020-03-11,1,0,FALSE,TRUE,"US","USA","US-MN"
84027003,"US","USA",840,27003,"Anoka","Minnesota","US",45.2748,-93.246,"Anoka, Minnesota, US",1,0,2020-03-12,0,0,FALSE,TRUE,"US","USA","US-MN"
84027003,"US","USA",840,27003,"Anoka","Minnesota","US",45.2748,-93.246,"Anoka, Minnesota, US",1,0,2020-03-13,0,0,FALSE,TRUE,"US","USA","US-MN"
84027003,"US","USA",840,27003,"Anoka","Minnesota","US",45.2748,-93.246,"Anoka, Minnesota, US",1,0,2020-03-14,0,0,FALSE,TRUE,"US","USA","US-MN"
84027003,"US","USA",840,27003,"Anoka","Minnesota","US",45.2748,-93.246,"Anoka, Minnesota, US",1,0,2020-03-15,0,0,FALSE,TRUE,"US","USA","US-MN"
84027003,"US","USA",840,27003,"Anoka","Minnesota","US",45.2748,-93.246,"Anoka, Minnesota, US",3,0,2020-03-16,2,0,FALSE,TRUE,"US","USA","US-MN"
84027003,"US","USA",840,27003,"Anoka","Minnesota","US",45.2748,-93.246,"Anoka, Minnesota, US",3,0,2020-03-17,0,0,FALSE,TRUE,"US","USA","US-MN"
84027003,"US","USA",840,27003,"Anoka","Minnesota","US",45.2748,-93.246,"Anoka, Minnesota, US",3,0,2020-03-18,0,0,FALSE,TRUE,"US","USA","US-MN"
84027003,"US","USA",840,27003,"Anoka","Minnesota","US",45.2748,-93.246,"Anoka, Minnesota, US",6,0,2020-03-19,3,0,FALSE,TRUE,"US","USA","US-MN"
84027003,"US","USA",840,27003,"Anoka","Minnesota","US",45.2748,-93.246,"Anoka, Minnesota, US",5,0,2020-03-20,-1,0,FALSE,TRUE,"US","USA","US-MN"
84027003,"US","USA",840,27003,"Anoka","Minnesota","US",45.2748,-93.246,"Anoka, Minnesota, US",5,0,2020-03-21,0,0,FALSE,TRUE,"US","USA","US-MN"
84027003,"US","USA",840,27003,"Anoka","Minnesota","US",45.2748,-93.246,"Anoka, Minnesota, US",5,0,2020-03-22,0,0,FALSE,TRUE,"US","USA","US-MN"
84027003,"US","USA",840,27003,"Anoka","Minnesota","US",45.2748,-93.246,"Anoka, Minnesota, US",7,0,2020-03-23,2,0,FALSE,TRUE,"US","USA","US-MN"
84027003,"US","USA",840,27003,"Anoka","Minnesota","US",45.2748,-93.246,"Anoka, Minnesota, US",7,0,2020-03-24,0,0,FALSE,TRUE,"US","USA","US-MN"
84027003,"US","USA",840,27003,"Anoka","Minnesota","US",45.2748,-93.246,"Anoka, Minnesota, US",7,0,2020-03-25,0,0,FALSE,TRUE,"US","USA","US-MN"
84027003,"US","USA",840,27003,"Anoka","Minnesota","US",45.2748,-93.246,"Anoka, Minnesota, US",8,0,2020-03-26,1,0,FALSE,TRUE,"US","USA","US-MN"
84027003,"US","USA",840,27003,"Anoka","Minnesota","US",45.2748,-93.246,"Anoka, Minnesota, US",10,0,2020-03-27,2,0,FALSE,TRUE,"US","USA","US-MN"
84027003,"US","USA",840,27003,"Anoka","Minnesota","US",45.2748,-93.246,"Anoka, Minnesota, US",12,0,2020-03-28,2,0,FALSE,TRUE,"US","USA","US-MN"
84027003,"US","USA",840,27003,"Anoka","Minnesota","US",45.2748,-93.246,"Anoka, Minnesota, US",17,0,2020-03-29,5,0,FALSE,TRUE,"US","USA","US-MN"
84027003,"US","USA",840,27003,"Anoka","Minnesota","US",45.2748,-93.246,"Anoka, Minnesota, US",22,0,2020-03-30,5,0,FALSE,TRUE,"US","USA","US-MN"
84027003,"US","USA",840,27003,"Anoka","Minnesota","US",45.2748,-93.246,"Anoka, Minnesota, US",23,0,2020-03-31,1,0,FALSE,TRUE,"US","USA","US-MN"
84027003,"US","USA",840,27003,"Anoka","Minnesota","US",45.2748,-93.246,"Anoka, Minnesota, US",26,0,2020-04-01,3,0,FALSE,TRUE,"US","USA","US-MN"
84027003,"US","USA",840,27003,"Anoka","Minnesota","US",45.2748,-93.246,"Anoka, Minnesota, US",30,0,2020-04-02,4,0,FALSE,TRUE,"US","USA","US-MN"
84027003,"US","USA",840,27003,"Anoka","Minnesota","US",45.2748,-93.246,"Anoka, Minnesota, US",34,0,2020-04-03,4,0,FALSE,TRUE,"US","USA","US-MN"
84027003,"US","USA",840,27003,"Anoka","Minnesota","US",45.2748,-93.246,"Anoka, Minnesota, US",36,0,2020-04-04,2,0,FALSE,TRUE,"US","USA","US-MN"
84027003,"US","USA",840,27003,"Anoka","Minnesota","US",45.2748,-93.246,"Anoka, Minnesota, US",36,0,2020-04-05,0,0,FALSE,TRUE,"US","USA","US-MN"
84027003,"US","USA",840,27003,"Anoka","Minnesota","US",45.2748,-93.246,"Anoka, Minnesota, US",40,0,2020-04-06,4,0,FALSE,TRUE,"US","USA","US-MN"
84027003,"US","USA",840,27003,"Anoka","Minnesota","US",45.2748,-93.246,"Anoka, Minnesota, US",42,0,2020-04-07,2,0,FALSE,TRUE,"US","USA","US-MN"
84027003,"US","USA",840,27003,"Anoka","Minnesota","US",45.2748,-93.246,"Anoka, Minnesota, US",46,0,2020-04-08,4,0,FALSE,TRUE,"US","USA","US-MN"
84027003,"US","USA",840,27003,"Anoka","Minnesota","US",45.2748,-93.246,"Anoka, Minnesota, US",53,0,2020-04-09,7,0,FALSE,TRUE,"US","USA","US-MN"
84027003,"US","USA",840,27003,"Anoka","Minnesota","US",45.2748,-93.246,"Anoka, Minnesota, US",55,0,2020-04-10,2,0,FALSE,TRUE,"US","USA","US-MN"
84027003,"US","USA",840,27003,"Anoka","Minnesota","US",45.2748,-93.246,"Anoka, Minnesota, US",58,0,2020-04-11,3,0,FALSE,TRUE,"US","USA","US-MN"
84027003,"US","USA",840,27003,"Anoka","Minnesota","US",45.2748,-93.246,"Anoka, Minnesota, US",68,0,2020-04-12,10,0,FALSE,TRUE,"US","USA","US-MN"
84027003,"US","USA",840,27003,"Anoka","Minnesota","US",45.2748,-93.246,"Anoka, Minnesota, US",68,0,2020-04-13,0,0,FALSE,TRUE,"US","USA","US-MN"
84027003,"US","USA",840,27003,"Anoka","Minnesota","US",45.2748,-93.246,"Anoka, Minnesota, US",72,0,2020-04-14,4,0,FALSE,TRUE,"US","USA","US-MN"
84027003,"US","USA",840,27003,"Anoka","Minnesota","US",45.2748,-93.246,"Anoka, Minnesota, US",76,0,2020-04-15,4,0,FALSE,TRUE,"US","USA","US-MN"
84027003,"US","USA",840,27003,"Anoka","Minnesota","US",45.2748,-93.246,"Anoka, Minnesota, US",76,0,2020-04-16,0,0,FALSE,TRUE,"US","USA","US-MN"
84027003,"US","USA",840,27003,"Anoka","Minnesota","US",45.2748,-93.246,"Anoka, Minnesota, US",83,1,2020-04-17,7,1,FALSE,TRUE,"US","USA","US-MN"
84027003,"US","USA",840,27003,"Anoka","Minnesota","US",45.2748,-93.246,"Anoka, Minnesota, US",85,2,2020-04-18,2,1,FALSE,TRUE,"US","USA","US-MN"
84027003,"US","USA",840,27003,"Anoka","Minnesota","US",45.2748,-93.246,"Anoka, Minnesota, US",93,2,2020-04-19,8,0,FALSE,TRUE,"US","USA","US-MN"
84027003,"US","USA",840,27003,"Anoka","Minnesota","US",45.2748,-93.246,"Anoka, Minnesota, US",95,2,2020-04-20,2,0,FALSE,TRUE,"US","USA","US-MN"
84027003,"US","USA",840,27003,"Anoka","Minnesota","US",45.2748,-93.246,"Anoka, Minnesota, US",97,2,2020-04-21,2,0,FALSE,TRUE,"US","USA","US-MN"
84027003,"US","USA",840,27003,"Anoka","Minnesota","US",45.2748,-93.246,"Anoka, Minnesota, US",105,2,2020-04-22,8,0,FALSE,TRUE,"US","USA","US-MN"
84027003,"US","USA",840,27003,"Anoka","Minnesota","US",45.2748,-93.246,"Anoka, Minnesota, US",131,2,2020-04-23,26,0,FALSE,TRUE,"US","USA","US-MN"
84027003,"US","USA",840,27003,"Anoka","Minnesota","US",45.2748,-93.246,"Anoka, Minnesota, US",142,3,2020-04-24,11,1,FALSE,TRUE,"US","USA","US-MN"
84027003,"US","USA",840,27003,"Anoka","Minnesota","US",45.2748,-93.246,"Anoka, Minnesota, US",150,3,2020-04-25,8,0,FALSE,TRUE,"US","USA","US-MN"
84027003,"US","USA",840,27003,"Anoka","Minnesota","US",45.2748,-93.246,"Anoka, Minnesota, US",165,5,2020-04-26,15,2,FALSE,TRUE,"US","USA","US-MN"
84027003,"US","USA",840,27003,"Anoka","Minnesota","US",45.2748,-93.246,"Anoka, Minnesota, US",168,5,2020-04-27,3,0,FALSE,TRUE,"US","USA","US-MN"
84027003,"US","USA",840,27003,"Anoka","Minnesota","US",45.2748,-93.246,"Anoka, Minnesota, US",186,8,2020-04-28,18,3,FALSE,TRUE,"US","USA","US-MN"
84027003,"US","USA",840,27003,"Anoka","Minnesota","US",45.2748,-93.246,"Anoka, Minnesota, US",196,8,2020-04-29,10,0,FALSE,TRUE,"US","USA","US-MN"
84027003,"US","USA",840,27003,"Anoka","Minnesota","US",45.2748,-93.246,"Anoka, Minnesota, US",212,10,2020-04-30,16,2,FALSE,TRUE,"US","USA","US-MN"
84027003,"US","USA",840,27003,"Anoka","Minnesota","US",45.2748,-93.246,"Anoka, Minnesota, US",231,11,2020-05-01,19,1,FALSE,TRUE,"US","USA","US-MN"
84027003,"US","USA",840,27003,"Anoka","Minnesota","US",45.2748,-93.246,"Anoka, Minnesota, US",260,14,2020-05-02,29,3,FALSE,TRUE,"US","USA","US-MN"
84027003,"US","USA",840,27003,"Anoka","Minnesota","US",45.2748,-93.246,"Anoka, Minnesota, US",281,17,2020-05-03,21,3,FALSE,TRUE,"US","USA","US-MN"
84027003,"US","USA",840,27003,"Anoka","Minnesota","US",45.2748,-93.246,"Anoka, Minnesota, US",299,17,2020-05-04,18,0,FALSE,TRUE,"US","USA","US-MN"
84027003,"US","USA",840,27003,"Anoka","Minnesota","US",45.2748,-93.246,"Anoka, Minnesota, US",344,20,2020-05-05,45,3,FALSE,TRUE,"US","USA","US-MN"
84027003,"US","USA",840,27003,"Anoka","Minnesota","US",45.2748,-93.246,"Anoka, Minnesota, US",382,24,2020-05-06,38,4,FALSE,TRUE,"US","USA","US-MN"
84027003,"US","USA",840,27003,"Anoka","Minnesota","US",45.2748,-93.246,"Anoka, Minnesota, US",426,27,2020-05-07,44,3,FALSE,TRUE,"US","USA","US-MN"
84027003,"US","USA",840,27003,"Anoka","Minnesota","US",45.2748,-93.246,"Anoka, Minnesota, US",477,27,2020-05-08,51,0,FALSE,TRUE,"US","USA","US-MN"
84027003,"US","USA",840,27003,"Anoka","Minnesota","US",45.2748,-93.246,"Anoka, Minnesota, US",518,29,2020-05-09,41,2,FALSE,TRUE,"US","USA","US-MN"
84027003,"US","USA",840,27003,"Anoka","Minnesota","US",45.2748,-93.246,"Anoka, Minnesota, US",549,29,2020-05-10,31,0,FALSE,TRUE,"US","USA","US-MN"
84027003,"US","USA",840,27003,"Anoka","Minnesota","US",45.2748,-93.246,"Anoka, Minnesota, US",571,29,2020-05-11,22,0,FALSE,TRUE,"US","USA","US-MN"
84027003,"US","USA",840,27003,"Anoka","Minnesota","US",45.2748,-93.246,"Anoka, Minnesota, US",613,31,2020-05-12,42,2,FALSE,TRUE,"US","USA","US-MN"
84027003,"US","USA",840,27003,"Anoka","Minnesota","US",45.2748,-93.246,"Anoka, Minnesota, US",640,33,2020-05-13,27,2,FALSE,TRUE,"US","USA","US-MN"
84027003,"US","USA",840,27003,"Anoka","Minnesota","US",45.2748,-93.246,"Anoka, Minnesota, US",678,35,2020-05-14,38,2,FALSE,TRUE,"US","USA","US-MN"
84027003,"US","USA",840,27003,"Anoka","Minnesota","US",45.2748,-93.246,"Anoka, Minnesota, US",726,38,2020-05-15,48,3,FALSE,TRUE,"US","USA","US-MN"
84027003,"US","USA",840,27003,"Anoka","Minnesota","US",45.2748,-93.246,"Anoka, Minnesota, US",770,40,2020-05-16,44,2,FALSE,TRUE,"US","USA","US-MN"
84027003,"US","USA",840,27003,"Anoka","Minnesota","US",45.2748,-93.246,"Anoka, Minnesota, US",821,40,2020-05-17,51,0,FALSE,TRUE,"US","USA","US-MN"
84027003,"US","USA",840,27003,"Anoka","Minnesota","US",45.2748,-93.246,"Anoka, Minnesota, US",869,42,2020-05-18,48,2,FALSE,TRUE,"US","USA","US-MN"
84027003,"US","USA",840,27003,"Anoka","Minnesota","US",45.2748,-93.246,"Anoka, Minnesota, US",919,42,2020-05-19,50,0,FALSE,TRUE,"US","USA","US-MN"
84027003,"US","USA",840,27003,"Anoka","Minnesota","US",45.2748,-93.246,"Anoka, Minnesota, US",955,45,2020-05-20,36,3,FALSE,TRUE,"US","USA","US-MN"
84027003,"US","USA",840,27003,"Anoka","Minnesota","US",45.2748,-93.246,"Anoka, Minnesota, US",995,49,2020-05-21,40,4,FALSE,TRUE,"US","USA","US-MN"
84027003,"US","USA",840,27003,"Anoka","Minnesota","US",45.2748,-93.246,"Anoka, Minnesota, US",1044,53,2020-05-22,49,4,FALSE,TRUE,"US","USA","US-MN"
84027003,"US","USA",840,27003,"Anoka","Minnesota","US",45.2748,-93.246,"Anoka, Minnesota, US",1092,55,2020-05-23,48,2,FALSE,TRUE,"US","USA","US-MN"
84027003,"US","USA",840,27003,"Anoka","Minnesota","US",45.2748,-93.246,"Anoka, Minnesota, US",1164,55,2020-05-24,72,0,FALSE,TRUE,"US","USA","US-MN"
84027003,"US","USA",840,27003,"Anoka","Minnesota","US",45.2748,-93.246,"Anoka, Minnesota, US",1210,56,2020-05-25,46,1,FALSE,TRUE,"US","USA","US-MN"
84027003,"US","USA",840,27003,"Anoka","Minnesota","US",45.2748,-93.246,"Anoka, Minnesota, US",1241,56,2020-05-26,31,0,FALSE,TRUE,"US","USA","US-MN"
84027003,"US","USA",840,27003,"Anoka","Minnesota","US",45.2748,-93.246,"Anoka, Minnesota, US",1262,59,2020-05-27,21,3,FALSE,TRUE,"US","USA","US-MN"
84027003,"US","USA",840,27003,"Anoka","Minnesota","US",45.2748,-93.246,"Anoka, Minnesota, US",1289,63,2020-05-28,27,4,FALSE,TRUE,"US","USA","US-MN"
84027003,"US","USA",840,27003,"Anoka","Minnesota","US",45.2748,-93.246,"Anoka, Minnesota, US",1324,67,2020-05-29,35,4,FALSE,TRUE,"US","USA","US-MN"
84027003,"US","USA",840,27003,"Anoka","Minnesota","US",45.2748,-93.246,"Anoka, Minnesota, US",1363,70,2020-05-30,39,3,FALSE,TRUE,"US","USA","US-MN"
84027003,"US","USA",840,27003,"Anoka","Minnesota","US",45.2748,-93.246,"Anoka, Minnesota, US",1399,70,2020-05-31,36,0,FALSE,TRUE,"US","USA","US-MN"
84027003,"US","USA",840,27003,"Anoka","Minnesota","US",45.2748,-93.246,"Anoka, Minnesota, US",1429,70,2020-06-01,30,0,FALSE,TRUE,"US","USA","US-MN"
