"UID","iso2","iso3","code3","FIPS","Admin2","Province.State","Country.Region","Lat","Long","Combined_Key","confirmed","deaths","date","confirmed_new","deaths_new","hasErrors","hasParent","country_code","country_code3","territory_code"
84026077,"US","USA",840,26077,"Kalamazoo","Michigan","US",42.2454,-85.5304,"Kalamazoo, Michigan, US",0,0,2020-01-22,0,0,FALSE,TRUE,"US","USA","US-MI"
84026077,"US","USA",840,26077,"Kalamazoo","Michigan","US",42.2454,-85.5304,"Kalamazoo, Michigan, US",0,0,2020-01-23,0,0,FALSE,TRUE,"US","USA","US-MI"
84026077,"US","USA",840,26077,"Kalamazoo","Michigan","US",42.2454,-85.5304,"Kalamazoo, Michigan, US",0,0,2020-01-24,0,0,FALSE,TRUE,"US","USA","US-MI"
84026077,"US","USA",840,26077,"Kalamazoo","Michigan","US",42.2454,-85.5304,"Kalamazoo, Michigan, US",0,0,2020-01-25,0,0,FALSE,TRUE,"US","USA","US-MI"
84026077,"US","USA",840,26077,"Kalamazoo","Michigan","US",42.2454,-85.5304,"Kalamazoo, Michigan, US",0,0,2020-01-26,0,0,FALSE,TRUE,"US","USA","US-MI"
84026077,"US","USA",840,26077,"Kalamazoo","Michigan","US",42.2454,-85.5304,"Kalamazoo, Michigan, US",0,0,2020-01-27,0,0,FALSE,TRUE,"US","USA","US-MI"
84026077,"US","USA",840,26077,"Kalamazoo","Michigan","US",42.2454,-85.5304,"Kalamazoo, Michigan, US",0,0,2020-01-28,0,0,FALSE,TRUE,"US","USA","US-MI"
84026077,"US","USA",840,26077,"Kalamazoo","Michigan","US",42.2454,-85.5304,"Kalamazoo, Michigan, US",0,0,2020-01-29,0,0,FALSE,TRUE,"US","USA","US-MI"
84026077,"US","USA",840,26077,"Kalamazoo","Michigan","US",42.2454,-85.5304,"Kalamazoo, Michigan, US",0,0,2020-01-30,0,0,FALSE,TRUE,"US","USA","US-MI"
84026077,"US","USA",840,26077,"Kalamazoo","Michigan","US",42.2454,-85.5304,"Kalamazoo, Michigan, US",0,0,2020-01-31,0,0,FALSE,TRUE,"US","USA","US-MI"
84026077,"US","USA",840,26077,"Kalamazoo","Michigan","US",42.2454,-85.5304,"Kalamazoo, Michigan, US",0,0,2020-02-01,0,0,FALSE,TRUE,"US","USA","US-MI"
84026077,"US","USA",840,26077,"Kalamazoo","Michigan","US",42.2454,-85.5304,"Kalamazoo, Michigan, US",0,0,2020-02-02,0,0,FALSE,TRUE,"US","USA","US-MI"
84026077,"US","USA",840,26077,"Kalamazoo","Michigan","US",42.2454,-85.5304,"Kalamazoo, Michigan, US",0,0,2020-02-03,0,0,FALSE,TRUE,"US","USA","US-MI"
84026077,"US","USA",840,26077,"Kalamazoo","Michigan","US",42.2454,-85.5304,"Kalamazoo, Michigan, US",0,0,2020-02-04,0,0,FALSE,TRUE,"US","USA","US-MI"
84026077,"US","USA",840,26077,"Kalamazoo","Michigan","US",42.2454,-85.5304,"Kalamazoo, Michigan, US",0,0,2020-02-05,0,0,FALSE,TRUE,"US","USA","US-MI"
84026077,"US","USA",840,26077,"Kalamazoo","Michigan","US",42.2454,-85.5304,"Kalamazoo, Michigan, US",0,0,2020-02-06,0,0,FALSE,TRUE,"US","USA","US-MI"
84026077,"US","USA",840,26077,"Kalamazoo","Michigan","US",42.2454,-85.5304,"Kalamazoo, Michigan, US",0,0,2020-02-07,0,0,FALSE,TRUE,"US","USA","US-MI"
84026077,"US","USA",840,26077,"Kalamazoo","Michigan","US",42.2454,-85.5304,"Kalamazoo, Michigan, US",0,0,2020-02-08,0,0,FALSE,TRUE,"US","USA","US-MI"
84026077,"US","USA",840,26077,"Kalamazoo","Michigan","US",42.2454,-85.5304,"Kalamazoo, Michigan, US",0,0,2020-02-09,0,0,FALSE,TRUE,"US","USA","US-MI"
84026077,"US","USA",840,26077,"Kalamazoo","Michigan","US",42.2454,-85.5304,"Kalamazoo, Michigan, US",0,0,2020-02-10,0,0,FALSE,TRUE,"US","USA","US-MI"
84026077,"US","USA",840,26077,"Kalamazoo","Michigan","US",42.2454,-85.5304,"Kalamazoo, Michigan, US",0,0,2020-02-11,0,0,FALSE,TRUE,"US","USA","US-MI"
84026077,"US","USA",840,26077,"Kalamazoo","Michigan","US",42.2454,-85.5304,"Kalamazoo, Michigan, US",0,0,2020-02-12,0,0,FALSE,TRUE,"US","USA","US-MI"
84026077,"US","USA",840,26077,"Kalamazoo","Michigan","US",42.2454,-85.5304,"Kalamazoo, Michigan, US",0,0,2020-02-13,0,0,FALSE,TRUE,"US","USA","US-MI"
84026077,"US","USA",840,26077,"Kalamazoo","Michigan","US",42.2454,-85.5304,"Kalamazoo, Michigan, US",0,0,2020-02-14,0,0,FALSE,TRUE,"US","USA","US-MI"
84026077,"US","USA",840,26077,"Kalamazoo","Michigan","US",42.2454,-85.5304,"Kalamazoo, Michigan, US",0,0,2020-02-15,0,0,FALSE,TRUE,"US","USA","US-MI"
84026077,"US","USA",840,26077,"Kalamazoo","Michigan","US",42.2454,-85.5304,"Kalamazoo, Michigan, US",0,0,2020-02-16,0,0,FALSE,TRUE,"US","USA","US-MI"
84026077,"US","USA",840,26077,"Kalamazoo","Michigan","US",42.2454,-85.5304,"Kalamazoo, Michigan, US",0,0,2020-02-17,0,0,FALSE,TRUE,"US","USA","US-MI"
84026077,"US","USA",840,26077,"Kalamazoo","Michigan","US",42.2454,-85.5304,"Kalamazoo, Michigan, US",0,0,2020-02-18,0,0,FALSE,TRUE,"US","USA","US-MI"
84026077,"US","USA",840,26077,"Kalamazoo","Michigan","US",42.2454,-85.5304,"Kalamazoo, Michigan, US",0,0,2020-02-19,0,0,FALSE,TRUE,"US","USA","US-MI"
84026077,"US","USA",840,26077,"Kalamazoo","Michigan","US",42.2454,-85.5304,"Kalamazoo, Michigan, US",0,0,2020-02-20,0,0,FALSE,TRUE,"US","USA","US-MI"
84026077,"US","USA",840,26077,"Kalamazoo","Michigan","US",42.2454,-85.5304,"Kalamazoo, Michigan, US",0,0,2020-02-21,0,0,FALSE,TRUE,"US","USA","US-MI"
84026077,"US","USA",840,26077,"Kalamazoo","Michigan","US",42.2454,-85.5304,"Kalamazoo, Michigan, US",0,0,2020-02-22,0,0,FALSE,TRUE,"US","USA","US-MI"
84026077,"US","USA",840,26077,"Kalamazoo","Michigan","US",42.2454,-85.5304,"Kalamazoo, Michigan, US",0,0,2020-02-23,0,0,FALSE,TRUE,"US","USA","US-MI"
84026077,"US","USA",840,26077,"Kalamazoo","Michigan","US",42.2454,-85.5304,"Kalamazoo, Michigan, US",0,0,2020-02-24,0,0,FALSE,TRUE,"US","USA","US-MI"
84026077,"US","USA",840,26077,"Kalamazoo","Michigan","US",42.2454,-85.5304,"Kalamazoo, Michigan, US",0,0,2020-02-25,0,0,FALSE,TRUE,"US","USA","US-MI"
84026077,"US","USA",840,26077,"Kalamazoo","Michigan","US",42.2454,-85.5304,"Kalamazoo, Michigan, US",0,0,2020-02-26,0,0,FALSE,TRUE,"US","USA","US-MI"
84026077,"US","USA",840,26077,"Kalamazoo","Michigan","US",42.2454,-85.5304,"Kalamazoo, Michigan, US",0,0,2020-02-27,0,0,FALSE,TRUE,"US","USA","US-MI"
84026077,"US","USA",840,26077,"Kalamazoo","Michigan","US",42.2454,-85.5304,"Kalamazoo, Michigan, US",0,0,2020-02-28,0,0,FALSE,TRUE,"US","USA","US-MI"
84026077,"US","USA",840,26077,"Kalamazoo","Michigan","US",42.2454,-85.5304,"Kalamazoo, Michigan, US",0,0,2020-02-29,0,0,FALSE,TRUE,"US","USA","US-MI"
84026077,"US","USA",840,26077,"Kalamazoo","Michigan","US",42.2454,-85.5304,"Kalamazoo, Michigan, US",0,0,2020-03-01,0,0,FALSE,TRUE,"US","USA","US-MI"
84026077,"US","USA",840,26077,"Kalamazoo","Michigan","US",42.2454,-85.5304,"Kalamazoo, Michigan, US",0,0,2020-03-02,0,0,FALSE,TRUE,"US","USA","US-MI"
84026077,"US","USA",840,26077,"Kalamazoo","Michigan","US",42.2454,-85.5304,"Kalamazoo, Michigan, US",0,0,2020-03-03,0,0,FALSE,TRUE,"US","USA","US-MI"
84026077,"US","USA",840,26077,"Kalamazoo","Michigan","US",42.2454,-85.5304,"Kalamazoo, Michigan, US",0,0,2020-03-04,0,0,FALSE,TRUE,"US","USA","US-MI"
84026077,"US","USA",840,26077,"Kalamazoo","Michigan","US",42.2454,-85.5304,"Kalamazoo, Michigan, US",0,0,2020-03-05,0,0,FALSE,TRUE,"US","USA","US-MI"
84026077,"US","USA",840,26077,"Kalamazoo","Michigan","US",42.2454,-85.5304,"Kalamazoo, Michigan, US",0,0,2020-03-06,0,0,FALSE,TRUE,"US","USA","US-MI"
84026077,"US","USA",840,26077,"Kalamazoo","Michigan","US",42.2454,-85.5304,"Kalamazoo, Michigan, US",0,0,2020-03-07,0,0,FALSE,TRUE,"US","USA","US-MI"
84026077,"US","USA",840,26077,"Kalamazoo","Michigan","US",42.2454,-85.5304,"Kalamazoo, Michigan, US",0,0,2020-03-08,0,0,FALSE,TRUE,"US","USA","US-MI"
84026077,"US","USA",840,26077,"Kalamazoo","Michigan","US",42.2454,-85.5304,"Kalamazoo, Michigan, US",0,0,2020-03-09,0,0,FALSE,TRUE,"US","USA","US-MI"
84026077,"US","USA",840,26077,"Kalamazoo","Michigan","US",42.2454,-85.5304,"Kalamazoo, Michigan, US",0,0,2020-03-10,0,0,FALSE,TRUE,"US","USA","US-MI"
84026077,"US","USA",840,26077,"Kalamazoo","Michigan","US",42.2454,-85.5304,"Kalamazoo, Michigan, US",0,0,2020-03-11,0,0,FALSE,TRUE,"US","USA","US-MI"
84026077,"US","USA",840,26077,"Kalamazoo","Michigan","US",42.2454,-85.5304,"Kalamazoo, Michigan, US",0,0,2020-03-12,0,0,FALSE,TRUE,"US","USA","US-MI"
84026077,"US","USA",840,26077,"Kalamazoo","Michigan","US",42.2454,-85.5304,"Kalamazoo, Michigan, US",0,0,2020-03-13,0,0,FALSE,TRUE,"US","USA","US-MI"
84026077,"US","USA",840,26077,"Kalamazoo","Michigan","US",42.2454,-85.5304,"Kalamazoo, Michigan, US",0,0,2020-03-14,0,0,FALSE,TRUE,"US","USA","US-MI"
84026077,"US","USA",840,26077,"Kalamazoo","Michigan","US",42.2454,-85.5304,"Kalamazoo, Michigan, US",0,0,2020-03-15,0,0,FALSE,TRUE,"US","USA","US-MI"
84026077,"US","USA",840,26077,"Kalamazoo","Michigan","US",42.2454,-85.5304,"Kalamazoo, Michigan, US",0,0,2020-03-16,0,0,FALSE,TRUE,"US","USA","US-MI"
84026077,"US","USA",840,26077,"Kalamazoo","Michigan","US",42.2454,-85.5304,"Kalamazoo, Michigan, US",0,0,2020-03-17,0,0,FALSE,TRUE,"US","USA","US-MI"
84026077,"US","USA",840,26077,"Kalamazoo","Michigan","US",42.2454,-85.5304,"Kalamazoo, Michigan, US",0,0,2020-03-18,0,0,FALSE,TRUE,"US","USA","US-MI"
84026077,"US","USA",840,26077,"Kalamazoo","Michigan","US",42.2454,-85.5304,"Kalamazoo, Michigan, US",0,0,2020-03-19,0,0,FALSE,TRUE,"US","USA","US-MI"
84026077,"US","USA",840,26077,"Kalamazoo","Michigan","US",42.2454,-85.5304,"Kalamazoo, Michigan, US",0,0,2020-03-20,0,0,FALSE,TRUE,"US","USA","US-MI"
84026077,"US","USA",840,26077,"Kalamazoo","Michigan","US",42.2454,-85.5304,"Kalamazoo, Michigan, US",0,0,2020-03-21,0,0,FALSE,TRUE,"US","USA","US-MI"
84026077,"US","USA",840,26077,"Kalamazoo","Michigan","US",42.2454,-85.5304,"Kalamazoo, Michigan, US",0,0,2020-03-22,0,0,FALSE,TRUE,"US","USA","US-MI"
84026077,"US","USA",840,26077,"Kalamazoo","Michigan","US",42.2454,-85.5304,"Kalamazoo, Michigan, US",3,0,2020-03-23,3,0,FALSE,TRUE,"US","USA","US-MI"
84026077,"US","USA",840,26077,"Kalamazoo","Michigan","US",42.2454,-85.5304,"Kalamazoo, Michigan, US",3,0,2020-03-24,0,0,FALSE,TRUE,"US","USA","US-MI"
84026077,"US","USA",840,26077,"Kalamazoo","Michigan","US",42.2454,-85.5304,"Kalamazoo, Michigan, US",5,0,2020-03-25,2,0,FALSE,TRUE,"US","USA","US-MI"
84026077,"US","USA",840,26077,"Kalamazoo","Michigan","US",42.2454,-85.5304,"Kalamazoo, Michigan, US",10,0,2020-03-26,5,0,FALSE,TRUE,"US","USA","US-MI"
84026077,"US","USA",840,26077,"Kalamazoo","Michigan","US",42.2454,-85.5304,"Kalamazoo, Michigan, US",11,0,2020-03-27,1,0,FALSE,TRUE,"US","USA","US-MI"
84026077,"US","USA",840,26077,"Kalamazoo","Michigan","US",42.2454,-85.5304,"Kalamazoo, Michigan, US",15,0,2020-03-28,4,0,FALSE,TRUE,"US","USA","US-MI"
84026077,"US","USA",840,26077,"Kalamazoo","Michigan","US",42.2454,-85.5304,"Kalamazoo, Michigan, US",19,0,2020-03-29,4,0,FALSE,TRUE,"US","USA","US-MI"
84026077,"US","USA",840,26077,"Kalamazoo","Michigan","US",42.2454,-85.5304,"Kalamazoo, Michigan, US",24,1,2020-03-30,5,1,FALSE,TRUE,"US","USA","US-MI"
84026077,"US","USA",840,26077,"Kalamazoo","Michigan","US",42.2454,-85.5304,"Kalamazoo, Michigan, US",24,1,2020-03-31,0,0,FALSE,TRUE,"US","USA","US-MI"
84026077,"US","USA",840,26077,"Kalamazoo","Michigan","US",42.2454,-85.5304,"Kalamazoo, Michigan, US",30,1,2020-04-01,6,0,FALSE,TRUE,"US","USA","US-MI"
84026077,"US","USA",840,26077,"Kalamazoo","Michigan","US",42.2454,-85.5304,"Kalamazoo, Michigan, US",34,1,2020-04-02,4,0,FALSE,TRUE,"US","USA","US-MI"
84026077,"US","USA",840,26077,"Kalamazoo","Michigan","US",42.2454,-85.5304,"Kalamazoo, Michigan, US",40,1,2020-04-03,6,0,FALSE,TRUE,"US","USA","US-MI"
84026077,"US","USA",840,26077,"Kalamazoo","Michigan","US",42.2454,-85.5304,"Kalamazoo, Michigan, US",45,3,2020-04-04,5,2,FALSE,TRUE,"US","USA","US-MI"
84026077,"US","USA",840,26077,"Kalamazoo","Michigan","US",42.2454,-85.5304,"Kalamazoo, Michigan, US",53,3,2020-04-05,8,0,FALSE,TRUE,"US","USA","US-MI"
84026077,"US","USA",840,26077,"Kalamazoo","Michigan","US",42.2454,-85.5304,"Kalamazoo, Michigan, US",58,3,2020-04-06,5,0,FALSE,TRUE,"US","USA","US-MI"
84026077,"US","USA",840,26077,"Kalamazoo","Michigan","US",42.2454,-85.5304,"Kalamazoo, Michigan, US",64,4,2020-04-07,6,1,FALSE,TRUE,"US","USA","US-MI"
84026077,"US","USA",840,26077,"Kalamazoo","Michigan","US",42.2454,-85.5304,"Kalamazoo, Michigan, US",67,6,2020-04-08,3,2,FALSE,TRUE,"US","USA","US-MI"
84026077,"US","USA",840,26077,"Kalamazoo","Michigan","US",42.2454,-85.5304,"Kalamazoo, Michigan, US",74,6,2020-04-09,7,0,FALSE,TRUE,"US","USA","US-MI"
84026077,"US","USA",840,26077,"Kalamazoo","Michigan","US",42.2454,-85.5304,"Kalamazoo, Michigan, US",77,7,2020-04-10,3,1,FALSE,TRUE,"US","USA","US-MI"
84026077,"US","USA",840,26077,"Kalamazoo","Michigan","US",42.2454,-85.5304,"Kalamazoo, Michigan, US",79,7,2020-04-11,2,0,FALSE,TRUE,"US","USA","US-MI"
84026077,"US","USA",840,26077,"Kalamazoo","Michigan","US",42.2454,-85.5304,"Kalamazoo, Michigan, US",84,7,2020-04-12,5,0,FALSE,TRUE,"US","USA","US-MI"
84026077,"US","USA",840,26077,"Kalamazoo","Michigan","US",42.2454,-85.5304,"Kalamazoo, Michigan, US",91,7,2020-04-13,7,0,FALSE,TRUE,"US","USA","US-MI"
84026077,"US","USA",840,26077,"Kalamazoo","Michigan","US",42.2454,-85.5304,"Kalamazoo, Michigan, US",94,8,2020-04-14,3,1,FALSE,TRUE,"US","USA","US-MI"
84026077,"US","USA",840,26077,"Kalamazoo","Michigan","US",42.2454,-85.5304,"Kalamazoo, Michigan, US",103,8,2020-04-15,9,0,FALSE,TRUE,"US","USA","US-MI"
84026077,"US","USA",840,26077,"Kalamazoo","Michigan","US",42.2454,-85.5304,"Kalamazoo, Michigan, US",118,8,2020-04-16,15,0,FALSE,TRUE,"US","USA","US-MI"
84026077,"US","USA",840,26077,"Kalamazoo","Michigan","US",42.2454,-85.5304,"Kalamazoo, Michigan, US",130,9,2020-04-17,12,1,FALSE,TRUE,"US","USA","US-MI"
84026077,"US","USA",840,26077,"Kalamazoo","Michigan","US",42.2454,-85.5304,"Kalamazoo, Michigan, US",154,9,2020-04-18,24,0,FALSE,TRUE,"US","USA","US-MI"
84026077,"US","USA",840,26077,"Kalamazoo","Michigan","US",42.2454,-85.5304,"Kalamazoo, Michigan, US",166,9,2020-04-19,12,0,FALSE,TRUE,"US","USA","US-MI"
84026077,"US","USA",840,26077,"Kalamazoo","Michigan","US",42.2454,-85.5304,"Kalamazoo, Michigan, US",185,9,2020-04-20,19,0,FALSE,TRUE,"US","USA","US-MI"
84026077,"US","USA",840,26077,"Kalamazoo","Michigan","US",42.2454,-85.5304,"Kalamazoo, Michigan, US",201,10,2020-04-21,16,1,FALSE,TRUE,"US","USA","US-MI"
84026077,"US","USA",840,26077,"Kalamazoo","Michigan","US",42.2454,-85.5304,"Kalamazoo, Michigan, US",212,11,2020-04-22,11,1,FALSE,TRUE,"US","USA","US-MI"
84026077,"US","USA",840,26077,"Kalamazoo","Michigan","US",42.2454,-85.5304,"Kalamazoo, Michigan, US",229,11,2020-04-23,17,0,FALSE,TRUE,"US","USA","US-MI"
84026077,"US","USA",840,26077,"Kalamazoo","Michigan","US",42.2454,-85.5304,"Kalamazoo, Michigan, US",266,11,2020-04-24,37,0,FALSE,TRUE,"US","USA","US-MI"
84026077,"US","USA",840,26077,"Kalamazoo","Michigan","US",42.2454,-85.5304,"Kalamazoo, Michigan, US",280,11,2020-04-25,14,0,FALSE,TRUE,"US","USA","US-MI"
84026077,"US","USA",840,26077,"Kalamazoo","Michigan","US",42.2454,-85.5304,"Kalamazoo, Michigan, US",292,11,2020-04-26,12,0,FALSE,TRUE,"US","USA","US-MI"
84026077,"US","USA",840,26077,"Kalamazoo","Michigan","US",42.2454,-85.5304,"Kalamazoo, Michigan, US",300,12,2020-04-27,8,1,FALSE,TRUE,"US","USA","US-MI"
84026077,"US","USA",840,26077,"Kalamazoo","Michigan","US",42.2454,-85.5304,"Kalamazoo, Michigan, US",327,12,2020-04-28,27,0,FALSE,TRUE,"US","USA","US-MI"
84026077,"US","USA",840,26077,"Kalamazoo","Michigan","US",42.2454,-85.5304,"Kalamazoo, Michigan, US",348,12,2020-04-29,21,0,FALSE,TRUE,"US","USA","US-MI"
84026077,"US","USA",840,26077,"Kalamazoo","Michigan","US",42.2454,-85.5304,"Kalamazoo, Michigan, US",364,13,2020-04-30,16,1,FALSE,TRUE,"US","USA","US-MI"
84026077,"US","USA",840,26077,"Kalamazoo","Michigan","US",42.2454,-85.5304,"Kalamazoo, Michigan, US",405,18,2020-05-01,41,5,FALSE,TRUE,"US","USA","US-MI"
84026077,"US","USA",840,26077,"Kalamazoo","Michigan","US",42.2454,-85.5304,"Kalamazoo, Michigan, US",442,18,2020-05-02,37,0,FALSE,TRUE,"US","USA","US-MI"
84026077,"US","USA",840,26077,"Kalamazoo","Michigan","US",42.2454,-85.5304,"Kalamazoo, Michigan, US",456,18,2020-05-03,14,0,FALSE,TRUE,"US","USA","US-MI"
84026077,"US","USA",840,26077,"Kalamazoo","Michigan","US",42.2454,-85.5304,"Kalamazoo, Michigan, US",480,22,2020-05-04,24,4,FALSE,TRUE,"US","USA","US-MI"
84026077,"US","USA",840,26077,"Kalamazoo","Michigan","US",42.2454,-85.5304,"Kalamazoo, Michigan, US",489,22,2020-05-05,9,0,FALSE,TRUE,"US","USA","US-MI"
84026077,"US","USA",840,26077,"Kalamazoo","Michigan","US",42.2454,-85.5304,"Kalamazoo, Michigan, US",539,23,2020-05-06,50,1,FALSE,TRUE,"US","USA","US-MI"
84026077,"US","USA",840,26077,"Kalamazoo","Michigan","US",42.2454,-85.5304,"Kalamazoo, Michigan, US",561,25,2020-05-07,22,2,FALSE,TRUE,"US","USA","US-MI"
84026077,"US","USA",840,26077,"Kalamazoo","Michigan","US",42.2454,-85.5304,"Kalamazoo, Michigan, US",573,25,2020-05-08,12,0,FALSE,TRUE,"US","USA","US-MI"
84026077,"US","USA",840,26077,"Kalamazoo","Michigan","US",42.2454,-85.5304,"Kalamazoo, Michigan, US",591,27,2020-05-09,18,2,FALSE,TRUE,"US","USA","US-MI"
84026077,"US","USA",840,26077,"Kalamazoo","Michigan","US",42.2454,-85.5304,"Kalamazoo, Michigan, US",601,29,2020-05-10,10,2,FALSE,TRUE,"US","USA","US-MI"
84026077,"US","USA",840,26077,"Kalamazoo","Michigan","US",42.2454,-85.5304,"Kalamazoo, Michigan, US",622,32,2020-05-11,21,3,FALSE,TRUE,"US","USA","US-MI"
84026077,"US","USA",840,26077,"Kalamazoo","Michigan","US",42.2454,-85.5304,"Kalamazoo, Michigan, US",636,36,2020-05-12,14,4,FALSE,TRUE,"US","USA","US-MI"
84026077,"US","USA",840,26077,"Kalamazoo","Michigan","US",42.2454,-85.5304,"Kalamazoo, Michigan, US",643,36,2020-05-13,7,0,FALSE,TRUE,"US","USA","US-MI"
84026077,"US","USA",840,26077,"Kalamazoo","Michigan","US",42.2454,-85.5304,"Kalamazoo, Michigan, US",669,40,2020-05-14,26,4,FALSE,TRUE,"US","USA","US-MI"
84026077,"US","USA",840,26077,"Kalamazoo","Michigan","US",42.2454,-85.5304,"Kalamazoo, Michigan, US",679,41,2020-05-15,10,1,FALSE,TRUE,"US","USA","US-MI"
84026077,"US","USA",840,26077,"Kalamazoo","Michigan","US",42.2454,-85.5304,"Kalamazoo, Michigan, US",708,42,2020-05-16,29,1,FALSE,TRUE,"US","USA","US-MI"
84026077,"US","USA",840,26077,"Kalamazoo","Michigan","US",42.2454,-85.5304,"Kalamazoo, Michigan, US",707,42,2020-05-17,-1,0,FALSE,TRUE,"US","USA","US-MI"
84026077,"US","USA",840,26077,"Kalamazoo","Michigan","US",42.2454,-85.5304,"Kalamazoo, Michigan, US",719,42,2020-05-18,12,0,FALSE,TRUE,"US","USA","US-MI"
84026077,"US","USA",840,26077,"Kalamazoo","Michigan","US",42.2454,-85.5304,"Kalamazoo, Michigan, US",739,44,2020-05-19,20,2,FALSE,TRUE,"US","USA","US-MI"
84026077,"US","USA",840,26077,"Kalamazoo","Michigan","US",42.2454,-85.5304,"Kalamazoo, Michigan, US",751,45,2020-05-20,12,1,FALSE,TRUE,"US","USA","US-MI"
84026077,"US","USA",840,26077,"Kalamazoo","Michigan","US",42.2454,-85.5304,"Kalamazoo, Michigan, US",762,45,2020-05-21,11,0,FALSE,TRUE,"US","USA","US-MI"
84026077,"US","USA",840,26077,"Kalamazoo","Michigan","US",42.2454,-85.5304,"Kalamazoo, Michigan, US",778,47,2020-05-22,16,2,FALSE,TRUE,"US","USA","US-MI"
84026077,"US","USA",840,26077,"Kalamazoo","Michigan","US",42.2454,-85.5304,"Kalamazoo, Michigan, US",793,47,2020-05-23,15,0,FALSE,TRUE,"US","USA","US-MI"
84026077,"US","USA",840,26077,"Kalamazoo","Michigan","US",42.2454,-85.5304,"Kalamazoo, Michigan, US",797,47,2020-05-24,4,0,FALSE,TRUE,"US","USA","US-MI"
84026077,"US","USA",840,26077,"Kalamazoo","Michigan","US",42.2454,-85.5304,"Kalamazoo, Michigan, US",801,49,2020-05-25,4,2,FALSE,TRUE,"US","USA","US-MI"
84026077,"US","USA",840,26077,"Kalamazoo","Michigan","US",42.2454,-85.5304,"Kalamazoo, Michigan, US",802,51,2020-05-26,1,2,FALSE,TRUE,"US","USA","US-MI"
84026077,"US","USA",840,26077,"Kalamazoo","Michigan","US",42.2454,-85.5304,"Kalamazoo, Michigan, US",814,51,2020-05-27,12,0,FALSE,TRUE,"US","USA","US-MI"
84026077,"US","USA",840,26077,"Kalamazoo","Michigan","US",42.2454,-85.5304,"Kalamazoo, Michigan, US",820,54,2020-05-28,6,3,FALSE,TRUE,"US","USA","US-MI"
84026077,"US","USA",840,26077,"Kalamazoo","Michigan","US",42.2454,-85.5304,"Kalamazoo, Michigan, US",833,54,2020-05-29,13,0,FALSE,TRUE,"US","USA","US-MI"
84026077,"US","USA",840,26077,"Kalamazoo","Michigan","US",42.2454,-85.5304,"Kalamazoo, Michigan, US",834,54,2020-05-30,1,0,FALSE,TRUE,"US","USA","US-MI"
84026077,"US","USA",840,26077,"Kalamazoo","Michigan","US",42.2454,-85.5304,"Kalamazoo, Michigan, US",844,55,2020-05-31,10,1,FALSE,TRUE,"US","USA","US-MI"
84026077,"US","USA",840,26077,"Kalamazoo","Michigan","US",42.2454,-85.5304,"Kalamazoo, Michigan, US",844,57,2020-06-01,0,2,FALSE,TRUE,"US","USA","US-MI"
84026077,"US","USA",840,26077,"Kalamazoo","Michigan","US",42.2454,-85.5304,"Kalamazoo, Michigan, US",848,58,2020-06-02,4,1,FALSE,TRUE,"US","USA","US-MI"
84026077,"US","USA",840,26077,"Kalamazoo","Michigan","US",42.2454,-85.5304,"Kalamazoo, Michigan, US",850,58,2020-06-03,2,0,FALSE,TRUE,"US","USA","US-MI"
84026077,"US","USA",840,26077,"Kalamazoo","Michigan","US",42.2454,-85.5304,"Kalamazoo, Michigan, US",858,58,2020-06-04,8,0,FALSE,TRUE,"US","USA","US-MI"
84026077,"US","USA",840,26077,"Kalamazoo","Michigan","US",42.2454,-85.5304,"Kalamazoo, Michigan, US",865,58,2020-06-05,7,0,FALSE,TRUE,"US","USA","US-MI"
84026077,"US","USA",840,26077,"Kalamazoo","Michigan","US",42.2454,-85.5304,"Kalamazoo, Michigan, US",865,58,2020-06-06,0,0,FALSE,TRUE,"US","USA","US-MI"
