"UID","iso2","iso3","code3","FIPS","Admin2","Province.State","Country.Region","Lat","Long","Combined_Key","confirmed","deaths","date","confirmed_new","deaths_new","hasErrors","hasParent","country_code","country_code3","territory_code"
84026099,"US","USA",840,26099,"Macomb","Michigan","US",42.6916,-82.9275,"Macomb, Michigan, US",0,0,2020-01-22,0,0,FALSE,TRUE,"US","USA","US-MI"
84026099,"US","USA",840,26099,"Macomb","Michigan","US",42.6916,-82.9275,"Macomb, Michigan, US",0,0,2020-01-23,0,0,FALSE,TRUE,"US","USA","US-MI"
84026099,"US","USA",840,26099,"Macomb","Michigan","US",42.6916,-82.9275,"Macomb, Michigan, US",0,0,2020-01-24,0,0,FALSE,TRUE,"US","USA","US-MI"
84026099,"US","USA",840,26099,"Macomb","Michigan","US",42.6916,-82.9275,"Macomb, Michigan, US",0,0,2020-01-25,0,0,FALSE,TRUE,"US","USA","US-MI"
84026099,"US","USA",840,26099,"Macomb","Michigan","US",42.6916,-82.9275,"Macomb, Michigan, US",0,0,2020-01-26,0,0,FALSE,TRUE,"US","USA","US-MI"
84026099,"US","USA",840,26099,"Macomb","Michigan","US",42.6916,-82.9275,"Macomb, Michigan, US",0,0,2020-01-27,0,0,FALSE,TRUE,"US","USA","US-MI"
84026099,"US","USA",840,26099,"Macomb","Michigan","US",42.6916,-82.9275,"Macomb, Michigan, US",0,0,2020-01-28,0,0,FALSE,TRUE,"US","USA","US-MI"
84026099,"US","USA",840,26099,"Macomb","Michigan","US",42.6916,-82.9275,"Macomb, Michigan, US",0,0,2020-01-29,0,0,FALSE,TRUE,"US","USA","US-MI"
84026099,"US","USA",840,26099,"Macomb","Michigan","US",42.6916,-82.9275,"Macomb, Michigan, US",0,0,2020-01-30,0,0,FALSE,TRUE,"US","USA","US-MI"
84026099,"US","USA",840,26099,"Macomb","Michigan","US",42.6916,-82.9275,"Macomb, Michigan, US",0,0,2020-01-31,0,0,FALSE,TRUE,"US","USA","US-MI"
84026099,"US","USA",840,26099,"Macomb","Michigan","US",42.6916,-82.9275,"Macomb, Michigan, US",0,0,2020-02-01,0,0,FALSE,TRUE,"US","USA","US-MI"
84026099,"US","USA",840,26099,"Macomb","Michigan","US",42.6916,-82.9275,"Macomb, Michigan, US",0,0,2020-02-02,0,0,FALSE,TRUE,"US","USA","US-MI"
84026099,"US","USA",840,26099,"Macomb","Michigan","US",42.6916,-82.9275,"Macomb, Michigan, US",0,0,2020-02-03,0,0,FALSE,TRUE,"US","USA","US-MI"
84026099,"US","USA",840,26099,"Macomb","Michigan","US",42.6916,-82.9275,"Macomb, Michigan, US",0,0,2020-02-04,0,0,FALSE,TRUE,"US","USA","US-MI"
84026099,"US","USA",840,26099,"Macomb","Michigan","US",42.6916,-82.9275,"Macomb, Michigan, US",0,0,2020-02-05,0,0,FALSE,TRUE,"US","USA","US-MI"
84026099,"US","USA",840,26099,"Macomb","Michigan","US",42.6916,-82.9275,"Macomb, Michigan, US",0,0,2020-02-06,0,0,FALSE,TRUE,"US","USA","US-MI"
84026099,"US","USA",840,26099,"Macomb","Michigan","US",42.6916,-82.9275,"Macomb, Michigan, US",0,0,2020-02-07,0,0,FALSE,TRUE,"US","USA","US-MI"
84026099,"US","USA",840,26099,"Macomb","Michigan","US",42.6916,-82.9275,"Macomb, Michigan, US",0,0,2020-02-08,0,0,FALSE,TRUE,"US","USA","US-MI"
84026099,"US","USA",840,26099,"Macomb","Michigan","US",42.6916,-82.9275,"Macomb, Michigan, US",0,0,2020-02-09,0,0,FALSE,TRUE,"US","USA","US-MI"
84026099,"US","USA",840,26099,"Macomb","Michigan","US",42.6916,-82.9275,"Macomb, Michigan, US",0,0,2020-02-10,0,0,FALSE,TRUE,"US","USA","US-MI"
84026099,"US","USA",840,26099,"Macomb","Michigan","US",42.6916,-82.9275,"Macomb, Michigan, US",0,0,2020-02-11,0,0,FALSE,TRUE,"US","USA","US-MI"
84026099,"US","USA",840,26099,"Macomb","Michigan","US",42.6916,-82.9275,"Macomb, Michigan, US",0,0,2020-02-12,0,0,FALSE,TRUE,"US","USA","US-MI"
84026099,"US","USA",840,26099,"Macomb","Michigan","US",42.6916,-82.9275,"Macomb, Michigan, US",0,0,2020-02-13,0,0,FALSE,TRUE,"US","USA","US-MI"
84026099,"US","USA",840,26099,"Macomb","Michigan","US",42.6916,-82.9275,"Macomb, Michigan, US",0,0,2020-02-14,0,0,FALSE,TRUE,"US","USA","US-MI"
84026099,"US","USA",840,26099,"Macomb","Michigan","US",42.6916,-82.9275,"Macomb, Michigan, US",0,0,2020-02-15,0,0,FALSE,TRUE,"US","USA","US-MI"
84026099,"US","USA",840,26099,"Macomb","Michigan","US",42.6916,-82.9275,"Macomb, Michigan, US",0,0,2020-02-16,0,0,FALSE,TRUE,"US","USA","US-MI"
84026099,"US","USA",840,26099,"Macomb","Michigan","US",42.6916,-82.9275,"Macomb, Michigan, US",0,0,2020-02-17,0,0,FALSE,TRUE,"US","USA","US-MI"
84026099,"US","USA",840,26099,"Macomb","Michigan","US",42.6916,-82.9275,"Macomb, Michigan, US",0,0,2020-02-18,0,0,FALSE,TRUE,"US","USA","US-MI"
84026099,"US","USA",840,26099,"Macomb","Michigan","US",42.6916,-82.9275,"Macomb, Michigan, US",0,0,2020-02-19,0,0,FALSE,TRUE,"US","USA","US-MI"
84026099,"US","USA",840,26099,"Macomb","Michigan","US",42.6916,-82.9275,"Macomb, Michigan, US",0,0,2020-02-20,0,0,FALSE,TRUE,"US","USA","US-MI"
84026099,"US","USA",840,26099,"Macomb","Michigan","US",42.6916,-82.9275,"Macomb, Michigan, US",0,0,2020-02-21,0,0,FALSE,TRUE,"US","USA","US-MI"
84026099,"US","USA",840,26099,"Macomb","Michigan","US",42.6916,-82.9275,"Macomb, Michigan, US",0,0,2020-02-22,0,0,FALSE,TRUE,"US","USA","US-MI"
84026099,"US","USA",840,26099,"Macomb","Michigan","US",42.6916,-82.9275,"Macomb, Michigan, US",0,0,2020-02-23,0,0,FALSE,TRUE,"US","USA","US-MI"
84026099,"US","USA",840,26099,"Macomb","Michigan","US",42.6916,-82.9275,"Macomb, Michigan, US",0,0,2020-02-24,0,0,FALSE,TRUE,"US","USA","US-MI"
84026099,"US","USA",840,26099,"Macomb","Michigan","US",42.6916,-82.9275,"Macomb, Michigan, US",0,0,2020-02-25,0,0,FALSE,TRUE,"US","USA","US-MI"
84026099,"US","USA",840,26099,"Macomb","Michigan","US",42.6916,-82.9275,"Macomb, Michigan, US",0,0,2020-02-26,0,0,FALSE,TRUE,"US","USA","US-MI"
84026099,"US","USA",840,26099,"Macomb","Michigan","US",42.6916,-82.9275,"Macomb, Michigan, US",0,0,2020-02-27,0,0,FALSE,TRUE,"US","USA","US-MI"
84026099,"US","USA",840,26099,"Macomb","Michigan","US",42.6916,-82.9275,"Macomb, Michigan, US",0,0,2020-02-28,0,0,FALSE,TRUE,"US","USA","US-MI"
84026099,"US","USA",840,26099,"Macomb","Michigan","US",42.6916,-82.9275,"Macomb, Michigan, US",0,0,2020-02-29,0,0,FALSE,TRUE,"US","USA","US-MI"
84026099,"US","USA",840,26099,"Macomb","Michigan","US",42.6916,-82.9275,"Macomb, Michigan, US",0,0,2020-03-01,0,0,FALSE,TRUE,"US","USA","US-MI"
84026099,"US","USA",840,26099,"Macomb","Michigan","US",42.6916,-82.9275,"Macomb, Michigan, US",0,0,2020-03-02,0,0,FALSE,TRUE,"US","USA","US-MI"
84026099,"US","USA",840,26099,"Macomb","Michigan","US",42.6916,-82.9275,"Macomb, Michigan, US",0,0,2020-03-03,0,0,FALSE,TRUE,"US","USA","US-MI"
84026099,"US","USA",840,26099,"Macomb","Michigan","US",42.6916,-82.9275,"Macomb, Michigan, US",0,0,2020-03-04,0,0,FALSE,TRUE,"US","USA","US-MI"
84026099,"US","USA",840,26099,"Macomb","Michigan","US",42.6916,-82.9275,"Macomb, Michigan, US",0,0,2020-03-05,0,0,FALSE,TRUE,"US","USA","US-MI"
84026099,"US","USA",840,26099,"Macomb","Michigan","US",42.6916,-82.9275,"Macomb, Michigan, US",0,0,2020-03-06,0,0,FALSE,TRUE,"US","USA","US-MI"
84026099,"US","USA",840,26099,"Macomb","Michigan","US",42.6916,-82.9275,"Macomb, Michigan, US",0,0,2020-03-07,0,0,FALSE,TRUE,"US","USA","US-MI"
84026099,"US","USA",840,26099,"Macomb","Michigan","US",42.6916,-82.9275,"Macomb, Michigan, US",0,0,2020-03-08,0,0,FALSE,TRUE,"US","USA","US-MI"
84026099,"US","USA",840,26099,"Macomb","Michigan","US",42.6916,-82.9275,"Macomb, Michigan, US",0,0,2020-03-09,0,0,FALSE,TRUE,"US","USA","US-MI"
84026099,"US","USA",840,26099,"Macomb","Michigan","US",42.6916,-82.9275,"Macomb, Michigan, US",0,0,2020-03-10,0,0,FALSE,TRUE,"US","USA","US-MI"
84026099,"US","USA",840,26099,"Macomb","Michigan","US",42.6916,-82.9275,"Macomb, Michigan, US",0,0,2020-03-11,0,0,FALSE,TRUE,"US","USA","US-MI"
84026099,"US","USA",840,26099,"Macomb","Michigan","US",42.6916,-82.9275,"Macomb, Michigan, US",0,0,2020-03-12,0,0,FALSE,TRUE,"US","USA","US-MI"
84026099,"US","USA",840,26099,"Macomb","Michigan","US",42.6916,-82.9275,"Macomb, Michigan, US",0,0,2020-03-13,0,0,FALSE,TRUE,"US","USA","US-MI"
84026099,"US","USA",840,26099,"Macomb","Michigan","US",42.6916,-82.9275,"Macomb, Michigan, US",1,0,2020-03-14,1,0,FALSE,TRUE,"US","USA","US-MI"
84026099,"US","USA",840,26099,"Macomb","Michigan","US",42.6916,-82.9275,"Macomb, Michigan, US",2,0,2020-03-15,1,0,FALSE,TRUE,"US","USA","US-MI"
84026099,"US","USA",840,26099,"Macomb","Michigan","US",42.6916,-82.9275,"Macomb, Michigan, US",6,0,2020-03-16,4,0,FALSE,TRUE,"US","USA","US-MI"
84026099,"US","USA",840,26099,"Macomb","Michigan","US",42.6916,-82.9275,"Macomb, Michigan, US",8,0,2020-03-17,2,0,FALSE,TRUE,"US","USA","US-MI"
84026099,"US","USA",840,26099,"Macomb","Michigan","US",42.6916,-82.9275,"Macomb, Michigan, US",10,0,2020-03-18,2,0,FALSE,TRUE,"US","USA","US-MI"
84026099,"US","USA",840,26099,"Macomb","Michigan","US",42.6916,-82.9275,"Macomb, Michigan, US",55,0,2020-03-19,45,0,FALSE,TRUE,"US","USA","US-MI"
84026099,"US","USA",840,26099,"Macomb","Michigan","US",42.6916,-82.9275,"Macomb, Michigan, US",87,0,2020-03-20,32,0,FALSE,TRUE,"US","USA","US-MI"
84026099,"US","USA",840,26099,"Macomb","Michigan","US",42.6916,-82.9275,"Macomb, Michigan, US",102,0,2020-03-21,15,0,FALSE,TRUE,"US","USA","US-MI"
84026099,"US","USA",840,26099,"Macomb","Michigan","US",42.6916,-82.9275,"Macomb, Michigan, US",141,1,2020-03-22,39,1,FALSE,TRUE,"US","USA","US-MI"
84026099,"US","USA",840,26099,"Macomb","Michigan","US",42.6916,-82.9275,"Macomb, Michigan, US",176,2,2020-03-23,35,1,FALSE,TRUE,"US","USA","US-MI"
84026099,"US","USA",840,26099,"Macomb","Michigan","US",42.6916,-82.9275,"Macomb, Michigan, US",226,4,2020-03-24,50,2,FALSE,TRUE,"US","USA","US-MI"
84026099,"US","USA",840,26099,"Macomb","Michigan","US",42.6916,-82.9275,"Macomb, Michigan, US",282,8,2020-03-25,56,4,FALSE,TRUE,"US","USA","US-MI"
84026099,"US","USA",840,26099,"Macomb","Michigan","US",42.6916,-82.9275,"Macomb, Michigan, US",349,12,2020-03-26,67,4,FALSE,TRUE,"US","USA","US-MI"
84026099,"US","USA",840,26099,"Macomb","Michigan","US",42.6916,-82.9275,"Macomb, Michigan, US",406,15,2020-03-27,57,3,FALSE,TRUE,"US","USA","US-MI"
84026099,"US","USA",840,26099,"Macomb","Michigan","US",42.6916,-82.9275,"Macomb, Michigan, US",536,18,2020-03-28,130,3,FALSE,TRUE,"US","USA","US-MI"
84026099,"US","USA",840,26099,"Macomb","Michigan","US",42.6916,-82.9275,"Macomb, Michigan, US",622,21,2020-03-29,86,3,FALSE,TRUE,"US","USA","US-MI"
84026099,"US","USA",840,26099,"Macomb","Michigan","US",42.6916,-82.9275,"Macomb, Michigan, US",730,29,2020-03-30,108,8,FALSE,TRUE,"US","USA","US-MI"
84026099,"US","USA",840,26099,"Macomb","Michigan","US",42.6916,-82.9275,"Macomb, Michigan, US",855,40,2020-03-31,125,11,FALSE,TRUE,"US","USA","US-MI"
84026099,"US","USA",840,26099,"Macomb","Michigan","US",42.6916,-82.9275,"Macomb, Michigan, US",1090,53,2020-04-01,235,13,FALSE,TRUE,"US","USA","US-MI"
84026099,"US","USA",840,26099,"Macomb","Michigan","US",42.6916,-82.9275,"Macomb, Michigan, US",1334,60,2020-04-02,244,7,FALSE,TRUE,"US","USA","US-MI"
84026099,"US","USA",840,26099,"Macomb","Michigan","US",42.6916,-82.9275,"Macomb, Michigan, US",1562,68,2020-04-03,228,8,FALSE,TRUE,"US","USA","US-MI"
84026099,"US","USA",840,26099,"Macomb","Michigan","US",42.6916,-82.9275,"Macomb, Michigan, US",1840,81,2020-04-04,278,13,FALSE,TRUE,"US","USA","US-MI"
84026099,"US","USA",840,26099,"Macomb","Michigan","US",42.6916,-82.9275,"Macomb, Michigan, US",2005,87,2020-04-05,165,6,FALSE,TRUE,"US","USA","US-MI"
84026099,"US","USA",840,26099,"Macomb","Michigan","US",42.6916,-82.9275,"Macomb, Michigan, US",2162,106,2020-04-06,157,19,FALSE,TRUE,"US","USA","US-MI"
84026099,"US","USA",840,26099,"Macomb","Michigan","US",42.6916,-82.9275,"Macomb, Michigan, US",2419,127,2020-04-07,257,21,FALSE,TRUE,"US","USA","US-MI"
84026099,"US","USA",840,26099,"Macomb","Michigan","US",42.6916,-82.9275,"Macomb, Michigan, US",2631,147,2020-04-08,212,20,FALSE,TRUE,"US","USA","US-MI"
84026099,"US","USA",840,26099,"Macomb","Michigan","US",42.6916,-82.9275,"Macomb, Michigan, US",2788,173,2020-04-09,157,26,FALSE,TRUE,"US","USA","US-MI"
84026099,"US","USA",840,26099,"Macomb","Michigan","US",42.6916,-82.9275,"Macomb, Michigan, US",2978,206,2020-04-10,190,33,FALSE,TRUE,"US","USA","US-MI"
84026099,"US","USA",840,26099,"Macomb","Michigan","US",42.6916,-82.9275,"Macomb, Michigan, US",3169,218,2020-04-11,191,12,FALSE,TRUE,"US","USA","US-MI"
84026099,"US","USA",840,26099,"Macomb","Michigan","US",42.6916,-82.9275,"Macomb, Michigan, US",3259,228,2020-04-12,90,10,FALSE,TRUE,"US","USA","US-MI"
84026099,"US","USA",840,26099,"Macomb","Michigan","US",42.6916,-82.9275,"Macomb, Michigan, US",3423,253,2020-04-13,164,25,FALSE,TRUE,"US","USA","US-MI"
84026099,"US","USA",840,26099,"Macomb","Michigan","US",42.6916,-82.9275,"Macomb, Michigan, US",3625,306,2020-04-14,202,53,FALSE,TRUE,"US","USA","US-MI"
84026099,"US","USA",840,26099,"Macomb","Michigan","US",42.6916,-82.9275,"Macomb, Michigan, US",3797,343,2020-04-15,172,37,FALSE,TRUE,"US","USA","US-MI"
84026099,"US","USA",840,26099,"Macomb","Michigan","US",42.6916,-82.9275,"Macomb, Michigan, US",3998,369,2020-04-16,201,26,FALSE,TRUE,"US","USA","US-MI"
84026099,"US","USA",840,26099,"Macomb","Michigan","US",42.6916,-82.9275,"Macomb, Michigan, US",4151,390,2020-04-17,153,21,FALSE,TRUE,"US","USA","US-MI"
84026099,"US","USA",840,26099,"Macomb","Michigan","US",42.6916,-82.9275,"Macomb, Michigan, US",4257,402,2020-04-18,106,12,FALSE,TRUE,"US","USA","US-MI"
84026099,"US","USA",840,26099,"Macomb","Michigan","US",42.6916,-82.9275,"Macomb, Michigan, US",4366,409,2020-04-19,109,7,FALSE,TRUE,"US","USA","US-MI"
84026099,"US","USA",840,26099,"Macomb","Michigan","US",42.6916,-82.9275,"Macomb, Michigan, US",4431,421,2020-04-20,65,12,FALSE,TRUE,"US","USA","US-MI"
84026099,"US","USA",840,26099,"Macomb","Michigan","US",42.6916,-82.9275,"Macomb, Michigan, US",4550,463,2020-04-21,119,42,FALSE,TRUE,"US","USA","US-MI"
84026099,"US","USA",840,26099,"Macomb","Michigan","US",42.6916,-82.9275,"Macomb, Michigan, US",4637,491,2020-04-22,87,28,FALSE,TRUE,"US","USA","US-MI"
84026099,"US","USA",840,26099,"Macomb","Michigan","US",42.6916,-82.9275,"Macomb, Michigan, US",4876,511,2020-04-23,239,20,FALSE,TRUE,"US","USA","US-MI"
84026099,"US","USA",840,26099,"Macomb","Michigan","US",42.6916,-82.9275,"Macomb, Michigan, US",5045,523,2020-04-24,169,12,FALSE,TRUE,"US","USA","US-MI"
84026099,"US","USA",840,26099,"Macomb","Michigan","US",42.6916,-82.9275,"Macomb, Michigan, US",5163,536,2020-04-25,118,13,FALSE,TRUE,"US","USA","US-MI"
84026099,"US","USA",840,26099,"Macomb","Michigan","US",42.6916,-82.9275,"Macomb, Michigan, US",5228,539,2020-04-26,65,3,FALSE,TRUE,"US","USA","US-MI"
84026099,"US","USA",840,26099,"Macomb","Michigan","US",42.6916,-82.9275,"Macomb, Michigan, US",5276,546,2020-04-27,48,7,FALSE,TRUE,"US","USA","US-MI"
84026099,"US","USA",840,26099,"Macomb","Michigan","US",42.6916,-82.9275,"Macomb, Michigan, US",5374,591,2020-04-28,98,45,FALSE,TRUE,"US","USA","US-MI"
84026099,"US","USA",840,26099,"Macomb","Michigan","US",42.6916,-82.9275,"Macomb, Michigan, US",5471,616,2020-04-29,97,25,FALSE,TRUE,"US","USA","US-MI"
84026099,"US","USA",840,26099,"Macomb","Michigan","US",42.6916,-82.9275,"Macomb, Michigan, US",5556,622,2020-04-30,85,6,FALSE,TRUE,"US","USA","US-MI"
84026099,"US","USA",840,26099,"Macomb","Michigan","US",42.6916,-82.9275,"Macomb, Michigan, US",5670,634,2020-05-01,114,12,FALSE,TRUE,"US","USA","US-MI"
84026099,"US","USA",840,26099,"Macomb","Michigan","US",42.6916,-82.9275,"Macomb, Michigan, US",5716,645,2020-05-02,46,11,FALSE,TRUE,"US","USA","US-MI"
84026099,"US","USA",840,26099,"Macomb","Michigan","US",42.6916,-82.9275,"Macomb, Michigan, US",5807,648,2020-05-03,91,3,FALSE,TRUE,"US","USA","US-MI"
84026099,"US","USA",840,26099,"Macomb","Michigan","US",42.6916,-82.9275,"Macomb, Michigan, US",5788,664,2020-05-04,-19,16,FALSE,TRUE,"US","USA","US-MI"
84026099,"US","USA",840,26099,"Macomb","Michigan","US",42.6916,-82.9275,"Macomb, Michigan, US",5847,668,2020-05-05,59,4,FALSE,TRUE,"US","USA","US-MI"
84026099,"US","USA",840,26099,"Macomb","Michigan","US",42.6916,-82.9275,"Macomb, Michigan, US",5892,683,2020-05-06,45,15,FALSE,TRUE,"US","USA","US-MI"
84026099,"US","USA",840,26099,"Macomb","Michigan","US",42.6916,-82.9275,"Macomb, Michigan, US",5939,699,2020-05-07,47,16,FALSE,TRUE,"US","USA","US-MI"
84026099,"US","USA",840,26099,"Macomb","Michigan","US",42.6916,-82.9275,"Macomb, Michigan, US",6030,705,2020-05-08,91,6,FALSE,TRUE,"US","USA","US-MI"
84026099,"US","USA",840,26099,"Macomb","Michigan","US",42.6916,-82.9275,"Macomb, Michigan, US",6093,728,2020-05-09,63,23,FALSE,TRUE,"US","USA","US-MI"
84026099,"US","USA",840,26099,"Macomb","Michigan","US",42.6916,-82.9275,"Macomb, Michigan, US",6118,729,2020-05-10,25,1,FALSE,TRUE,"US","USA","US-MI"
84026099,"US","USA",840,26099,"Macomb","Michigan","US",42.6916,-82.9275,"Macomb, Michigan, US",6143,730,2020-05-11,25,1,FALSE,TRUE,"US","USA","US-MI"
84026099,"US","USA",840,26099,"Macomb","Michigan","US",42.6916,-82.9275,"Macomb, Michigan, US",6179,742,2020-05-12,36,12,FALSE,TRUE,"US","USA","US-MI"
84026099,"US","USA",840,26099,"Macomb","Michigan","US",42.6916,-82.9275,"Macomb, Michigan, US",6227,750,2020-05-13,48,8,FALSE,TRUE,"US","USA","US-MI"
84026099,"US","USA",840,26099,"Macomb","Michigan","US",42.6916,-82.9275,"Macomb, Michigan, US",6330,761,2020-05-14,103,11,FALSE,TRUE,"US","USA","US-MI"
84026099,"US","USA",840,26099,"Macomb","Michigan","US",42.6916,-82.9275,"Macomb, Michigan, US",6377,763,2020-05-15,47,2,FALSE,TRUE,"US","USA","US-MI"
84026099,"US","USA",840,26099,"Macomb","Michigan","US",42.6916,-82.9275,"Macomb, Michigan, US",6410,773,2020-05-16,33,10,FALSE,TRUE,"US","USA","US-MI"
84026099,"US","USA",840,26099,"Macomb","Michigan","US",42.6916,-82.9275,"Macomb, Michigan, US",6452,774,2020-05-17,42,1,FALSE,TRUE,"US","USA","US-MI"
84026099,"US","USA",840,26099,"Macomb","Michigan","US",42.6916,-82.9275,"Macomb, Michigan, US",6465,774,2020-05-18,13,0,FALSE,TRUE,"US","USA","US-MI"
84026099,"US","USA",840,26099,"Macomb","Michigan","US",42.6916,-82.9275,"Macomb, Michigan, US",6480,787,2020-05-19,15,13,FALSE,TRUE,"US","USA","US-MI"
84026099,"US","USA",840,26099,"Macomb","Michigan","US",42.6916,-82.9275,"Macomb, Michigan, US",6511,798,2020-05-20,31,11,FALSE,TRUE,"US","USA","US-MI"
84026099,"US","USA",840,26099,"Macomb","Michigan","US",42.6916,-82.9275,"Macomb, Michigan, US",6545,807,2020-05-21,34,9,FALSE,TRUE,"US","USA","US-MI"
84026099,"US","USA",840,26099,"Macomb","Michigan","US",42.6916,-82.9275,"Macomb, Michigan, US",6572,811,2020-05-22,27,4,FALSE,TRUE,"US","USA","US-MI"
84026099,"US","USA",840,26099,"Macomb","Michigan","US",42.6916,-82.9275,"Macomb, Michigan, US",6609,813,2020-05-23,37,2,FALSE,TRUE,"US","USA","US-MI"
84026099,"US","USA",840,26099,"Macomb","Michigan","US",42.6916,-82.9275,"Macomb, Michigan, US",6628,813,2020-05-24,19,0,FALSE,TRUE,"US","USA","US-MI"
84026099,"US","USA",840,26099,"Macomb","Michigan","US",42.6916,-82.9275,"Macomb, Michigan, US",6645,813,2020-05-25,17,0,FALSE,TRUE,"US","USA","US-MI"
84026099,"US","USA",840,26099,"Macomb","Michigan","US",42.6916,-82.9275,"Macomb, Michigan, US",6660,815,2020-05-26,15,2,FALSE,TRUE,"US","USA","US-MI"
84026099,"US","USA",840,26099,"Macomb","Michigan","US",42.6916,-82.9275,"Macomb, Michigan, US",6693,820,2020-05-27,33,5,FALSE,TRUE,"US","USA","US-MI"
84026099,"US","USA",840,26099,"Macomb","Michigan","US",42.6916,-82.9275,"Macomb, Michigan, US",6726,823,2020-05-28,33,3,FALSE,TRUE,"US","USA","US-MI"
84026099,"US","USA",840,26099,"Macomb","Michigan","US",42.6916,-82.9275,"Macomb, Michigan, US",6761,829,2020-05-29,35,6,FALSE,TRUE,"US","USA","US-MI"
84026099,"US","USA",840,26099,"Macomb","Michigan","US",42.6916,-82.9275,"Macomb, Michigan, US",6771,838,2020-05-30,10,9,FALSE,TRUE,"US","USA","US-MI"
84026099,"US","USA",840,26099,"Macomb","Michigan","US",42.6916,-82.9275,"Macomb, Michigan, US",6842,846,2020-05-31,71,8,FALSE,TRUE,"US","USA","US-MI"
84026099,"US","USA",840,26099,"Macomb","Michigan","US",42.6916,-82.9275,"Macomb, Michigan, US",6855,851,2020-06-01,13,5,FALSE,TRUE,"US","USA","US-MI"
84026099,"US","USA",840,26099,"Macomb","Michigan","US",42.6916,-82.9275,"Macomb, Michigan, US",6870,855,2020-06-02,15,4,FALSE,TRUE,"US","USA","US-MI"
84026099,"US","USA",840,26099,"Macomb","Michigan","US",42.6916,-82.9275,"Macomb, Michigan, US",6927,864,2020-06-03,57,9,FALSE,TRUE,"US","USA","US-MI"
84026099,"US","USA",840,26099,"Macomb","Michigan","US",42.6916,-82.9275,"Macomb, Michigan, US",6949,866,2020-06-04,22,2,FALSE,TRUE,"US","USA","US-MI"
84026099,"US","USA",840,26099,"Macomb","Michigan","US",42.6916,-82.9275,"Macomb, Michigan, US",6985,870,2020-06-05,36,4,FALSE,TRUE,"US","USA","US-MI"
84026099,"US","USA",840,26099,"Macomb","Michigan","US",42.6916,-82.9275,"Macomb, Michigan, US",6989,870,2020-06-06,4,0,FALSE,TRUE,"US","USA","US-MI"
84026099,"US","USA",840,26099,"Macomb","Michigan","US",42.6916,-82.9275,"Macomb, Michigan, US",6992,870,2020-06-07,3,0,FALSE,TRUE,"US","USA","US-MI"
84026099,"US","USA",840,26099,"Macomb","Michigan","US",42.6916,-82.9275,"Macomb, Michigan, US",6997,872,2020-06-08,5,2,FALSE,TRUE,"US","USA","US-MI"
84026099,"US","USA",840,26099,"Macomb","Michigan","US",42.6916,-82.9275,"Macomb, Michigan, US",7000,875,2020-06-09,3,3,FALSE,TRUE,"US","USA","US-MI"
84026099,"US","USA",840,26099,"Macomb","Michigan","US",42.6916,-82.9275,"Macomb, Michigan, US",7000,875,2020-06-10,0,0,FALSE,TRUE,"US","USA","US-MI"
84026099,"US","USA",840,26099,"Macomb","Michigan","US",42.6916,-82.9275,"Macomb, Michigan, US",7006,879,2020-06-11,6,4,FALSE,TRUE,"US","USA","US-MI"
84026099,"US","USA",840,26099,"Macomb","Michigan","US",42.6916,-82.9275,"Macomb, Michigan, US",7016,881,2020-06-12,10,2,FALSE,TRUE,"US","USA","US-MI"
84026099,"US","USA",840,26099,"Macomb","Michigan","US",42.6916,-82.9275,"Macomb, Michigan, US",7035,889,2020-06-13,19,8,FALSE,TRUE,"US","USA","US-MI"
84026099,"US","USA",840,26099,"Macomb","Michigan","US",42.6916,-82.9275,"Macomb, Michigan, US",7050,889,2020-06-14,15,0,FALSE,TRUE,"US","USA","US-MI"
