"UID","iso2","iso3","code3","FIPS","Admin2","Province.State","Country.Region","Lat","Long","Combined_Key","confirmed","deaths","date","confirmed_new","deaths_new","hasErrors","hasParent","country_code","country_code3","territory_code"
84090025,"US","USA",840,90025,"Unassigned","Massachusetts","US",0,0,"Unassigned, Massachusetts, US",0,0,2020-01-22,0,0,FALSE,TRUE,"US","USA","US-MA"
84090025,"US","USA",840,90025,"Unassigned","Massachusetts","US",0,0,"Unassigned, Massachusetts, US",0,0,2020-01-23,0,0,FALSE,TRUE,"US","USA","US-MA"
84090025,"US","USA",840,90025,"Unassigned","Massachusetts","US",0,0,"Unassigned, Massachusetts, US",0,0,2020-01-24,0,0,FALSE,TRUE,"US","USA","US-MA"
84090025,"US","USA",840,90025,"Unassigned","Massachusetts","US",0,0,"Unassigned, Massachusetts, US",0,0,2020-01-25,0,0,FALSE,TRUE,"US","USA","US-MA"
84090025,"US","USA",840,90025,"Unassigned","Massachusetts","US",0,0,"Unassigned, Massachusetts, US",0,0,2020-01-26,0,0,FALSE,TRUE,"US","USA","US-MA"
84090025,"US","USA",840,90025,"Unassigned","Massachusetts","US",0,0,"Unassigned, Massachusetts, US",0,0,2020-01-27,0,0,FALSE,TRUE,"US","USA","US-MA"
84090025,"US","USA",840,90025,"Unassigned","Massachusetts","US",0,0,"Unassigned, Massachusetts, US",0,0,2020-01-28,0,0,FALSE,TRUE,"US","USA","US-MA"
84090025,"US","USA",840,90025,"Unassigned","Massachusetts","US",0,0,"Unassigned, Massachusetts, US",0,0,2020-01-29,0,0,FALSE,TRUE,"US","USA","US-MA"
84090025,"US","USA",840,90025,"Unassigned","Massachusetts","US",0,0,"Unassigned, Massachusetts, US",0,0,2020-01-30,0,0,FALSE,TRUE,"US","USA","US-MA"
84090025,"US","USA",840,90025,"Unassigned","Massachusetts","US",0,0,"Unassigned, Massachusetts, US",0,0,2020-01-31,0,0,FALSE,TRUE,"US","USA","US-MA"
84090025,"US","USA",840,90025,"Unassigned","Massachusetts","US",0,0,"Unassigned, Massachusetts, US",0,0,2020-02-01,0,0,FALSE,TRUE,"US","USA","US-MA"
84090025,"US","USA",840,90025,"Unassigned","Massachusetts","US",0,0,"Unassigned, Massachusetts, US",0,0,2020-02-02,0,0,FALSE,TRUE,"US","USA","US-MA"
84090025,"US","USA",840,90025,"Unassigned","Massachusetts","US",0,0,"Unassigned, Massachusetts, US",0,0,2020-02-03,0,0,FALSE,TRUE,"US","USA","US-MA"
84090025,"US","USA",840,90025,"Unassigned","Massachusetts","US",0,0,"Unassigned, Massachusetts, US",0,0,2020-02-04,0,0,FALSE,TRUE,"US","USA","US-MA"
84090025,"US","USA",840,90025,"Unassigned","Massachusetts","US",0,0,"Unassigned, Massachusetts, US",0,0,2020-02-05,0,0,FALSE,TRUE,"US","USA","US-MA"
84090025,"US","USA",840,90025,"Unassigned","Massachusetts","US",0,0,"Unassigned, Massachusetts, US",0,0,2020-02-06,0,0,FALSE,TRUE,"US","USA","US-MA"
84090025,"US","USA",840,90025,"Unassigned","Massachusetts","US",0,0,"Unassigned, Massachusetts, US",0,0,2020-02-07,0,0,FALSE,TRUE,"US","USA","US-MA"
84090025,"US","USA",840,90025,"Unassigned","Massachusetts","US",0,0,"Unassigned, Massachusetts, US",0,0,2020-02-08,0,0,FALSE,TRUE,"US","USA","US-MA"
84090025,"US","USA",840,90025,"Unassigned","Massachusetts","US",0,0,"Unassigned, Massachusetts, US",0,0,2020-02-09,0,0,FALSE,TRUE,"US","USA","US-MA"
84090025,"US","USA",840,90025,"Unassigned","Massachusetts","US",0,0,"Unassigned, Massachusetts, US",0,0,2020-02-10,0,0,FALSE,TRUE,"US","USA","US-MA"
84090025,"US","USA",840,90025,"Unassigned","Massachusetts","US",0,0,"Unassigned, Massachusetts, US",0,0,2020-02-11,0,0,FALSE,TRUE,"US","USA","US-MA"
84090025,"US","USA",840,90025,"Unassigned","Massachusetts","US",0,0,"Unassigned, Massachusetts, US",0,0,2020-02-12,0,0,FALSE,TRUE,"US","USA","US-MA"
84090025,"US","USA",840,90025,"Unassigned","Massachusetts","US",0,0,"Unassigned, Massachusetts, US",0,0,2020-02-13,0,0,FALSE,TRUE,"US","USA","US-MA"
84090025,"US","USA",840,90025,"Unassigned","Massachusetts","US",0,0,"Unassigned, Massachusetts, US",0,0,2020-02-14,0,0,FALSE,TRUE,"US","USA","US-MA"
84090025,"US","USA",840,90025,"Unassigned","Massachusetts","US",0,0,"Unassigned, Massachusetts, US",0,0,2020-02-15,0,0,FALSE,TRUE,"US","USA","US-MA"
84090025,"US","USA",840,90025,"Unassigned","Massachusetts","US",0,0,"Unassigned, Massachusetts, US",0,0,2020-02-16,0,0,FALSE,TRUE,"US","USA","US-MA"
84090025,"US","USA",840,90025,"Unassigned","Massachusetts","US",0,0,"Unassigned, Massachusetts, US",0,0,2020-02-17,0,0,FALSE,TRUE,"US","USA","US-MA"
84090025,"US","USA",840,90025,"Unassigned","Massachusetts","US",0,0,"Unassigned, Massachusetts, US",0,0,2020-02-18,0,0,FALSE,TRUE,"US","USA","US-MA"
84090025,"US","USA",840,90025,"Unassigned","Massachusetts","US",0,0,"Unassigned, Massachusetts, US",0,0,2020-02-19,0,0,FALSE,TRUE,"US","USA","US-MA"
84090025,"US","USA",840,90025,"Unassigned","Massachusetts","US",0,0,"Unassigned, Massachusetts, US",0,0,2020-02-20,0,0,FALSE,TRUE,"US","USA","US-MA"
84090025,"US","USA",840,90025,"Unassigned","Massachusetts","US",0,0,"Unassigned, Massachusetts, US",0,0,2020-02-21,0,0,FALSE,TRUE,"US","USA","US-MA"
84090025,"US","USA",840,90025,"Unassigned","Massachusetts","US",0,0,"Unassigned, Massachusetts, US",0,0,2020-02-22,0,0,FALSE,TRUE,"US","USA","US-MA"
84090025,"US","USA",840,90025,"Unassigned","Massachusetts","US",0,0,"Unassigned, Massachusetts, US",0,0,2020-02-23,0,0,FALSE,TRUE,"US","USA","US-MA"
84090025,"US","USA",840,90025,"Unassigned","Massachusetts","US",0,0,"Unassigned, Massachusetts, US",0,0,2020-02-24,0,0,FALSE,TRUE,"US","USA","US-MA"
84090025,"US","USA",840,90025,"Unassigned","Massachusetts","US",0,0,"Unassigned, Massachusetts, US",0,0,2020-02-25,0,0,FALSE,TRUE,"US","USA","US-MA"
84090025,"US","USA",840,90025,"Unassigned","Massachusetts","US",0,0,"Unassigned, Massachusetts, US",0,0,2020-02-26,0,0,FALSE,TRUE,"US","USA","US-MA"
84090025,"US","USA",840,90025,"Unassigned","Massachusetts","US",0,0,"Unassigned, Massachusetts, US",0,0,2020-02-27,0,0,FALSE,TRUE,"US","USA","US-MA"
84090025,"US","USA",840,90025,"Unassigned","Massachusetts","US",0,0,"Unassigned, Massachusetts, US",0,0,2020-02-28,0,0,FALSE,TRUE,"US","USA","US-MA"
84090025,"US","USA",840,90025,"Unassigned","Massachusetts","US",0,0,"Unassigned, Massachusetts, US",0,0,2020-02-29,0,0,FALSE,TRUE,"US","USA","US-MA"
84090025,"US","USA",840,90025,"Unassigned","Massachusetts","US",0,0,"Unassigned, Massachusetts, US",0,0,2020-03-01,0,0,FALSE,TRUE,"US","USA","US-MA"
84090025,"US","USA",840,90025,"Unassigned","Massachusetts","US",0,0,"Unassigned, Massachusetts, US",0,0,2020-03-02,0,0,FALSE,TRUE,"US","USA","US-MA"
84090025,"US","USA",840,90025,"Unassigned","Massachusetts","US",0,0,"Unassigned, Massachusetts, US",0,0,2020-03-03,0,0,FALSE,TRUE,"US","USA","US-MA"
84090025,"US","USA",840,90025,"Unassigned","Massachusetts","US",0,0,"Unassigned, Massachusetts, US",0,0,2020-03-04,0,0,FALSE,TRUE,"US","USA","US-MA"
84090025,"US","USA",840,90025,"Unassigned","Massachusetts","US",0,0,"Unassigned, Massachusetts, US",0,0,2020-03-05,0,0,FALSE,TRUE,"US","USA","US-MA"
84090025,"US","USA",840,90025,"Unassigned","Massachusetts","US",0,0,"Unassigned, Massachusetts, US",0,0,2020-03-06,0,0,FALSE,TRUE,"US","USA","US-MA"
84090025,"US","USA",840,90025,"Unassigned","Massachusetts","US",0,0,"Unassigned, Massachusetts, US",0,0,2020-03-07,0,0,FALSE,TRUE,"US","USA","US-MA"
84090025,"US","USA",840,90025,"Unassigned","Massachusetts","US",0,0,"Unassigned, Massachusetts, US",0,0,2020-03-08,0,0,FALSE,TRUE,"US","USA","US-MA"
84090025,"US","USA",840,90025,"Unassigned","Massachusetts","US",0,0,"Unassigned, Massachusetts, US",0,0,2020-03-09,0,0,FALSE,TRUE,"US","USA","US-MA"
84090025,"US","USA",840,90025,"Unassigned","Massachusetts","US",0,0,"Unassigned, Massachusetts, US",0,0,2020-03-10,0,0,FALSE,TRUE,"US","USA","US-MA"
84090025,"US","USA",840,90025,"Unassigned","Massachusetts","US",0,0,"Unassigned, Massachusetts, US",0,0,2020-03-11,0,0,FALSE,TRUE,"US","USA","US-MA"
84090025,"US","USA",840,90025,"Unassigned","Massachusetts","US",0,0,"Unassigned, Massachusetts, US",0,0,2020-03-12,0,0,FALSE,TRUE,"US","USA","US-MA"
84090025,"US","USA",840,90025,"Unassigned","Massachusetts","US",0,0,"Unassigned, Massachusetts, US",0,0,2020-03-13,0,0,FALSE,TRUE,"US","USA","US-MA"
84090025,"US","USA",840,90025,"Unassigned","Massachusetts","US",0,0,"Unassigned, Massachusetts, US",0,0,2020-03-14,0,0,FALSE,TRUE,"US","USA","US-MA"
84090025,"US","USA",840,90025,"Unassigned","Massachusetts","US",0,0,"Unassigned, Massachusetts, US",0,0,2020-03-15,0,0,FALSE,TRUE,"US","USA","US-MA"
84090025,"US","USA",840,90025,"Unassigned","Massachusetts","US",0,0,"Unassigned, Massachusetts, US",0,0,2020-03-16,0,0,FALSE,TRUE,"US","USA","US-MA"
84090025,"US","USA",840,90025,"Unassigned","Massachusetts","US",0,0,"Unassigned, Massachusetts, US",0,0,2020-03-17,0,0,FALSE,TRUE,"US","USA","US-MA"
84090025,"US","USA",840,90025,"Unassigned","Massachusetts","US",0,0,"Unassigned, Massachusetts, US",0,0,2020-03-18,0,0,FALSE,TRUE,"US","USA","US-MA"
84090025,"US","USA",840,90025,"Unassigned","Massachusetts","US",0,0,"Unassigned, Massachusetts, US",13,0,2020-03-19,13,0,FALSE,TRUE,"US","USA","US-MA"
84090025,"US","USA",840,90025,"Unassigned","Massachusetts","US",0,0,"Unassigned, Massachusetts, US",19,0,2020-03-20,6,0,FALSE,TRUE,"US","USA","US-MA"
84090025,"US","USA",840,90025,"Unassigned","Massachusetts","US",0,0,"Unassigned, Massachusetts, US",20,0,2020-03-21,1,0,FALSE,TRUE,"US","USA","US-MA"
84090025,"US","USA",840,90025,"Unassigned","Massachusetts","US",0,0,"Unassigned, Massachusetts, US",24,3,2020-03-22,4,3,FALSE,TRUE,"US","USA","US-MA"
84090025,"US","USA",840,90025,"Unassigned","Massachusetts","US",0,0,"Unassigned, Massachusetts, US",53,7,2020-03-23,29,4,FALSE,TRUE,"US","USA","US-MA"
84090025,"US","USA",840,90025,"Unassigned","Massachusetts","US",0,0,"Unassigned, Massachusetts, US",85,9,2020-03-24,32,2,FALSE,TRUE,"US","USA","US-MA"
84090025,"US","USA",840,90025,"Unassigned","Massachusetts","US",0,0,"Unassigned, Massachusetts, US",159,9,2020-03-25,74,0,FALSE,TRUE,"US","USA","US-MA"
84090025,"US","USA",840,90025,"Unassigned","Massachusetts","US",0,0,"Unassigned, Massachusetts, US",267,9,2020-03-26,108,0,FALSE,TRUE,"US","USA","US-MA"
84090025,"US","USA",840,90025,"Unassigned","Massachusetts","US",0,0,"Unassigned, Massachusetts, US",303,9,2020-03-27,36,0,FALSE,TRUE,"US","USA","US-MA"
84090025,"US","USA",840,90025,"Unassigned","Massachusetts","US",0,0,"Unassigned, Massachusetts, US",356,9,2020-03-28,53,0,FALSE,TRUE,"US","USA","US-MA"
84090025,"US","USA",840,90025,"Unassigned","Massachusetts","US",0,0,"Unassigned, Massachusetts, US",460,9,2020-03-29,104,0,FALSE,TRUE,"US","USA","US-MA"
84090025,"US","USA",840,90025,"Unassigned","Massachusetts","US",0,0,"Unassigned, Massachusetts, US",489,9,2020-03-30,29,0,FALSE,TRUE,"US","USA","US-MA"
84090025,"US","USA",840,90025,"Unassigned","Massachusetts","US",0,0,"Unassigned, Massachusetts, US",333,9,2020-03-31,-156,0,FALSE,TRUE,"US","USA","US-MA"
84090025,"US","USA",840,90025,"Unassigned","Massachusetts","US",0,0,"Unassigned, Massachusetts, US",251,9,2020-04-01,-82,0,FALSE,TRUE,"US","USA","US-MA"
84090025,"US","USA",840,90025,"Unassigned","Massachusetts","US",0,0,"Unassigned, Massachusetts, US",270,9,2020-04-02,19,0,FALSE,TRUE,"US","USA","US-MA"
84090025,"US","USA",840,90025,"Unassigned","Massachusetts","US",0,0,"Unassigned, Massachusetts, US",213,9,2020-04-03,-57,0,FALSE,TRUE,"US","USA","US-MA"
84090025,"US","USA",840,90025,"Unassigned","Massachusetts","US",0,0,"Unassigned, Massachusetts, US",274,9,2020-04-04,61,0,FALSE,TRUE,"US","USA","US-MA"
84090025,"US","USA",840,90025,"Unassigned","Massachusetts","US",0,0,"Unassigned, Massachusetts, US",215,9,2020-04-05,-59,0,FALSE,TRUE,"US","USA","US-MA"
84090025,"US","USA",840,90025,"Unassigned","Massachusetts","US",0,0,"Unassigned, Massachusetts, US",246,10,2020-04-06,31,1,FALSE,TRUE,"US","USA","US-MA"
84090025,"US","USA",840,90025,"Unassigned","Massachusetts","US",0,0,"Unassigned, Massachusetts, US",229,11,2020-04-07,-17,1,FALSE,TRUE,"US","USA","US-MA"
84090025,"US","USA",840,90025,"Unassigned","Massachusetts","US",0,0,"Unassigned, Massachusetts, US",223,13,2020-04-08,-6,2,FALSE,TRUE,"US","USA","US-MA"
84090025,"US","USA",840,90025,"Unassigned","Massachusetts","US",0,0,"Unassigned, Massachusetts, US",203,83,2020-04-09,-20,70,FALSE,TRUE,"US","USA","US-MA"
84090025,"US","USA",840,90025,"Unassigned","Massachusetts","US",0,0,"Unassigned, Massachusetts, US",129,179,2020-04-10,-74,96,FALSE,TRUE,"US","USA","US-MA"
84090025,"US","USA",840,90025,"Unassigned","Massachusetts","US",0,0,"Unassigned, Massachusetts, US",225,13,2020-04-11,96,-166,FALSE,TRUE,"US","USA","US-MA"
84090025,"US","USA",840,90025,"Unassigned","Massachusetts","US",0,0,"Unassigned, Massachusetts, US",373,12,2020-04-12,148,-1,FALSE,TRUE,"US","USA","US-MA"
84090025,"US","USA",840,90025,"Unassigned","Massachusetts","US",0,0,"Unassigned, Massachusetts, US",447,100,2020-04-13,74,88,FALSE,TRUE,"US","USA","US-MA"
84090025,"US","USA",840,90025,"Unassigned","Massachusetts","US",0,0,"Unassigned, Massachusetts, US",506,100,2020-04-14,59,0,FALSE,TRUE,"US","USA","US-MA"
84090025,"US","USA",840,90025,"Unassigned","Massachusetts","US",0,0,"Unassigned, Massachusetts, US",572,14,2020-04-15,66,-86,FALSE,TRUE,"US","USA","US-MA"
84090025,"US","USA",840,90025,"Unassigned","Massachusetts","US",0,0,"Unassigned, Massachusetts, US",638,14,2020-04-16,66,0,FALSE,TRUE,"US","USA","US-MA"
84090025,"US","USA",840,90025,"Unassigned","Massachusetts","US",0,0,"Unassigned, Massachusetts, US",768,16,2020-04-17,130,2,FALSE,TRUE,"US","USA","US-MA"
84090025,"US","USA",840,90025,"Unassigned","Massachusetts","US",0,0,"Unassigned, Massachusetts, US",741,19,2020-04-18,-27,3,FALSE,TRUE,"US","USA","US-MA"
84090025,"US","USA",840,90025,"Unassigned","Massachusetts","US",0,0,"Unassigned, Massachusetts, US",823,20,2020-04-19,82,1,FALSE,TRUE,"US","USA","US-MA"
84090025,"US","USA",840,90025,"Unassigned","Massachusetts","US",0,0,"Unassigned, Massachusetts, US",863,20,2020-04-20,40,0,FALSE,TRUE,"US","USA","US-MA"
84090025,"US","USA",840,90025,"Unassigned","Massachusetts","US",0,0,"Unassigned, Massachusetts, US",937,8,2020-04-21,74,-12,FALSE,TRUE,"US","USA","US-MA"
84090025,"US","USA",840,90025,"Unassigned","Massachusetts","US",0,0,"Unassigned, Massachusetts, US",864,229,2020-04-22,-73,221,FALSE,TRUE,"US","USA","US-MA"
84090025,"US","USA",840,90025,"Unassigned","Massachusetts","US",0,0,"Unassigned, Massachusetts, US",747,407,2020-04-23,-117,178,FALSE,TRUE,"US","USA","US-MA"
84090025,"US","USA",840,90025,"Unassigned","Massachusetts","US",0,0,"Unassigned, Massachusetts, US",801,603,2020-04-24,54,196,FALSE,TRUE,"US","USA","US-MA"
84090025,"US","USA",840,90025,"Unassigned","Massachusetts","US",0,0,"Unassigned, Massachusetts, US",763,13,2020-04-25,-38,-590,FALSE,TRUE,"US","USA","US-MA"
84090025,"US","USA",840,90025,"Unassigned","Massachusetts","US",0,0,"Unassigned, Massachusetts, US",817,141,2020-04-26,54,128,FALSE,TRUE,"US","USA","US-MA"
84090025,"US","USA",840,90025,"Unassigned","Massachusetts","US",0,0,"Unassigned, Massachusetts, US",805,8,2020-04-27,-12,-133,FALSE,TRUE,"US","USA","US-MA"
84090025,"US","USA",840,90025,"Unassigned","Massachusetts","US",0,0,"Unassigned, Massachusetts, US",635,5,2020-04-28,-170,-3,FALSE,TRUE,"US","USA","US-MA"
84090025,"US","USA",840,90025,"Unassigned","Massachusetts","US",0,0,"Unassigned, Massachusetts, US",468,5,2020-04-29,-167,0,FALSE,TRUE,"US","USA","US-MA"
84090025,"US","USA",840,90025,"Unassigned","Massachusetts","US",0,0,"Unassigned, Massachusetts, US",426,5,2020-04-30,-42,0,FALSE,TRUE,"US","USA","US-MA"
84090025,"US","USA",840,90025,"Unassigned","Massachusetts","US",0,0,"Unassigned, Massachusetts, US",437,6,2020-05-01,11,1,FALSE,TRUE,"US","USA","US-MA"
84090025,"US","USA",840,90025,"Unassigned","Massachusetts","US",0,0,"Unassigned, Massachusetts, US",410,4,2020-05-02,-27,-2,FALSE,TRUE,"US","USA","US-MA"
84090025,"US","USA",840,90025,"Unassigned","Massachusetts","US",0,0,"Unassigned, Massachusetts, US",1014,7,2020-05-03,604,3,FALSE,TRUE,"US","USA","US-MA"
84090025,"US","USA",840,90025,"Unassigned","Massachusetts","US",0,0,"Unassigned, Massachusetts, US",695,7,2020-05-04,-319,0,FALSE,TRUE,"US","USA","US-MA"
84090025,"US","USA",840,90025,"Unassigned","Massachusetts","US",0,0,"Unassigned, Massachusetts, US",629,7,2020-05-05,-66,0,FALSE,TRUE,"US","USA","US-MA"
84090025,"US","USA",840,90025,"Unassigned","Massachusetts","US",0,0,"Unassigned, Massachusetts, US",361,3,2020-05-06,-268,-4,FALSE,TRUE,"US","USA","US-MA"
84090025,"US","USA",840,90025,"Unassigned","Massachusetts","US",0,0,"Unassigned, Massachusetts, US",363,3,2020-05-07,2,0,FALSE,TRUE,"US","USA","US-MA"
84090025,"US","USA",840,90025,"Unassigned","Massachusetts","US",0,0,"Unassigned, Massachusetts, US",332,3,2020-05-08,-31,0,FALSE,TRUE,"US","USA","US-MA"
84090025,"US","USA",840,90025,"Unassigned","Massachusetts","US",0,0,"Unassigned, Massachusetts, US",323,3,2020-05-09,-9,0,FALSE,TRUE,"US","USA","US-MA"
84090025,"US","USA",840,90025,"Unassigned","Massachusetts","US",0,0,"Unassigned, Massachusetts, US",337,5,2020-05-10,14,2,FALSE,TRUE,"US","USA","US-MA"
84090025,"US","USA",840,90025,"Unassigned","Massachusetts","US",0,0,"Unassigned, Massachusetts, US",322,5,2020-05-11,-15,0,FALSE,TRUE,"US","USA","US-MA"
84090025,"US","USA",840,90025,"Unassigned","Massachusetts","US",0,0,"Unassigned, Massachusetts, US",308,4,2020-05-12,-14,-1,FALSE,TRUE,"US","USA","US-MA"
84090025,"US","USA",840,90025,"Unassigned","Massachusetts","US",0,0,"Unassigned, Massachusetts, US",299,4,2020-05-13,-9,0,FALSE,TRUE,"US","USA","US-MA"
84090025,"US","USA",840,90025,"Unassigned","Massachusetts","US",0,0,"Unassigned, Massachusetts, US",335,3,2020-05-14,36,-1,FALSE,TRUE,"US","USA","US-MA"
84090025,"US","USA",840,90025,"Unassigned","Massachusetts","US",0,0,"Unassigned, Massachusetts, US",320,2,2020-05-15,-15,-1,FALSE,TRUE,"US","USA","US-MA"
84090025,"US","USA",840,90025,"Unassigned","Massachusetts","US",0,0,"Unassigned, Massachusetts, US",344,3,2020-05-16,24,1,FALSE,TRUE,"US","USA","US-MA"
84090025,"US","USA",840,90025,"Unassigned","Massachusetts","US",0,0,"Unassigned, Massachusetts, US",350,3,2020-05-17,6,0,FALSE,TRUE,"US","USA","US-MA"
84090025,"US","USA",840,90025,"Unassigned","Massachusetts","US",0,0,"Unassigned, Massachusetts, US",347,3,2020-05-18,-3,0,FALSE,TRUE,"US","USA","US-MA"
84090025,"US","USA",840,90025,"Unassigned","Massachusetts","US",0,0,"Unassigned, Massachusetts, US",324,3,2020-05-19,-23,0,FALSE,TRUE,"US","USA","US-MA"
84090025,"US","USA",840,90025,"Unassigned","Massachusetts","US",0,0,"Unassigned, Massachusetts, US",330,3,2020-05-20,6,0,FALSE,TRUE,"US","USA","US-MA"
84090025,"US","USA",840,90025,"Unassigned","Massachusetts","US",0,0,"Unassigned, Massachusetts, US",340,3,2020-05-21,10,0,FALSE,TRUE,"US","USA","US-MA"
84090025,"US","USA",840,90025,"Unassigned","Massachusetts","US",0,0,"Unassigned, Massachusetts, US",332,3,2020-05-22,-8,0,FALSE,TRUE,"US","USA","US-MA"
84090025,"US","USA",840,90025,"Unassigned","Massachusetts","US",0,0,"Unassigned, Massachusetts, US",355,3,2020-05-23,23,0,FALSE,TRUE,"US","USA","US-MA"
84090025,"US","USA",840,90025,"Unassigned","Massachusetts","US",0,0,"Unassigned, Massachusetts, US",344,4,2020-05-24,-11,1,FALSE,TRUE,"US","USA","US-MA"
84090025,"US","USA",840,90025,"Unassigned","Massachusetts","US",0,0,"Unassigned, Massachusetts, US",347,4,2020-05-25,3,0,FALSE,TRUE,"US","USA","US-MA"
84090025,"US","USA",840,90025,"Unassigned","Massachusetts","US",0,0,"Unassigned, Massachusetts, US",333,4,2020-05-26,-14,0,FALSE,TRUE,"US","USA","US-MA"
84090025,"US","USA",840,90025,"Unassigned","Massachusetts","US",0,0,"Unassigned, Massachusetts, US",345,5,2020-05-27,12,1,FALSE,TRUE,"US","USA","US-MA"
84090025,"US","USA",840,90025,"Unassigned","Massachusetts","US",0,0,"Unassigned, Massachusetts, US",354,6,2020-05-28,9,1,FALSE,TRUE,"US","USA","US-MA"
84090025,"US","USA",840,90025,"Unassigned","Massachusetts","US",0,0,"Unassigned, Massachusetts, US",327,6,2020-05-29,-27,0,FALSE,TRUE,"US","USA","US-MA"
84090025,"US","USA",840,90025,"Unassigned","Massachusetts","US",0,0,"Unassigned, Massachusetts, US",374,6,2020-05-30,47,0,FALSE,TRUE,"US","USA","US-MA"
84090025,"US","USA",840,90025,"Unassigned","Massachusetts","US",0,0,"Unassigned, Massachusetts, US",334,7,2020-05-31,-40,1,FALSE,TRUE,"US","USA","US-MA"
84090025,"US","USA",840,90025,"Unassigned","Massachusetts","US",0,0,"Unassigned, Massachusetts, US",340,14,2020-06-01,6,7,FALSE,TRUE,"US","USA","US-MA"
84090025,"US","USA",840,90025,"Unassigned","Massachusetts","US",0,0,"Unassigned, Massachusetts, US",319,12,2020-06-02,-21,-2,FALSE,TRUE,"US","USA","US-MA"
84090025,"US","USA",840,90025,"Unassigned","Massachusetts","US",0,0,"Unassigned, Massachusetts, US",307,12,2020-06-03,-12,0,FALSE,TRUE,"US","USA","US-MA"
84090025,"US","USA",840,90025,"Unassigned","Massachusetts","US",0,0,"Unassigned, Massachusetts, US",310,10,2020-06-04,3,-2,FALSE,TRUE,"US","USA","US-MA"
84090025,"US","USA",840,90025,"Unassigned","Massachusetts","US",0,0,"Unassigned, Massachusetts, US",313,7,2020-06-05,3,-3,FALSE,TRUE,"US","USA","US-MA"
84090025,"US","USA",840,90025,"Unassigned","Massachusetts","US",0,0,"Unassigned, Massachusetts, US",297,8,2020-06-06,-16,1,FALSE,TRUE,"US","USA","US-MA"
84090025,"US","USA",840,90025,"Unassigned","Massachusetts","US",0,0,"Unassigned, Massachusetts, US",292,8,2020-06-07,-5,0,FALSE,TRUE,"US","USA","US-MA"
84090025,"US","USA",840,90025,"Unassigned","Massachusetts","US",0,0,"Unassigned, Massachusetts, US",309,8,2020-06-08,17,0,FALSE,TRUE,"US","USA","US-MA"
84090025,"US","USA",840,90025,"Unassigned","Massachusetts","US",0,0,"Unassigned, Massachusetts, US",299,10,2020-06-09,-10,2,FALSE,TRUE,"US","USA","US-MA"
84090025,"US","USA",840,90025,"Unassigned","Massachusetts","US",0,0,"Unassigned, Massachusetts, US",297,10,2020-06-10,-2,0,FALSE,TRUE,"US","USA","US-MA"
84090025,"US","USA",840,90025,"Unassigned","Massachusetts","US",0,0,"Unassigned, Massachusetts, US",304,10,2020-06-11,7,0,FALSE,TRUE,"US","USA","US-MA"
84090025,"US","USA",840,90025,"Unassigned","Massachusetts","US",0,0,"Unassigned, Massachusetts, US",298,10,2020-06-12,-6,0,FALSE,TRUE,"US","USA","US-MA"
84090025,"US","USA",840,90025,"Unassigned","Massachusetts","US",0,0,"Unassigned, Massachusetts, US",307,10,2020-06-13,9,0,FALSE,TRUE,"US","USA","US-MA"
84090025,"US","USA",840,90025,"Unassigned","Massachusetts","US",0,0,"Unassigned, Massachusetts, US",308,10,2020-06-14,1,0,FALSE,TRUE,"US","USA","US-MA"
84090025,"US","USA",840,90025,"Unassigned","Massachusetts","US",0,0,"Unassigned, Massachusetts, US",311,10,2020-06-15,3,0,FALSE,TRUE,"US","USA","US-MA"
84090025,"US","USA",840,90025,"Unassigned","Massachusetts","US",0,0,"Unassigned, Massachusetts, US",307,9,2020-06-16,-4,-1,FALSE,TRUE,"US","USA","US-MA"
84090025,"US","USA",840,90025,"Unassigned","Massachusetts","US",0,0,"Unassigned, Massachusetts, US",306,9,2020-06-17,-1,0,FALSE,TRUE,"US","USA","US-MA"
84090025,"US","USA",840,90025,"Unassigned","Massachusetts","US",0,0,"Unassigned, Massachusetts, US",308,10,2020-06-18,2,1,FALSE,TRUE,"US","USA","US-MA"
84090025,"US","USA",840,90025,"Unassigned","Massachusetts","US",0,0,"Unassigned, Massachusetts, US",296,10,2020-06-19,-12,0,FALSE,TRUE,"US","USA","US-MA"
