"UID","iso2","iso3","code3","FIPS","Admin2","Province.State","Country.Region","Lat","Long","Combined_Key","confirmed","deaths","date","confirmed_new","deaths_new","hasErrors","hasParent","country_code","country_code3","territory_code"
84028035,"US","USA",840,28035,"Forrest","Mississippi","US",31.1896,-89.2583,"Forrest, Mississippi, US",0,0,2020-01-22,0,0,FALSE,TRUE,"US","USA","US-MS"
84028035,"US","USA",840,28035,"Forrest","Mississippi","US",31.1896,-89.2583,"Forrest, Mississippi, US",0,0,2020-01-23,0,0,FALSE,TRUE,"US","USA","US-MS"
84028035,"US","USA",840,28035,"Forrest","Mississippi","US",31.1896,-89.2583,"Forrest, Mississippi, US",0,0,2020-01-24,0,0,FALSE,TRUE,"US","USA","US-MS"
84028035,"US","USA",840,28035,"Forrest","Mississippi","US",31.1896,-89.2583,"Forrest, Mississippi, US",0,0,2020-01-25,0,0,FALSE,TRUE,"US","USA","US-MS"
84028035,"US","USA",840,28035,"Forrest","Mississippi","US",31.1896,-89.2583,"Forrest, Mississippi, US",0,0,2020-01-26,0,0,FALSE,TRUE,"US","USA","US-MS"
84028035,"US","USA",840,28035,"Forrest","Mississippi","US",31.1896,-89.2583,"Forrest, Mississippi, US",0,0,2020-01-27,0,0,FALSE,TRUE,"US","USA","US-MS"
84028035,"US","USA",840,28035,"Forrest","Mississippi","US",31.1896,-89.2583,"Forrest, Mississippi, US",0,0,2020-01-28,0,0,FALSE,TRUE,"US","USA","US-MS"
84028035,"US","USA",840,28035,"Forrest","Mississippi","US",31.1896,-89.2583,"Forrest, Mississippi, US",0,0,2020-01-29,0,0,FALSE,TRUE,"US","USA","US-MS"
84028035,"US","USA",840,28035,"Forrest","Mississippi","US",31.1896,-89.2583,"Forrest, Mississippi, US",0,0,2020-01-30,0,0,FALSE,TRUE,"US","USA","US-MS"
84028035,"US","USA",840,28035,"Forrest","Mississippi","US",31.1896,-89.2583,"Forrest, Mississippi, US",0,0,2020-01-31,0,0,FALSE,TRUE,"US","USA","US-MS"
84028035,"US","USA",840,28035,"Forrest","Mississippi","US",31.1896,-89.2583,"Forrest, Mississippi, US",0,0,2020-02-01,0,0,FALSE,TRUE,"US","USA","US-MS"
84028035,"US","USA",840,28035,"Forrest","Mississippi","US",31.1896,-89.2583,"Forrest, Mississippi, US",0,0,2020-02-02,0,0,FALSE,TRUE,"US","USA","US-MS"
84028035,"US","USA",840,28035,"Forrest","Mississippi","US",31.1896,-89.2583,"Forrest, Mississippi, US",0,0,2020-02-03,0,0,FALSE,TRUE,"US","USA","US-MS"
84028035,"US","USA",840,28035,"Forrest","Mississippi","US",31.1896,-89.2583,"Forrest, Mississippi, US",0,0,2020-02-04,0,0,FALSE,TRUE,"US","USA","US-MS"
84028035,"US","USA",840,28035,"Forrest","Mississippi","US",31.1896,-89.2583,"Forrest, Mississippi, US",0,0,2020-02-05,0,0,FALSE,TRUE,"US","USA","US-MS"
84028035,"US","USA",840,28035,"Forrest","Mississippi","US",31.1896,-89.2583,"Forrest, Mississippi, US",0,0,2020-02-06,0,0,FALSE,TRUE,"US","USA","US-MS"
84028035,"US","USA",840,28035,"Forrest","Mississippi","US",31.1896,-89.2583,"Forrest, Mississippi, US",0,0,2020-02-07,0,0,FALSE,TRUE,"US","USA","US-MS"
84028035,"US","USA",840,28035,"Forrest","Mississippi","US",31.1896,-89.2583,"Forrest, Mississippi, US",0,0,2020-02-08,0,0,FALSE,TRUE,"US","USA","US-MS"
84028035,"US","USA",840,28035,"Forrest","Mississippi","US",31.1896,-89.2583,"Forrest, Mississippi, US",0,0,2020-02-09,0,0,FALSE,TRUE,"US","USA","US-MS"
84028035,"US","USA",840,28035,"Forrest","Mississippi","US",31.1896,-89.2583,"Forrest, Mississippi, US",0,0,2020-02-10,0,0,FALSE,TRUE,"US","USA","US-MS"
84028035,"US","USA",840,28035,"Forrest","Mississippi","US",31.1896,-89.2583,"Forrest, Mississippi, US",0,0,2020-02-11,0,0,FALSE,TRUE,"US","USA","US-MS"
84028035,"US","USA",840,28035,"Forrest","Mississippi","US",31.1896,-89.2583,"Forrest, Mississippi, US",0,0,2020-02-12,0,0,FALSE,TRUE,"US","USA","US-MS"
84028035,"US","USA",840,28035,"Forrest","Mississippi","US",31.1896,-89.2583,"Forrest, Mississippi, US",0,0,2020-02-13,0,0,FALSE,TRUE,"US","USA","US-MS"
84028035,"US","USA",840,28035,"Forrest","Mississippi","US",31.1896,-89.2583,"Forrest, Mississippi, US",0,0,2020-02-14,0,0,FALSE,TRUE,"US","USA","US-MS"
84028035,"US","USA",840,28035,"Forrest","Mississippi","US",31.1896,-89.2583,"Forrest, Mississippi, US",0,0,2020-02-15,0,0,FALSE,TRUE,"US","USA","US-MS"
84028035,"US","USA",840,28035,"Forrest","Mississippi","US",31.1896,-89.2583,"Forrest, Mississippi, US",0,0,2020-02-16,0,0,FALSE,TRUE,"US","USA","US-MS"
84028035,"US","USA",840,28035,"Forrest","Mississippi","US",31.1896,-89.2583,"Forrest, Mississippi, US",0,0,2020-02-17,0,0,FALSE,TRUE,"US","USA","US-MS"
84028035,"US","USA",840,28035,"Forrest","Mississippi","US",31.1896,-89.2583,"Forrest, Mississippi, US",0,0,2020-02-18,0,0,FALSE,TRUE,"US","USA","US-MS"
84028035,"US","USA",840,28035,"Forrest","Mississippi","US",31.1896,-89.2583,"Forrest, Mississippi, US",0,0,2020-02-19,0,0,FALSE,TRUE,"US","USA","US-MS"
84028035,"US","USA",840,28035,"Forrest","Mississippi","US",31.1896,-89.2583,"Forrest, Mississippi, US",0,0,2020-02-20,0,0,FALSE,TRUE,"US","USA","US-MS"
84028035,"US","USA",840,28035,"Forrest","Mississippi","US",31.1896,-89.2583,"Forrest, Mississippi, US",0,0,2020-02-21,0,0,FALSE,TRUE,"US","USA","US-MS"
84028035,"US","USA",840,28035,"Forrest","Mississippi","US",31.1896,-89.2583,"Forrest, Mississippi, US",0,0,2020-02-22,0,0,FALSE,TRUE,"US","USA","US-MS"
84028035,"US","USA",840,28035,"Forrest","Mississippi","US",31.1896,-89.2583,"Forrest, Mississippi, US",0,0,2020-02-23,0,0,FALSE,TRUE,"US","USA","US-MS"
84028035,"US","USA",840,28035,"Forrest","Mississippi","US",31.1896,-89.2583,"Forrest, Mississippi, US",0,0,2020-02-24,0,0,FALSE,TRUE,"US","USA","US-MS"
84028035,"US","USA",840,28035,"Forrest","Mississippi","US",31.1896,-89.2583,"Forrest, Mississippi, US",0,0,2020-02-25,0,0,FALSE,TRUE,"US","USA","US-MS"
84028035,"US","USA",840,28035,"Forrest","Mississippi","US",31.1896,-89.2583,"Forrest, Mississippi, US",0,0,2020-02-26,0,0,FALSE,TRUE,"US","USA","US-MS"
84028035,"US","USA",840,28035,"Forrest","Mississippi","US",31.1896,-89.2583,"Forrest, Mississippi, US",0,0,2020-02-27,0,0,FALSE,TRUE,"US","USA","US-MS"
84028035,"US","USA",840,28035,"Forrest","Mississippi","US",31.1896,-89.2583,"Forrest, Mississippi, US",0,0,2020-02-28,0,0,FALSE,TRUE,"US","USA","US-MS"
84028035,"US","USA",840,28035,"Forrest","Mississippi","US",31.1896,-89.2583,"Forrest, Mississippi, US",0,0,2020-02-29,0,0,FALSE,TRUE,"US","USA","US-MS"
84028035,"US","USA",840,28035,"Forrest","Mississippi","US",31.1896,-89.2583,"Forrest, Mississippi, US",0,0,2020-03-01,0,0,FALSE,TRUE,"US","USA","US-MS"
84028035,"US","USA",840,28035,"Forrest","Mississippi","US",31.1896,-89.2583,"Forrest, Mississippi, US",0,0,2020-03-02,0,0,FALSE,TRUE,"US","USA","US-MS"
84028035,"US","USA",840,28035,"Forrest","Mississippi","US",31.1896,-89.2583,"Forrest, Mississippi, US",0,0,2020-03-03,0,0,FALSE,TRUE,"US","USA","US-MS"
84028035,"US","USA",840,28035,"Forrest","Mississippi","US",31.1896,-89.2583,"Forrest, Mississippi, US",0,0,2020-03-04,0,0,FALSE,TRUE,"US","USA","US-MS"
84028035,"US","USA",840,28035,"Forrest","Mississippi","US",31.1896,-89.2583,"Forrest, Mississippi, US",0,0,2020-03-05,0,0,FALSE,TRUE,"US","USA","US-MS"
84028035,"US","USA",840,28035,"Forrest","Mississippi","US",31.1896,-89.2583,"Forrest, Mississippi, US",0,0,2020-03-06,0,0,FALSE,TRUE,"US","USA","US-MS"
84028035,"US","USA",840,28035,"Forrest","Mississippi","US",31.1896,-89.2583,"Forrest, Mississippi, US",0,0,2020-03-07,0,0,FALSE,TRUE,"US","USA","US-MS"
84028035,"US","USA",840,28035,"Forrest","Mississippi","US",31.1896,-89.2583,"Forrest, Mississippi, US",0,0,2020-03-08,0,0,FALSE,TRUE,"US","USA","US-MS"
84028035,"US","USA",840,28035,"Forrest","Mississippi","US",31.1896,-89.2583,"Forrest, Mississippi, US",0,0,2020-03-09,0,0,FALSE,TRUE,"US","USA","US-MS"
84028035,"US","USA",840,28035,"Forrest","Mississippi","US",31.1896,-89.2583,"Forrest, Mississippi, US",0,0,2020-03-10,0,0,FALSE,TRUE,"US","USA","US-MS"
84028035,"US","USA",840,28035,"Forrest","Mississippi","US",31.1896,-89.2583,"Forrest, Mississippi, US",0,0,2020-03-11,0,0,FALSE,TRUE,"US","USA","US-MS"
84028035,"US","USA",840,28035,"Forrest","Mississippi","US",31.1896,-89.2583,"Forrest, Mississippi, US",1,0,2020-03-12,1,0,FALSE,TRUE,"US","USA","US-MS"
84028035,"US","USA",840,28035,"Forrest","Mississippi","US",31.1896,-89.2583,"Forrest, Mississippi, US",3,0,2020-03-13,2,0,FALSE,TRUE,"US","USA","US-MS"
84028035,"US","USA",840,28035,"Forrest","Mississippi","US",31.1896,-89.2583,"Forrest, Mississippi, US",3,0,2020-03-14,0,0,FALSE,TRUE,"US","USA","US-MS"
84028035,"US","USA",840,28035,"Forrest","Mississippi","US",31.1896,-89.2583,"Forrest, Mississippi, US",3,0,2020-03-15,0,0,FALSE,TRUE,"US","USA","US-MS"
84028035,"US","USA",840,28035,"Forrest","Mississippi","US",31.1896,-89.2583,"Forrest, Mississippi, US",3,0,2020-03-16,0,0,FALSE,TRUE,"US","USA","US-MS"
84028035,"US","USA",840,28035,"Forrest","Mississippi","US",31.1896,-89.2583,"Forrest, Mississippi, US",3,0,2020-03-17,0,0,FALSE,TRUE,"US","USA","US-MS"
84028035,"US","USA",840,28035,"Forrest","Mississippi","US",31.1896,-89.2583,"Forrest, Mississippi, US",3,0,2020-03-18,0,0,FALSE,TRUE,"US","USA","US-MS"
84028035,"US","USA",840,28035,"Forrest","Mississippi","US",31.1896,-89.2583,"Forrest, Mississippi, US",4,0,2020-03-19,1,0,FALSE,TRUE,"US","USA","US-MS"
84028035,"US","USA",840,28035,"Forrest","Mississippi","US",31.1896,-89.2583,"Forrest, Mississippi, US",4,0,2020-03-20,0,0,FALSE,TRUE,"US","USA","US-MS"
84028035,"US","USA",840,28035,"Forrest","Mississippi","US",31.1896,-89.2583,"Forrest, Mississippi, US",5,0,2020-03-21,1,0,FALSE,TRUE,"US","USA","US-MS"
84028035,"US","USA",840,28035,"Forrest","Mississippi","US",31.1896,-89.2583,"Forrest, Mississippi, US",11,0,2020-03-22,6,0,FALSE,TRUE,"US","USA","US-MS"
84028035,"US","USA",840,28035,"Forrest","Mississippi","US",31.1896,-89.2583,"Forrest, Mississippi, US",11,0,2020-03-23,0,0,FALSE,TRUE,"US","USA","US-MS"
84028035,"US","USA",840,28035,"Forrest","Mississippi","US",31.1896,-89.2583,"Forrest, Mississippi, US",14,0,2020-03-24,3,0,FALSE,TRUE,"US","USA","US-MS"
84028035,"US","USA",840,28035,"Forrest","Mississippi","US",31.1896,-89.2583,"Forrest, Mississippi, US",15,0,2020-03-25,1,0,FALSE,TRUE,"US","USA","US-MS"
84028035,"US","USA",840,28035,"Forrest","Mississippi","US",31.1896,-89.2583,"Forrest, Mississippi, US",16,0,2020-03-26,1,0,FALSE,TRUE,"US","USA","US-MS"
84028035,"US","USA",840,28035,"Forrest","Mississippi","US",31.1896,-89.2583,"Forrest, Mississippi, US",16,0,2020-03-27,0,0,FALSE,TRUE,"US","USA","US-MS"
84028035,"US","USA",840,28035,"Forrest","Mississippi","US",31.1896,-89.2583,"Forrest, Mississippi, US",18,0,2020-03-28,2,0,FALSE,TRUE,"US","USA","US-MS"
84028035,"US","USA",840,28035,"Forrest","Mississippi","US",31.1896,-89.2583,"Forrest, Mississippi, US",19,0,2020-03-29,1,0,FALSE,TRUE,"US","USA","US-MS"
84028035,"US","USA",840,28035,"Forrest","Mississippi","US",31.1896,-89.2583,"Forrest, Mississippi, US",19,0,2020-03-30,0,0,FALSE,TRUE,"US","USA","US-MS"
84028035,"US","USA",840,28035,"Forrest","Mississippi","US",31.1896,-89.2583,"Forrest, Mississippi, US",21,0,2020-03-31,2,0,FALSE,TRUE,"US","USA","US-MS"
84028035,"US","USA",840,28035,"Forrest","Mississippi","US",31.1896,-89.2583,"Forrest, Mississippi, US",27,0,2020-04-01,6,0,FALSE,TRUE,"US","USA","US-MS"
84028035,"US","USA",840,28035,"Forrest","Mississippi","US",31.1896,-89.2583,"Forrest, Mississippi, US",26,1,2020-04-02,-1,1,FALSE,TRUE,"US","USA","US-MS"
84028035,"US","USA",840,28035,"Forrest","Mississippi","US",31.1896,-89.2583,"Forrest, Mississippi, US",30,0,2020-04-03,4,-1,FALSE,TRUE,"US","USA","US-MS"
84028035,"US","USA",840,28035,"Forrest","Mississippi","US",31.1896,-89.2583,"Forrest, Mississippi, US",34,0,2020-04-04,4,0,FALSE,TRUE,"US","USA","US-MS"
84028035,"US","USA",840,28035,"Forrest","Mississippi","US",31.1896,-89.2583,"Forrest, Mississippi, US",42,1,2020-04-05,8,1,FALSE,TRUE,"US","USA","US-MS"
84028035,"US","USA",840,28035,"Forrest","Mississippi","US",31.1896,-89.2583,"Forrest, Mississippi, US",46,1,2020-04-06,4,0,FALSE,TRUE,"US","USA","US-MS"
84028035,"US","USA",840,28035,"Forrest","Mississippi","US",31.1896,-89.2583,"Forrest, Mississippi, US",59,1,2020-04-07,13,0,FALSE,TRUE,"US","USA","US-MS"
84028035,"US","USA",840,28035,"Forrest","Mississippi","US",31.1896,-89.2583,"Forrest, Mississippi, US",59,1,2020-04-08,0,0,FALSE,TRUE,"US","USA","US-MS"
84028035,"US","USA",840,28035,"Forrest","Mississippi","US",31.1896,-89.2583,"Forrest, Mississippi, US",71,2,2020-04-09,12,1,FALSE,TRUE,"US","USA","US-MS"
84028035,"US","USA",840,28035,"Forrest","Mississippi","US",31.1896,-89.2583,"Forrest, Mississippi, US",76,2,2020-04-10,5,0,FALSE,TRUE,"US","USA","US-MS"
84028035,"US","USA",840,28035,"Forrest","Mississippi","US",31.1896,-89.2583,"Forrest, Mississippi, US",86,2,2020-04-11,10,0,FALSE,TRUE,"US","USA","US-MS"
84028035,"US","USA",840,28035,"Forrest","Mississippi","US",31.1896,-89.2583,"Forrest, Mississippi, US",95,2,2020-04-12,9,0,FALSE,TRUE,"US","USA","US-MS"
84028035,"US","USA",840,28035,"Forrest","Mississippi","US",31.1896,-89.2583,"Forrest, Mississippi, US",105,2,2020-04-13,10,0,FALSE,TRUE,"US","USA","US-MS"
84028035,"US","USA",840,28035,"Forrest","Mississippi","US",31.1896,-89.2583,"Forrest, Mississippi, US",114,2,2020-04-14,9,0,FALSE,TRUE,"US","USA","US-MS"
84028035,"US","USA",840,28035,"Forrest","Mississippi","US",31.1896,-89.2583,"Forrest, Mississippi, US",122,2,2020-04-15,8,0,FALSE,TRUE,"US","USA","US-MS"
84028035,"US","USA",840,28035,"Forrest","Mississippi","US",31.1896,-89.2583,"Forrest, Mississippi, US",134,2,2020-04-16,12,0,FALSE,TRUE,"US","USA","US-MS"
84028035,"US","USA",840,28035,"Forrest","Mississippi","US",31.1896,-89.2583,"Forrest, Mississippi, US",137,2,2020-04-17,3,0,FALSE,TRUE,"US","USA","US-MS"
84028035,"US","USA",840,28035,"Forrest","Mississippi","US",31.1896,-89.2583,"Forrest, Mississippi, US",137,3,2020-04-18,0,1,FALSE,TRUE,"US","USA","US-MS"
84028035,"US","USA",840,28035,"Forrest","Mississippi","US",31.1896,-89.2583,"Forrest, Mississippi, US",144,4,2020-04-19,7,1,FALSE,TRUE,"US","USA","US-MS"
84028035,"US","USA",840,28035,"Forrest","Mississippi","US",31.1896,-89.2583,"Forrest, Mississippi, US",147,4,2020-04-20,3,0,FALSE,TRUE,"US","USA","US-MS"
84028035,"US","USA",840,28035,"Forrest","Mississippi","US",31.1896,-89.2583,"Forrest, Mississippi, US",151,4,2020-04-21,4,0,FALSE,TRUE,"US","USA","US-MS"
84028035,"US","USA",840,28035,"Forrest","Mississippi","US",31.1896,-89.2583,"Forrest, Mississippi, US",158,4,2020-04-22,7,0,FALSE,TRUE,"US","USA","US-MS"
84028035,"US","USA",840,28035,"Forrest","Mississippi","US",31.1896,-89.2583,"Forrest, Mississippi, US",164,6,2020-04-23,6,2,FALSE,TRUE,"US","USA","US-MS"
84028035,"US","USA",840,28035,"Forrest","Mississippi","US",31.1896,-89.2583,"Forrest, Mississippi, US",174,7,2020-04-24,10,1,FALSE,TRUE,"US","USA","US-MS"
84028035,"US","USA",840,28035,"Forrest","Mississippi","US",31.1896,-89.2583,"Forrest, Mississippi, US",181,7,2020-04-25,7,0,FALSE,TRUE,"US","USA","US-MS"
84028035,"US","USA",840,28035,"Forrest","Mississippi","US",31.1896,-89.2583,"Forrest, Mississippi, US",190,7,2020-04-26,9,0,FALSE,TRUE,"US","USA","US-MS"
84028035,"US","USA",840,28035,"Forrest","Mississippi","US",31.1896,-89.2583,"Forrest, Mississippi, US",190,8,2020-04-27,0,1,FALSE,TRUE,"US","USA","US-MS"
84028035,"US","USA",840,28035,"Forrest","Mississippi","US",31.1896,-89.2583,"Forrest, Mississippi, US",196,8,2020-04-28,6,0,FALSE,TRUE,"US","USA","US-MS"
84028035,"US","USA",840,28035,"Forrest","Mississippi","US",31.1896,-89.2583,"Forrest, Mississippi, US",198,10,2020-04-29,2,2,FALSE,TRUE,"US","USA","US-MS"
84028035,"US","USA",840,28035,"Forrest","Mississippi","US",31.1896,-89.2583,"Forrest, Mississippi, US",207,12,2020-04-30,9,2,FALSE,TRUE,"US","USA","US-MS"
84028035,"US","USA",840,28035,"Forrest","Mississippi","US",31.1896,-89.2583,"Forrest, Mississippi, US",219,12,2020-05-01,12,0,FALSE,TRUE,"US","USA","US-MS"
84028035,"US","USA",840,28035,"Forrest","Mississippi","US",31.1896,-89.2583,"Forrest, Mississippi, US",226,13,2020-05-02,7,1,FALSE,TRUE,"US","USA","US-MS"
84028035,"US","USA",840,28035,"Forrest","Mississippi","US",31.1896,-89.2583,"Forrest, Mississippi, US",232,14,2020-05-03,6,1,FALSE,TRUE,"US","USA","US-MS"
84028035,"US","USA",840,28035,"Forrest","Mississippi","US",31.1896,-89.2583,"Forrest, Mississippi, US",248,14,2020-05-04,16,0,FALSE,TRUE,"US","USA","US-MS"
84028035,"US","USA",840,28035,"Forrest","Mississippi","US",31.1896,-89.2583,"Forrest, Mississippi, US",259,14,2020-05-05,11,0,FALSE,TRUE,"US","USA","US-MS"
84028035,"US","USA",840,28035,"Forrest","Mississippi","US",31.1896,-89.2583,"Forrest, Mississippi, US",273,17,2020-05-06,14,3,FALSE,TRUE,"US","USA","US-MS"
84028035,"US","USA",840,28035,"Forrest","Mississippi","US",31.1896,-89.2583,"Forrest, Mississippi, US",283,18,2020-05-07,10,1,FALSE,TRUE,"US","USA","US-MS"
84028035,"US","USA",840,28035,"Forrest","Mississippi","US",31.1896,-89.2583,"Forrest, Mississippi, US",294,20,2020-05-08,11,2,FALSE,TRUE,"US","USA","US-MS"
84028035,"US","USA",840,28035,"Forrest","Mississippi","US",31.1896,-89.2583,"Forrest, Mississippi, US",309,21,2020-05-09,15,1,FALSE,TRUE,"US","USA","US-MS"
84028035,"US","USA",840,28035,"Forrest","Mississippi","US",31.1896,-89.2583,"Forrest, Mississippi, US",314,21,2020-05-10,5,0,FALSE,TRUE,"US","USA","US-MS"
84028035,"US","USA",840,28035,"Forrest","Mississippi","US",31.1896,-89.2583,"Forrest, Mississippi, US",315,21,2020-05-11,1,0,FALSE,TRUE,"US","USA","US-MS"
84028035,"US","USA",840,28035,"Forrest","Mississippi","US",31.1896,-89.2583,"Forrest, Mississippi, US",331,23,2020-05-12,16,2,FALSE,TRUE,"US","USA","US-MS"
84028035,"US","USA",840,28035,"Forrest","Mississippi","US",31.1896,-89.2583,"Forrest, Mississippi, US",336,23,2020-05-13,5,0,FALSE,TRUE,"US","USA","US-MS"
84028035,"US","USA",840,28035,"Forrest","Mississippi","US",31.1896,-89.2583,"Forrest, Mississippi, US",357,24,2020-05-14,21,1,FALSE,TRUE,"US","USA","US-MS"
84028035,"US","USA",840,28035,"Forrest","Mississippi","US",31.1896,-89.2583,"Forrest, Mississippi, US",380,26,2020-05-15,23,2,FALSE,TRUE,"US","USA","US-MS"
84028035,"US","USA",840,28035,"Forrest","Mississippi","US",31.1896,-89.2583,"Forrest, Mississippi, US",416,26,2020-05-16,36,0,FALSE,TRUE,"US","USA","US-MS"
84028035,"US","USA",840,28035,"Forrest","Mississippi","US",31.1896,-89.2583,"Forrest, Mississippi, US",431,27,2020-05-17,15,1,FALSE,TRUE,"US","USA","US-MS"
84028035,"US","USA",840,28035,"Forrest","Mississippi","US",31.1896,-89.2583,"Forrest, Mississippi, US",442,27,2020-05-18,11,0,FALSE,TRUE,"US","USA","US-MS"
84028035,"US","USA",840,28035,"Forrest","Mississippi","US",31.1896,-89.2583,"Forrest, Mississippi, US",435,29,2020-05-19,-7,2,FALSE,TRUE,"US","USA","US-MS"
84028035,"US","USA",840,28035,"Forrest","Mississippi","US",31.1896,-89.2583,"Forrest, Mississippi, US",438,32,2020-05-20,3,3,FALSE,TRUE,"US","USA","US-MS"
84028035,"US","USA",840,28035,"Forrest","Mississippi","US",31.1896,-89.2583,"Forrest, Mississippi, US",453,32,2020-05-21,15,0,FALSE,TRUE,"US","USA","US-MS"
84028035,"US","USA",840,28035,"Forrest","Mississippi","US",31.1896,-89.2583,"Forrest, Mississippi, US",462,32,2020-05-22,9,0,FALSE,TRUE,"US","USA","US-MS"
84028035,"US","USA",840,28035,"Forrest","Mississippi","US",31.1896,-89.2583,"Forrest, Mississippi, US",478,33,2020-05-23,16,1,FALSE,TRUE,"US","USA","US-MS"
84028035,"US","USA",840,28035,"Forrest","Mississippi","US",31.1896,-89.2583,"Forrest, Mississippi, US",480,34,2020-05-24,2,1,FALSE,TRUE,"US","USA","US-MS"
84028035,"US","USA",840,28035,"Forrest","Mississippi","US",31.1896,-89.2583,"Forrest, Mississippi, US",486,35,2020-05-25,6,1,FALSE,TRUE,"US","USA","US-MS"
84028035,"US","USA",840,28035,"Forrest","Mississippi","US",31.1896,-89.2583,"Forrest, Mississippi, US",503,37,2020-05-26,17,2,FALSE,TRUE,"US","USA","US-MS"
84028035,"US","USA",840,28035,"Forrest","Mississippi","US",31.1896,-89.2583,"Forrest, Mississippi, US",511,37,2020-05-27,8,0,FALSE,TRUE,"US","USA","US-MS"
84028035,"US","USA",840,28035,"Forrest","Mississippi","US",31.1896,-89.2583,"Forrest, Mississippi, US",523,38,2020-05-28,12,1,FALSE,TRUE,"US","USA","US-MS"
84028035,"US","USA",840,28035,"Forrest","Mississippi","US",31.1896,-89.2583,"Forrest, Mississippi, US",534,38,2020-05-29,11,0,FALSE,TRUE,"US","USA","US-MS"
84028035,"US","USA",840,28035,"Forrest","Mississippi","US",31.1896,-89.2583,"Forrest, Mississippi, US",553,38,2020-05-30,19,0,FALSE,TRUE,"US","USA","US-MS"
84028035,"US","USA",840,28035,"Forrest","Mississippi","US",31.1896,-89.2583,"Forrest, Mississippi, US",564,38,2020-05-31,11,0,FALSE,TRUE,"US","USA","US-MS"
84028035,"US","USA",840,28035,"Forrest","Mississippi","US",31.1896,-89.2583,"Forrest, Mississippi, US",583,38,2020-06-01,19,0,FALSE,TRUE,"US","USA","US-MS"
84028035,"US","USA",840,28035,"Forrest","Mississippi","US",31.1896,-89.2583,"Forrest, Mississippi, US",594,39,2020-06-02,11,1,FALSE,TRUE,"US","USA","US-MS"
84028035,"US","USA",840,28035,"Forrest","Mississippi","US",31.1896,-89.2583,"Forrest, Mississippi, US",592,39,2020-06-03,-2,0,FALSE,TRUE,"US","USA","US-MS"
