"UID","iso2","iso3","code3","FIPS","Admin2","Province.State","Country.Region","Lat","Long","Combined_Key","confirmed","deaths","date","confirmed_new","deaths_new","hasErrors","hasParent","country_code","country_code3","territory_code"
84036117,"US","USA",840,36117,"Wayne","New York","US",43.1549,-77.0298,"Wayne, New York, US",0,0,2020-01-22,0,0,FALSE,TRUE,"US","USA","US-NY"
84036117,"US","USA",840,36117,"Wayne","New York","US",43.1549,-77.0298,"Wayne, New York, US",0,0,2020-01-23,0,0,FALSE,TRUE,"US","USA","US-NY"
84036117,"US","USA",840,36117,"Wayne","New York","US",43.1549,-77.0298,"Wayne, New York, US",0,0,2020-01-24,0,0,FALSE,TRUE,"US","USA","US-NY"
84036117,"US","USA",840,36117,"Wayne","New York","US",43.1549,-77.0298,"Wayne, New York, US",0,0,2020-01-25,0,0,FALSE,TRUE,"US","USA","US-NY"
84036117,"US","USA",840,36117,"Wayne","New York","US",43.1549,-77.0298,"Wayne, New York, US",0,0,2020-01-26,0,0,FALSE,TRUE,"US","USA","US-NY"
84036117,"US","USA",840,36117,"Wayne","New York","US",43.1549,-77.0298,"Wayne, New York, US",0,0,2020-01-27,0,0,FALSE,TRUE,"US","USA","US-NY"
84036117,"US","USA",840,36117,"Wayne","New York","US",43.1549,-77.0298,"Wayne, New York, US",0,0,2020-01-28,0,0,FALSE,TRUE,"US","USA","US-NY"
84036117,"US","USA",840,36117,"Wayne","New York","US",43.1549,-77.0298,"Wayne, New York, US",0,0,2020-01-29,0,0,FALSE,TRUE,"US","USA","US-NY"
84036117,"US","USA",840,36117,"Wayne","New York","US",43.1549,-77.0298,"Wayne, New York, US",0,0,2020-01-30,0,0,FALSE,TRUE,"US","USA","US-NY"
84036117,"US","USA",840,36117,"Wayne","New York","US",43.1549,-77.0298,"Wayne, New York, US",0,0,2020-01-31,0,0,FALSE,TRUE,"US","USA","US-NY"
84036117,"US","USA",840,36117,"Wayne","New York","US",43.1549,-77.0298,"Wayne, New York, US",0,0,2020-02-01,0,0,FALSE,TRUE,"US","USA","US-NY"
84036117,"US","USA",840,36117,"Wayne","New York","US",43.1549,-77.0298,"Wayne, New York, US",0,0,2020-02-02,0,0,FALSE,TRUE,"US","USA","US-NY"
84036117,"US","USA",840,36117,"Wayne","New York","US",43.1549,-77.0298,"Wayne, New York, US",0,0,2020-02-03,0,0,FALSE,TRUE,"US","USA","US-NY"
84036117,"US","USA",840,36117,"Wayne","New York","US",43.1549,-77.0298,"Wayne, New York, US",0,0,2020-02-04,0,0,FALSE,TRUE,"US","USA","US-NY"
84036117,"US","USA",840,36117,"Wayne","New York","US",43.1549,-77.0298,"Wayne, New York, US",0,0,2020-02-05,0,0,FALSE,TRUE,"US","USA","US-NY"
84036117,"US","USA",840,36117,"Wayne","New York","US",43.1549,-77.0298,"Wayne, New York, US",0,0,2020-02-06,0,0,FALSE,TRUE,"US","USA","US-NY"
84036117,"US","USA",840,36117,"Wayne","New York","US",43.1549,-77.0298,"Wayne, New York, US",0,0,2020-02-07,0,0,FALSE,TRUE,"US","USA","US-NY"
84036117,"US","USA",840,36117,"Wayne","New York","US",43.1549,-77.0298,"Wayne, New York, US",0,0,2020-02-08,0,0,FALSE,TRUE,"US","USA","US-NY"
84036117,"US","USA",840,36117,"Wayne","New York","US",43.1549,-77.0298,"Wayne, New York, US",0,0,2020-02-09,0,0,FALSE,TRUE,"US","USA","US-NY"
84036117,"US","USA",840,36117,"Wayne","New York","US",43.1549,-77.0298,"Wayne, New York, US",0,0,2020-02-10,0,0,FALSE,TRUE,"US","USA","US-NY"
84036117,"US","USA",840,36117,"Wayne","New York","US",43.1549,-77.0298,"Wayne, New York, US",0,0,2020-02-11,0,0,FALSE,TRUE,"US","USA","US-NY"
84036117,"US","USA",840,36117,"Wayne","New York","US",43.1549,-77.0298,"Wayne, New York, US",0,0,2020-02-12,0,0,FALSE,TRUE,"US","USA","US-NY"
84036117,"US","USA",840,36117,"Wayne","New York","US",43.1549,-77.0298,"Wayne, New York, US",0,0,2020-02-13,0,0,FALSE,TRUE,"US","USA","US-NY"
84036117,"US","USA",840,36117,"Wayne","New York","US",43.1549,-77.0298,"Wayne, New York, US",0,0,2020-02-14,0,0,FALSE,TRUE,"US","USA","US-NY"
84036117,"US","USA",840,36117,"Wayne","New York","US",43.1549,-77.0298,"Wayne, New York, US",0,0,2020-02-15,0,0,FALSE,TRUE,"US","USA","US-NY"
84036117,"US","USA",840,36117,"Wayne","New York","US",43.1549,-77.0298,"Wayne, New York, US",0,0,2020-02-16,0,0,FALSE,TRUE,"US","USA","US-NY"
84036117,"US","USA",840,36117,"Wayne","New York","US",43.1549,-77.0298,"Wayne, New York, US",0,0,2020-02-17,0,0,FALSE,TRUE,"US","USA","US-NY"
84036117,"US","USA",840,36117,"Wayne","New York","US",43.1549,-77.0298,"Wayne, New York, US",0,0,2020-02-18,0,0,FALSE,TRUE,"US","USA","US-NY"
84036117,"US","USA",840,36117,"Wayne","New York","US",43.1549,-77.0298,"Wayne, New York, US",0,0,2020-02-19,0,0,FALSE,TRUE,"US","USA","US-NY"
84036117,"US","USA",840,36117,"Wayne","New York","US",43.1549,-77.0298,"Wayne, New York, US",0,0,2020-02-20,0,0,FALSE,TRUE,"US","USA","US-NY"
84036117,"US","USA",840,36117,"Wayne","New York","US",43.1549,-77.0298,"Wayne, New York, US",0,0,2020-02-21,0,0,FALSE,TRUE,"US","USA","US-NY"
84036117,"US","USA",840,36117,"Wayne","New York","US",43.1549,-77.0298,"Wayne, New York, US",0,0,2020-02-22,0,0,FALSE,TRUE,"US","USA","US-NY"
84036117,"US","USA",840,36117,"Wayne","New York","US",43.1549,-77.0298,"Wayne, New York, US",0,0,2020-02-23,0,0,FALSE,TRUE,"US","USA","US-NY"
84036117,"US","USA",840,36117,"Wayne","New York","US",43.1549,-77.0298,"Wayne, New York, US",0,0,2020-02-24,0,0,FALSE,TRUE,"US","USA","US-NY"
84036117,"US","USA",840,36117,"Wayne","New York","US",43.1549,-77.0298,"Wayne, New York, US",0,0,2020-02-25,0,0,FALSE,TRUE,"US","USA","US-NY"
84036117,"US","USA",840,36117,"Wayne","New York","US",43.1549,-77.0298,"Wayne, New York, US",0,0,2020-02-26,0,0,FALSE,TRUE,"US","USA","US-NY"
84036117,"US","USA",840,36117,"Wayne","New York","US",43.1549,-77.0298,"Wayne, New York, US",0,0,2020-02-27,0,0,FALSE,TRUE,"US","USA","US-NY"
84036117,"US","USA",840,36117,"Wayne","New York","US",43.1549,-77.0298,"Wayne, New York, US",0,0,2020-02-28,0,0,FALSE,TRUE,"US","USA","US-NY"
84036117,"US","USA",840,36117,"Wayne","New York","US",43.1549,-77.0298,"Wayne, New York, US",0,0,2020-02-29,0,0,FALSE,TRUE,"US","USA","US-NY"
84036117,"US","USA",840,36117,"Wayne","New York","US",43.1549,-77.0298,"Wayne, New York, US",0,0,2020-03-01,0,0,FALSE,TRUE,"US","USA","US-NY"
84036117,"US","USA",840,36117,"Wayne","New York","US",43.1549,-77.0298,"Wayne, New York, US",0,0,2020-03-02,0,0,FALSE,TRUE,"US","USA","US-NY"
84036117,"US","USA",840,36117,"Wayne","New York","US",43.1549,-77.0298,"Wayne, New York, US",0,0,2020-03-03,0,0,FALSE,TRUE,"US","USA","US-NY"
84036117,"US","USA",840,36117,"Wayne","New York","US",43.1549,-77.0298,"Wayne, New York, US",0,0,2020-03-04,0,0,FALSE,TRUE,"US","USA","US-NY"
84036117,"US","USA",840,36117,"Wayne","New York","US",43.1549,-77.0298,"Wayne, New York, US",0,0,2020-03-05,0,0,FALSE,TRUE,"US","USA","US-NY"
84036117,"US","USA",840,36117,"Wayne","New York","US",43.1549,-77.0298,"Wayne, New York, US",0,0,2020-03-06,0,0,FALSE,TRUE,"US","USA","US-NY"
84036117,"US","USA",840,36117,"Wayne","New York","US",43.1549,-77.0298,"Wayne, New York, US",0,0,2020-03-07,0,0,FALSE,TRUE,"US","USA","US-NY"
84036117,"US","USA",840,36117,"Wayne","New York","US",43.1549,-77.0298,"Wayne, New York, US",0,0,2020-03-08,0,0,FALSE,TRUE,"US","USA","US-NY"
84036117,"US","USA",840,36117,"Wayne","New York","US",43.1549,-77.0298,"Wayne, New York, US",0,0,2020-03-09,0,0,FALSE,TRUE,"US","USA","US-NY"
84036117,"US","USA",840,36117,"Wayne","New York","US",43.1549,-77.0298,"Wayne, New York, US",0,0,2020-03-10,0,0,FALSE,TRUE,"US","USA","US-NY"
84036117,"US","USA",840,36117,"Wayne","New York","US",43.1549,-77.0298,"Wayne, New York, US",0,0,2020-03-11,0,0,FALSE,TRUE,"US","USA","US-NY"
84036117,"US","USA",840,36117,"Wayne","New York","US",43.1549,-77.0298,"Wayne, New York, US",0,0,2020-03-12,0,0,FALSE,TRUE,"US","USA","US-NY"
84036117,"US","USA",840,36117,"Wayne","New York","US",43.1549,-77.0298,"Wayne, New York, US",0,0,2020-03-13,0,0,FALSE,TRUE,"US","USA","US-NY"
84036117,"US","USA",840,36117,"Wayne","New York","US",43.1549,-77.0298,"Wayne, New York, US",0,0,2020-03-14,0,0,FALSE,TRUE,"US","USA","US-NY"
84036117,"US","USA",840,36117,"Wayne","New York","US",43.1549,-77.0298,"Wayne, New York, US",0,0,2020-03-15,0,0,FALSE,TRUE,"US","USA","US-NY"
84036117,"US","USA",840,36117,"Wayne","New York","US",43.1549,-77.0298,"Wayne, New York, US",0,0,2020-03-16,0,0,FALSE,TRUE,"US","USA","US-NY"
84036117,"US","USA",840,36117,"Wayne","New York","US",43.1549,-77.0298,"Wayne, New York, US",0,0,2020-03-17,0,0,FALSE,TRUE,"US","USA","US-NY"
84036117,"US","USA",840,36117,"Wayne","New York","US",43.1549,-77.0298,"Wayne, New York, US",0,0,2020-03-18,0,0,FALSE,TRUE,"US","USA","US-NY"
84036117,"US","USA",840,36117,"Wayne","New York","US",43.1549,-77.0298,"Wayne, New York, US",0,0,2020-03-19,0,0,FALSE,TRUE,"US","USA","US-NY"
84036117,"US","USA",840,36117,"Wayne","New York","US",43.1549,-77.0298,"Wayne, New York, US",1,0,2020-03-20,1,0,FALSE,TRUE,"US","USA","US-NY"
84036117,"US","USA",840,36117,"Wayne","New York","US",43.1549,-77.0298,"Wayne, New York, US",3,0,2020-03-21,2,0,FALSE,TRUE,"US","USA","US-NY"
84036117,"US","USA",840,36117,"Wayne","New York","US",43.1549,-77.0298,"Wayne, New York, US",3,0,2020-03-22,0,0,FALSE,TRUE,"US","USA","US-NY"
84036117,"US","USA",840,36117,"Wayne","New York","US",43.1549,-77.0298,"Wayne, New York, US",3,0,2020-03-23,0,0,FALSE,TRUE,"US","USA","US-NY"
84036117,"US","USA",840,36117,"Wayne","New York","US",43.1549,-77.0298,"Wayne, New York, US",6,0,2020-03-24,3,0,FALSE,TRUE,"US","USA","US-NY"
84036117,"US","USA",840,36117,"Wayne","New York","US",43.1549,-77.0298,"Wayne, New York, US",7,0,2020-03-25,1,0,FALSE,TRUE,"US","USA","US-NY"
84036117,"US","USA",840,36117,"Wayne","New York","US",43.1549,-77.0298,"Wayne, New York, US",8,0,2020-03-26,1,0,FALSE,TRUE,"US","USA","US-NY"
84036117,"US","USA",840,36117,"Wayne","New York","US",43.1549,-77.0298,"Wayne, New York, US",11,0,2020-03-27,3,0,FALSE,TRUE,"US","USA","US-NY"
84036117,"US","USA",840,36117,"Wayne","New York","US",43.1549,-77.0298,"Wayne, New York, US",12,0,2020-03-28,1,0,FALSE,TRUE,"US","USA","US-NY"
84036117,"US","USA",840,36117,"Wayne","New York","US",43.1549,-77.0298,"Wayne, New York, US",12,0,2020-03-29,0,0,FALSE,TRUE,"US","USA","US-NY"
84036117,"US","USA",840,36117,"Wayne","New York","US",43.1549,-77.0298,"Wayne, New York, US",15,0,2020-03-30,3,0,FALSE,TRUE,"US","USA","US-NY"
84036117,"US","USA",840,36117,"Wayne","New York","US",43.1549,-77.0298,"Wayne, New York, US",15,0,2020-03-31,0,0,FALSE,TRUE,"US","USA","US-NY"
84036117,"US","USA",840,36117,"Wayne","New York","US",43.1549,-77.0298,"Wayne, New York, US",24,0,2020-04-01,9,0,FALSE,TRUE,"US","USA","US-NY"
84036117,"US","USA",840,36117,"Wayne","New York","US",43.1549,-77.0298,"Wayne, New York, US",27,0,2020-04-02,3,0,FALSE,TRUE,"US","USA","US-NY"
84036117,"US","USA",840,36117,"Wayne","New York","US",43.1549,-77.0298,"Wayne, New York, US",30,0,2020-04-03,3,0,FALSE,TRUE,"US","USA","US-NY"
84036117,"US","USA",840,36117,"Wayne","New York","US",43.1549,-77.0298,"Wayne, New York, US",30,0,2020-04-04,0,0,FALSE,TRUE,"US","USA","US-NY"
84036117,"US","USA",840,36117,"Wayne","New York","US",43.1549,-77.0298,"Wayne, New York, US",32,0,2020-04-05,2,0,FALSE,TRUE,"US","USA","US-NY"
84036117,"US","USA",840,36117,"Wayne","New York","US",43.1549,-77.0298,"Wayne, New York, US",34,0,2020-04-06,2,0,FALSE,TRUE,"US","USA","US-NY"
84036117,"US","USA",840,36117,"Wayne","New York","US",43.1549,-77.0298,"Wayne, New York, US",35,0,2020-04-07,1,0,FALSE,TRUE,"US","USA","US-NY"
84036117,"US","USA",840,36117,"Wayne","New York","US",43.1549,-77.0298,"Wayne, New York, US",39,0,2020-04-08,4,0,FALSE,TRUE,"US","USA","US-NY"
84036117,"US","USA",840,36117,"Wayne","New York","US",43.1549,-77.0298,"Wayne, New York, US",39,0,2020-04-09,0,0,FALSE,TRUE,"US","USA","US-NY"
84036117,"US","USA",840,36117,"Wayne","New York","US",43.1549,-77.0298,"Wayne, New York, US",41,0,2020-04-10,2,0,FALSE,TRUE,"US","USA","US-NY"
84036117,"US","USA",840,36117,"Wayne","New York","US",43.1549,-77.0298,"Wayne, New York, US",42,0,2020-04-11,1,0,FALSE,TRUE,"US","USA","US-NY"
84036117,"US","USA",840,36117,"Wayne","New York","US",43.1549,-77.0298,"Wayne, New York, US",42,0,2020-04-12,0,0,FALSE,TRUE,"US","USA","US-NY"
84036117,"US","USA",840,36117,"Wayne","New York","US",43.1549,-77.0298,"Wayne, New York, US",42,0,2020-04-13,0,0,FALSE,TRUE,"US","USA","US-NY"
84036117,"US","USA",840,36117,"Wayne","New York","US",43.1549,-77.0298,"Wayne, New York, US",48,0,2020-04-14,6,0,FALSE,TRUE,"US","USA","US-NY"
84036117,"US","USA",840,36117,"Wayne","New York","US",43.1549,-77.0298,"Wayne, New York, US",48,0,2020-04-15,0,0,FALSE,TRUE,"US","USA","US-NY"
84036117,"US","USA",840,36117,"Wayne","New York","US",43.1549,-77.0298,"Wayne, New York, US",49,0,2020-04-16,1,0,FALSE,TRUE,"US","USA","US-NY"
84036117,"US","USA",840,36117,"Wayne","New York","US",43.1549,-77.0298,"Wayne, New York, US",49,0,2020-04-17,0,0,FALSE,TRUE,"US","USA","US-NY"
84036117,"US","USA",840,36117,"Wayne","New York","US",43.1549,-77.0298,"Wayne, New York, US",49,0,2020-04-18,0,0,FALSE,TRUE,"US","USA","US-NY"
84036117,"US","USA",840,36117,"Wayne","New York","US",43.1549,-77.0298,"Wayne, New York, US",50,0,2020-04-19,1,0,FALSE,TRUE,"US","USA","US-NY"
84036117,"US","USA",840,36117,"Wayne","New York","US",43.1549,-77.0298,"Wayne, New York, US",50,0,2020-04-20,0,0,FALSE,TRUE,"US","USA","US-NY"
84036117,"US","USA",840,36117,"Wayne","New York","US",43.1549,-77.0298,"Wayne, New York, US",51,0,2020-04-21,1,0,FALSE,TRUE,"US","USA","US-NY"
84036117,"US","USA",840,36117,"Wayne","New York","US",43.1549,-77.0298,"Wayne, New York, US",52,0,2020-04-22,1,0,FALSE,TRUE,"US","USA","US-NY"
84036117,"US","USA",840,36117,"Wayne","New York","US",43.1549,-77.0298,"Wayne, New York, US",53,0,2020-04-23,1,0,FALSE,TRUE,"US","USA","US-NY"
84036117,"US","USA",840,36117,"Wayne","New York","US",43.1549,-77.0298,"Wayne, New York, US",53,0,2020-04-24,0,0,FALSE,TRUE,"US","USA","US-NY"
84036117,"US","USA",840,36117,"Wayne","New York","US",43.1549,-77.0298,"Wayne, New York, US",65,0,2020-04-25,12,0,FALSE,TRUE,"US","USA","US-NY"
84036117,"US","USA",840,36117,"Wayne","New York","US",43.1549,-77.0298,"Wayne, New York, US",65,0,2020-04-26,0,0,FALSE,TRUE,"US","USA","US-NY"
84036117,"US","USA",840,36117,"Wayne","New York","US",43.1549,-77.0298,"Wayne, New York, US",69,1,2020-04-27,4,1,FALSE,TRUE,"US","USA","US-NY"
84036117,"US","USA",840,36117,"Wayne","New York","US",43.1549,-77.0298,"Wayne, New York, US",70,1,2020-04-28,1,0,FALSE,TRUE,"US","USA","US-NY"
84036117,"US","USA",840,36117,"Wayne","New York","US",43.1549,-77.0298,"Wayne, New York, US",70,1,2020-04-29,0,0,FALSE,TRUE,"US","USA","US-NY"
84036117,"US","USA",840,36117,"Wayne","New York","US",43.1549,-77.0298,"Wayne, New York, US",71,1,2020-04-30,1,0,FALSE,TRUE,"US","USA","US-NY"
84036117,"US","USA",840,36117,"Wayne","New York","US",43.1549,-77.0298,"Wayne, New York, US",71,1,2020-05-01,0,0,FALSE,TRUE,"US","USA","US-NY"
84036117,"US","USA",840,36117,"Wayne","New York","US",43.1549,-77.0298,"Wayne, New York, US",73,1,2020-05-02,2,0,FALSE,TRUE,"US","USA","US-NY"
84036117,"US","USA",840,36117,"Wayne","New York","US",43.1549,-77.0298,"Wayne, New York, US",75,1,2020-05-03,2,0,FALSE,TRUE,"US","USA","US-NY"
84036117,"US","USA",840,36117,"Wayne","New York","US",43.1549,-77.0298,"Wayne, New York, US",76,2,2020-05-04,1,1,FALSE,TRUE,"US","USA","US-NY"
84036117,"US","USA",840,36117,"Wayne","New York","US",43.1549,-77.0298,"Wayne, New York, US",78,2,2020-05-05,2,0,FALSE,TRUE,"US","USA","US-NY"
84036117,"US","USA",840,36117,"Wayne","New York","US",43.1549,-77.0298,"Wayne, New York, US",78,2,2020-05-06,0,0,FALSE,TRUE,"US","USA","US-NY"
84036117,"US","USA",840,36117,"Wayne","New York","US",43.1549,-77.0298,"Wayne, New York, US",78,2,2020-05-07,0,0,FALSE,TRUE,"US","USA","US-NY"
84036117,"US","USA",840,36117,"Wayne","New York","US",43.1549,-77.0298,"Wayne, New York, US",79,2,2020-05-08,1,0,FALSE,TRUE,"US","USA","US-NY"
84036117,"US","USA",840,36117,"Wayne","New York","US",43.1549,-77.0298,"Wayne, New York, US",79,2,2020-05-09,0,0,FALSE,TRUE,"US","USA","US-NY"
84036117,"US","USA",840,36117,"Wayne","New York","US",43.1549,-77.0298,"Wayne, New York, US",80,2,2020-05-10,1,0,FALSE,TRUE,"US","USA","US-NY"
84036117,"US","USA",840,36117,"Wayne","New York","US",43.1549,-77.0298,"Wayne, New York, US",81,2,2020-05-11,1,0,FALSE,TRUE,"US","USA","US-NY"
84036117,"US","USA",840,36117,"Wayne","New York","US",43.1549,-77.0298,"Wayne, New York, US",83,2,2020-05-12,2,0,FALSE,TRUE,"US","USA","US-NY"
84036117,"US","USA",840,36117,"Wayne","New York","US",43.1549,-77.0298,"Wayne, New York, US",84,2,2020-05-13,1,0,FALSE,TRUE,"US","USA","US-NY"
84036117,"US","USA",840,36117,"Wayne","New York","US",43.1549,-77.0298,"Wayne, New York, US",89,2,2020-05-14,5,0,FALSE,TRUE,"US","USA","US-NY"
84036117,"US","USA",840,36117,"Wayne","New York","US",43.1549,-77.0298,"Wayne, New York, US",91,2,2020-05-15,2,0,FALSE,TRUE,"US","USA","US-NY"
84036117,"US","USA",840,36117,"Wayne","New York","US",43.1549,-77.0298,"Wayne, New York, US",92,2,2020-05-16,1,0,FALSE,TRUE,"US","USA","US-NY"
84036117,"US","USA",840,36117,"Wayne","New York","US",43.1549,-77.0298,"Wayne, New York, US",96,2,2020-05-17,4,0,FALSE,TRUE,"US","USA","US-NY"
84036117,"US","USA",840,36117,"Wayne","New York","US",43.1549,-77.0298,"Wayne, New York, US",97,2,2020-05-18,1,0,FALSE,TRUE,"US","USA","US-NY"
84036117,"US","USA",840,36117,"Wayne","New York","US",43.1549,-77.0298,"Wayne, New York, US",98,3,2020-05-19,1,1,FALSE,TRUE,"US","USA","US-NY"
84036117,"US","USA",840,36117,"Wayne","New York","US",43.1549,-77.0298,"Wayne, New York, US",103,3,2020-05-20,5,0,FALSE,TRUE,"US","USA","US-NY"
84036117,"US","USA",840,36117,"Wayne","New York","US",43.1549,-77.0298,"Wayne, New York, US",103,3,2020-05-21,0,0,FALSE,TRUE,"US","USA","US-NY"
84036117,"US","USA",840,36117,"Wayne","New York","US",43.1549,-77.0298,"Wayne, New York, US",104,3,2020-05-22,1,0,FALSE,TRUE,"US","USA","US-NY"
84036117,"US","USA",840,36117,"Wayne","New York","US",43.1549,-77.0298,"Wayne, New York, US",107,3,2020-05-23,3,0,FALSE,TRUE,"US","USA","US-NY"
84036117,"US","USA",840,36117,"Wayne","New York","US",43.1549,-77.0298,"Wayne, New York, US",108,3,2020-05-24,1,0,FALSE,TRUE,"US","USA","US-NY"
84036117,"US","USA",840,36117,"Wayne","New York","US",43.1549,-77.0298,"Wayne, New York, US",109,3,2020-05-25,1,0,FALSE,TRUE,"US","USA","US-NY"
84036117,"US","USA",840,36117,"Wayne","New York","US",43.1549,-77.0298,"Wayne, New York, US",110,3,2020-05-26,1,0,FALSE,TRUE,"US","USA","US-NY"
84036117,"US","USA",840,36117,"Wayne","New York","US",43.1549,-77.0298,"Wayne, New York, US",110,3,2020-05-27,0,0,FALSE,TRUE,"US","USA","US-NY"
84036117,"US","USA",840,36117,"Wayne","New York","US",43.1549,-77.0298,"Wayne, New York, US",112,3,2020-05-28,2,0,FALSE,TRUE,"US","USA","US-NY"
84036117,"US","USA",840,36117,"Wayne","New York","US",43.1549,-77.0298,"Wayne, New York, US",113,3,2020-05-29,1,0,FALSE,TRUE,"US","USA","US-NY"
84036117,"US","USA",840,36117,"Wayne","New York","US",43.1549,-77.0298,"Wayne, New York, US",113,3,2020-05-30,0,0,FALSE,TRUE,"US","USA","US-NY"
84036117,"US","USA",840,36117,"Wayne","New York","US",43.1549,-77.0298,"Wayne, New York, US",115,3,2020-05-31,2,0,FALSE,TRUE,"US","USA","US-NY"
84036117,"US","USA",840,36117,"Wayne","New York","US",43.1549,-77.0298,"Wayne, New York, US",116,3,2020-06-01,1,0,FALSE,TRUE,"US","USA","US-NY"
84036117,"US","USA",840,36117,"Wayne","New York","US",43.1549,-77.0298,"Wayne, New York, US",116,3,2020-06-02,0,0,FALSE,TRUE,"US","USA","US-NY"
84036117,"US","USA",840,36117,"Wayne","New York","US",43.1549,-77.0298,"Wayne, New York, US",120,3,2020-06-03,4,0,FALSE,TRUE,"US","USA","US-NY"
84036117,"US","USA",840,36117,"Wayne","New York","US",43.1549,-77.0298,"Wayne, New York, US",121,3,2020-06-04,1,0,FALSE,TRUE,"US","USA","US-NY"
84036117,"US","USA",840,36117,"Wayne","New York","US",43.1549,-77.0298,"Wayne, New York, US",122,3,2020-06-05,1,0,FALSE,TRUE,"US","USA","US-NY"
84036117,"US","USA",840,36117,"Wayne","New York","US",43.1549,-77.0298,"Wayne, New York, US",123,3,2020-06-06,1,0,FALSE,TRUE,"US","USA","US-NY"
84036117,"US","USA",840,36117,"Wayne","New York","US",43.1549,-77.0298,"Wayne, New York, US",124,3,2020-06-07,1,0,FALSE,TRUE,"US","USA","US-NY"
84036117,"US","USA",840,36117,"Wayne","New York","US",43.1549,-77.0298,"Wayne, New York, US",125,3,2020-06-08,1,0,FALSE,TRUE,"US","USA","US-NY"
84036117,"US","USA",840,36117,"Wayne","New York","US",43.1549,-77.0298,"Wayne, New York, US",126,3,2020-06-09,1,0,FALSE,TRUE,"US","USA","US-NY"
84036117,"US","USA",840,36117,"Wayne","New York","US",43.1549,-77.0298,"Wayne, New York, US",126,3,2020-06-10,0,0,FALSE,TRUE,"US","USA","US-NY"
84036117,"US","USA",840,36117,"Wayne","New York","US",43.1549,-77.0298,"Wayne, New York, US",127,3,2020-06-11,1,0,FALSE,TRUE,"US","USA","US-NY"
84036117,"US","USA",840,36117,"Wayne","New York","US",43.1549,-77.0298,"Wayne, New York, US",129,3,2020-06-12,2,0,FALSE,TRUE,"US","USA","US-NY"
84036117,"US","USA",840,36117,"Wayne","New York","US",43.1549,-77.0298,"Wayne, New York, US",131,3,2020-06-13,2,0,FALSE,TRUE,"US","USA","US-NY"
84036117,"US","USA",840,36117,"Wayne","New York","US",43.1549,-77.0298,"Wayne, New York, US",133,3,2020-06-14,2,0,FALSE,TRUE,"US","USA","US-NY"
84036117,"US","USA",840,36117,"Wayne","New York","US",43.1549,-77.0298,"Wayne, New York, US",133,3,2020-06-15,0,0,FALSE,TRUE,"US","USA","US-NY"
84036117,"US","USA",840,36117,"Wayne","New York","US",43.1549,-77.0298,"Wayne, New York, US",134,3,2020-06-16,1,0,FALSE,TRUE,"US","USA","US-NY"
84036117,"US","USA",840,36117,"Wayne","New York","US",43.1549,-77.0298,"Wayne, New York, US",137,3,2020-06-17,3,0,FALSE,TRUE,"US","USA","US-NY"
84036117,"US","USA",840,36117,"Wayne","New York","US",43.1549,-77.0298,"Wayne, New York, US",139,3,2020-06-18,2,0,FALSE,TRUE,"US","USA","US-NY"
84036117,"US","USA",840,36117,"Wayne","New York","US",43.1549,-77.0298,"Wayne, New York, US",141,3,2020-06-19,2,0,FALSE,TRUE,"US","USA","US-NY"
