"UID","iso2","iso3","code3","FIPS","Admin2","Province.State","Country.Region","Lat","Long","Combined_Key","confirmed","deaths","date","confirmed_new","deaths_new","hasErrors","hasParent","country_code","country_code3","territory_code"
84041043,"US","USA",840,41043,"Linn","Oregon","US",44.489,-122.537,"Linn, Oregon, US",0,0,2020-01-22,0,0,FALSE,TRUE,"US","USA","US-OR"
84041043,"US","USA",840,41043,"Linn","Oregon","US",44.489,-122.537,"Linn, Oregon, US",0,0,2020-01-23,0,0,FALSE,TRUE,"US","USA","US-OR"
84041043,"US","USA",840,41043,"Linn","Oregon","US",44.489,-122.537,"Linn, Oregon, US",0,0,2020-01-24,0,0,FALSE,TRUE,"US","USA","US-OR"
84041043,"US","USA",840,41043,"Linn","Oregon","US",44.489,-122.537,"Linn, Oregon, US",0,0,2020-01-25,0,0,FALSE,TRUE,"US","USA","US-OR"
84041043,"US","USA",840,41043,"Linn","Oregon","US",44.489,-122.537,"Linn, Oregon, US",0,0,2020-01-26,0,0,FALSE,TRUE,"US","USA","US-OR"
84041043,"US","USA",840,41043,"Linn","Oregon","US",44.489,-122.537,"Linn, Oregon, US",0,0,2020-01-27,0,0,FALSE,TRUE,"US","USA","US-OR"
84041043,"US","USA",840,41043,"Linn","Oregon","US",44.489,-122.537,"Linn, Oregon, US",0,0,2020-01-28,0,0,FALSE,TRUE,"US","USA","US-OR"
84041043,"US","USA",840,41043,"Linn","Oregon","US",44.489,-122.537,"Linn, Oregon, US",0,0,2020-01-29,0,0,FALSE,TRUE,"US","USA","US-OR"
84041043,"US","USA",840,41043,"Linn","Oregon","US",44.489,-122.537,"Linn, Oregon, US",0,0,2020-01-30,0,0,FALSE,TRUE,"US","USA","US-OR"
84041043,"US","USA",840,41043,"Linn","Oregon","US",44.489,-122.537,"Linn, Oregon, US",0,0,2020-01-31,0,0,FALSE,TRUE,"US","USA","US-OR"
84041043,"US","USA",840,41043,"Linn","Oregon","US",44.489,-122.537,"Linn, Oregon, US",0,0,2020-02-01,0,0,FALSE,TRUE,"US","USA","US-OR"
84041043,"US","USA",840,41043,"Linn","Oregon","US",44.489,-122.537,"Linn, Oregon, US",0,0,2020-02-02,0,0,FALSE,TRUE,"US","USA","US-OR"
84041043,"US","USA",840,41043,"Linn","Oregon","US",44.489,-122.537,"Linn, Oregon, US",0,0,2020-02-03,0,0,FALSE,TRUE,"US","USA","US-OR"
84041043,"US","USA",840,41043,"Linn","Oregon","US",44.489,-122.537,"Linn, Oregon, US",0,0,2020-02-04,0,0,FALSE,TRUE,"US","USA","US-OR"
84041043,"US","USA",840,41043,"Linn","Oregon","US",44.489,-122.537,"Linn, Oregon, US",0,0,2020-02-05,0,0,FALSE,TRUE,"US","USA","US-OR"
84041043,"US","USA",840,41043,"Linn","Oregon","US",44.489,-122.537,"Linn, Oregon, US",0,0,2020-02-06,0,0,FALSE,TRUE,"US","USA","US-OR"
84041043,"US","USA",840,41043,"Linn","Oregon","US",44.489,-122.537,"Linn, Oregon, US",0,0,2020-02-07,0,0,FALSE,TRUE,"US","USA","US-OR"
84041043,"US","USA",840,41043,"Linn","Oregon","US",44.489,-122.537,"Linn, Oregon, US",0,0,2020-02-08,0,0,FALSE,TRUE,"US","USA","US-OR"
84041043,"US","USA",840,41043,"Linn","Oregon","US",44.489,-122.537,"Linn, Oregon, US",0,0,2020-02-09,0,0,FALSE,TRUE,"US","USA","US-OR"
84041043,"US","USA",840,41043,"Linn","Oregon","US",44.489,-122.537,"Linn, Oregon, US",0,0,2020-02-10,0,0,FALSE,TRUE,"US","USA","US-OR"
84041043,"US","USA",840,41043,"Linn","Oregon","US",44.489,-122.537,"Linn, Oregon, US",0,0,2020-02-11,0,0,FALSE,TRUE,"US","USA","US-OR"
84041043,"US","USA",840,41043,"Linn","Oregon","US",44.489,-122.537,"Linn, Oregon, US",0,0,2020-02-12,0,0,FALSE,TRUE,"US","USA","US-OR"
84041043,"US","USA",840,41043,"Linn","Oregon","US",44.489,-122.537,"Linn, Oregon, US",0,0,2020-02-13,0,0,FALSE,TRUE,"US","USA","US-OR"
84041043,"US","USA",840,41043,"Linn","Oregon","US",44.489,-122.537,"Linn, Oregon, US",0,0,2020-02-14,0,0,FALSE,TRUE,"US","USA","US-OR"
84041043,"US","USA",840,41043,"Linn","Oregon","US",44.489,-122.537,"Linn, Oregon, US",0,0,2020-02-15,0,0,FALSE,TRUE,"US","USA","US-OR"
84041043,"US","USA",840,41043,"Linn","Oregon","US",44.489,-122.537,"Linn, Oregon, US",0,0,2020-02-16,0,0,FALSE,TRUE,"US","USA","US-OR"
84041043,"US","USA",840,41043,"Linn","Oregon","US",44.489,-122.537,"Linn, Oregon, US",0,0,2020-02-17,0,0,FALSE,TRUE,"US","USA","US-OR"
84041043,"US","USA",840,41043,"Linn","Oregon","US",44.489,-122.537,"Linn, Oregon, US",0,0,2020-02-18,0,0,FALSE,TRUE,"US","USA","US-OR"
84041043,"US","USA",840,41043,"Linn","Oregon","US",44.489,-122.537,"Linn, Oregon, US",0,0,2020-02-19,0,0,FALSE,TRUE,"US","USA","US-OR"
84041043,"US","USA",840,41043,"Linn","Oregon","US",44.489,-122.537,"Linn, Oregon, US",0,0,2020-02-20,0,0,FALSE,TRUE,"US","USA","US-OR"
84041043,"US","USA",840,41043,"Linn","Oregon","US",44.489,-122.537,"Linn, Oregon, US",0,0,2020-02-21,0,0,FALSE,TRUE,"US","USA","US-OR"
84041043,"US","USA",840,41043,"Linn","Oregon","US",44.489,-122.537,"Linn, Oregon, US",0,0,2020-02-22,0,0,FALSE,TRUE,"US","USA","US-OR"
84041043,"US","USA",840,41043,"Linn","Oregon","US",44.489,-122.537,"Linn, Oregon, US",0,0,2020-02-23,0,0,FALSE,TRUE,"US","USA","US-OR"
84041043,"US","USA",840,41043,"Linn","Oregon","US",44.489,-122.537,"Linn, Oregon, US",0,0,2020-02-24,0,0,FALSE,TRUE,"US","USA","US-OR"
84041043,"US","USA",840,41043,"Linn","Oregon","US",44.489,-122.537,"Linn, Oregon, US",0,0,2020-02-25,0,0,FALSE,TRUE,"US","USA","US-OR"
84041043,"US","USA",840,41043,"Linn","Oregon","US",44.489,-122.537,"Linn, Oregon, US",0,0,2020-02-26,0,0,FALSE,TRUE,"US","USA","US-OR"
84041043,"US","USA",840,41043,"Linn","Oregon","US",44.489,-122.537,"Linn, Oregon, US",0,0,2020-02-27,0,0,FALSE,TRUE,"US","USA","US-OR"
84041043,"US","USA",840,41043,"Linn","Oregon","US",44.489,-122.537,"Linn, Oregon, US",0,0,2020-02-28,0,0,FALSE,TRUE,"US","USA","US-OR"
84041043,"US","USA",840,41043,"Linn","Oregon","US",44.489,-122.537,"Linn, Oregon, US",0,0,2020-02-29,0,0,FALSE,TRUE,"US","USA","US-OR"
84041043,"US","USA",840,41043,"Linn","Oregon","US",44.489,-122.537,"Linn, Oregon, US",0,0,2020-03-01,0,0,FALSE,TRUE,"US","USA","US-OR"
84041043,"US","USA",840,41043,"Linn","Oregon","US",44.489,-122.537,"Linn, Oregon, US",0,0,2020-03-02,0,0,FALSE,TRUE,"US","USA","US-OR"
84041043,"US","USA",840,41043,"Linn","Oregon","US",44.489,-122.537,"Linn, Oregon, US",0,0,2020-03-03,0,0,FALSE,TRUE,"US","USA","US-OR"
84041043,"US","USA",840,41043,"Linn","Oregon","US",44.489,-122.537,"Linn, Oregon, US",0,0,2020-03-04,0,0,FALSE,TRUE,"US","USA","US-OR"
84041043,"US","USA",840,41043,"Linn","Oregon","US",44.489,-122.537,"Linn, Oregon, US",0,0,2020-03-05,0,0,FALSE,TRUE,"US","USA","US-OR"
84041043,"US","USA",840,41043,"Linn","Oregon","US",44.489,-122.537,"Linn, Oregon, US",0,0,2020-03-06,0,0,FALSE,TRUE,"US","USA","US-OR"
84041043,"US","USA",840,41043,"Linn","Oregon","US",44.489,-122.537,"Linn, Oregon, US",0,0,2020-03-07,0,0,FALSE,TRUE,"US","USA","US-OR"
84041043,"US","USA",840,41043,"Linn","Oregon","US",44.489,-122.537,"Linn, Oregon, US",0,0,2020-03-08,0,0,FALSE,TRUE,"US","USA","US-OR"
84041043,"US","USA",840,41043,"Linn","Oregon","US",44.489,-122.537,"Linn, Oregon, US",0,0,2020-03-09,0,0,FALSE,TRUE,"US","USA","US-OR"
84041043,"US","USA",840,41043,"Linn","Oregon","US",44.489,-122.537,"Linn, Oregon, US",0,0,2020-03-10,0,0,FALSE,TRUE,"US","USA","US-OR"
84041043,"US","USA",840,41043,"Linn","Oregon","US",44.489,-122.537,"Linn, Oregon, US",0,0,2020-03-11,0,0,FALSE,TRUE,"US","USA","US-OR"
84041043,"US","USA",840,41043,"Linn","Oregon","US",44.489,-122.537,"Linn, Oregon, US",2,0,2020-03-12,2,0,FALSE,TRUE,"US","USA","US-OR"
84041043,"US","USA",840,41043,"Linn","Oregon","US",44.489,-122.537,"Linn, Oregon, US",8,0,2020-03-13,6,0,FALSE,TRUE,"US","USA","US-OR"
84041043,"US","USA",840,41043,"Linn","Oregon","US",44.489,-122.537,"Linn, Oregon, US",9,0,2020-03-14,1,0,FALSE,TRUE,"US","USA","US-OR"
84041043,"US","USA",840,41043,"Linn","Oregon","US",44.489,-122.537,"Linn, Oregon, US",9,0,2020-03-15,0,0,FALSE,TRUE,"US","USA","US-OR"
84041043,"US","USA",840,41043,"Linn","Oregon","US",44.489,-122.537,"Linn, Oregon, US",10,0,2020-03-16,1,0,FALSE,TRUE,"US","USA","US-OR"
84041043,"US","USA",840,41043,"Linn","Oregon","US",44.489,-122.537,"Linn, Oregon, US",15,0,2020-03-17,5,0,FALSE,TRUE,"US","USA","US-OR"
84041043,"US","USA",840,41043,"Linn","Oregon","US",44.489,-122.537,"Linn, Oregon, US",15,0,2020-03-18,0,0,FALSE,TRUE,"US","USA","US-OR"
84041043,"US","USA",840,41043,"Linn","Oregon","US",44.489,-122.537,"Linn, Oregon, US",17,0,2020-03-19,2,0,FALSE,TRUE,"US","USA","US-OR"
84041043,"US","USA",840,41043,"Linn","Oregon","US",44.489,-122.537,"Linn, Oregon, US",18,0,2020-03-20,1,0,FALSE,TRUE,"US","USA","US-OR"
84041043,"US","USA",840,41043,"Linn","Oregon","US",44.489,-122.537,"Linn, Oregon, US",19,0,2020-03-21,1,0,FALSE,TRUE,"US","USA","US-OR"
84041043,"US","USA",840,41043,"Linn","Oregon","US",44.489,-122.537,"Linn, Oregon, US",19,1,2020-03-22,0,1,FALSE,TRUE,"US","USA","US-OR"
84041043,"US","USA",840,41043,"Linn","Oregon","US",44.489,-122.537,"Linn, Oregon, US",20,1,2020-03-23,1,0,FALSE,TRUE,"US","USA","US-OR"
84041043,"US","USA",840,41043,"Linn","Oregon","US",44.489,-122.537,"Linn, Oregon, US",21,1,2020-03-24,1,0,FALSE,TRUE,"US","USA","US-OR"
84041043,"US","USA",840,41043,"Linn","Oregon","US",44.489,-122.537,"Linn, Oregon, US",25,1,2020-03-25,4,0,FALSE,TRUE,"US","USA","US-OR"
84041043,"US","USA",840,41043,"Linn","Oregon","US",44.489,-122.537,"Linn, Oregon, US",26,1,2020-03-26,1,0,FALSE,TRUE,"US","USA","US-OR"
84041043,"US","USA",840,41043,"Linn","Oregon","US",44.489,-122.537,"Linn, Oregon, US",28,1,2020-03-27,2,0,FALSE,TRUE,"US","USA","US-OR"
84041043,"US","USA",840,41043,"Linn","Oregon","US",44.489,-122.537,"Linn, Oregon, US",32,1,2020-03-28,4,0,FALSE,TRUE,"US","USA","US-OR"
84041043,"US","USA",840,41043,"Linn","Oregon","US",44.489,-122.537,"Linn, Oregon, US",36,1,2020-03-29,4,0,FALSE,TRUE,"US","USA","US-OR"
84041043,"US","USA",840,41043,"Linn","Oregon","US",44.489,-122.537,"Linn, Oregon, US",36,2,2020-03-30,0,1,FALSE,TRUE,"US","USA","US-OR"
84041043,"US","USA",840,41043,"Linn","Oregon","US",44.489,-122.537,"Linn, Oregon, US",37,2,2020-03-31,1,0,FALSE,TRUE,"US","USA","US-OR"
84041043,"US","USA",840,41043,"Linn","Oregon","US",44.489,-122.537,"Linn, Oregon, US",37,2,2020-04-01,0,0,FALSE,TRUE,"US","USA","US-OR"
84041043,"US","USA",840,41043,"Linn","Oregon","US",44.489,-122.537,"Linn, Oregon, US",37,2,2020-04-02,0,0,FALSE,TRUE,"US","USA","US-OR"
84041043,"US","USA",840,41043,"Linn","Oregon","US",44.489,-122.537,"Linn, Oregon, US",37,2,2020-04-03,0,0,FALSE,TRUE,"US","USA","US-OR"
84041043,"US","USA",840,41043,"Linn","Oregon","US",44.489,-122.537,"Linn, Oregon, US",37,2,2020-04-04,0,0,FALSE,TRUE,"US","USA","US-OR"
84041043,"US","USA",840,41043,"Linn","Oregon","US",44.489,-122.537,"Linn, Oregon, US",43,2,2020-04-05,6,0,FALSE,TRUE,"US","USA","US-OR"
84041043,"US","USA",840,41043,"Linn","Oregon","US",44.489,-122.537,"Linn, Oregon, US",43,2,2020-04-06,0,0,FALSE,TRUE,"US","USA","US-OR"
84041043,"US","USA",840,41043,"Linn","Oregon","US",44.489,-122.537,"Linn, Oregon, US",44,2,2020-04-07,1,0,FALSE,TRUE,"US","USA","US-OR"
84041043,"US","USA",840,41043,"Linn","Oregon","US",44.489,-122.537,"Linn, Oregon, US",45,2,2020-04-08,1,0,FALSE,TRUE,"US","USA","US-OR"
84041043,"US","USA",840,41043,"Linn","Oregon","US",44.489,-122.537,"Linn, Oregon, US",49,4,2020-04-09,4,2,FALSE,TRUE,"US","USA","US-OR"
84041043,"US","USA",840,41043,"Linn","Oregon","US",44.489,-122.537,"Linn, Oregon, US",49,4,2020-04-10,0,0,FALSE,TRUE,"US","USA","US-OR"
84041043,"US","USA",840,41043,"Linn","Oregon","US",44.489,-122.537,"Linn, Oregon, US",49,4,2020-04-11,0,0,FALSE,TRUE,"US","USA","US-OR"
84041043,"US","USA",840,41043,"Linn","Oregon","US",44.489,-122.537,"Linn, Oregon, US",52,4,2020-04-12,3,0,FALSE,TRUE,"US","USA","US-OR"
84041043,"US","USA",840,41043,"Linn","Oregon","US",44.489,-122.537,"Linn, Oregon, US",52,4,2020-04-13,0,0,FALSE,TRUE,"US","USA","US-OR"
84041043,"US","USA",840,41043,"Linn","Oregon","US",44.489,-122.537,"Linn, Oregon, US",52,4,2020-04-14,0,0,FALSE,TRUE,"US","USA","US-OR"
84041043,"US","USA",840,41043,"Linn","Oregon","US",44.489,-122.537,"Linn, Oregon, US",53,4,2020-04-15,1,0,FALSE,TRUE,"US","USA","US-OR"
84041043,"US","USA",840,41043,"Linn","Oregon","US",44.489,-122.537,"Linn, Oregon, US",54,4,2020-04-16,1,0,FALSE,TRUE,"US","USA","US-OR"
84041043,"US","USA",840,41043,"Linn","Oregon","US",44.489,-122.537,"Linn, Oregon, US",57,6,2020-04-17,3,2,FALSE,TRUE,"US","USA","US-OR"
84041043,"US","USA",840,41043,"Linn","Oregon","US",44.489,-122.537,"Linn, Oregon, US",59,6,2020-04-18,2,0,FALSE,TRUE,"US","USA","US-OR"
84041043,"US","USA",840,41043,"Linn","Oregon","US",44.489,-122.537,"Linn, Oregon, US",59,6,2020-04-19,0,0,FALSE,TRUE,"US","USA","US-OR"
84041043,"US","USA",840,41043,"Linn","Oregon","US",44.489,-122.537,"Linn, Oregon, US",61,6,2020-04-20,2,0,FALSE,TRUE,"US","USA","US-OR"
84041043,"US","USA",840,41043,"Linn","Oregon","US",44.489,-122.537,"Linn, Oregon, US",62,6,2020-04-21,1,0,FALSE,TRUE,"US","USA","US-OR"
84041043,"US","USA",840,41043,"Linn","Oregon","US",44.489,-122.537,"Linn, Oregon, US",63,6,2020-04-22,1,0,FALSE,TRUE,"US","USA","US-OR"
84041043,"US","USA",840,41043,"Linn","Oregon","US",44.489,-122.537,"Linn, Oregon, US",67,6,2020-04-23,4,0,FALSE,TRUE,"US","USA","US-OR"
84041043,"US","USA",840,41043,"Linn","Oregon","US",44.489,-122.537,"Linn, Oregon, US",67,7,2020-04-24,0,1,FALSE,TRUE,"US","USA","US-OR"
84041043,"US","USA",840,41043,"Linn","Oregon","US",44.489,-122.537,"Linn, Oregon, US",71,7,2020-04-25,4,0,FALSE,TRUE,"US","USA","US-OR"
84041043,"US","USA",840,41043,"Linn","Oregon","US",44.489,-122.537,"Linn, Oregon, US",74,7,2020-04-26,3,0,FALSE,TRUE,"US","USA","US-OR"
84041043,"US","USA",840,41043,"Linn","Oregon","US",44.489,-122.537,"Linn, Oregon, US",79,7,2020-04-27,5,0,FALSE,TRUE,"US","USA","US-OR"
84041043,"US","USA",840,41043,"Linn","Oregon","US",44.489,-122.537,"Linn, Oregon, US",81,7,2020-04-28,2,0,FALSE,TRUE,"US","USA","US-OR"
84041043,"US","USA",840,41043,"Linn","Oregon","US",44.489,-122.537,"Linn, Oregon, US",82,7,2020-04-29,1,0,FALSE,TRUE,"US","USA","US-OR"
84041043,"US","USA",840,41043,"Linn","Oregon","US",44.489,-122.537,"Linn, Oregon, US",86,7,2020-04-30,4,0,FALSE,TRUE,"US","USA","US-OR"
84041043,"US","USA",840,41043,"Linn","Oregon","US",44.489,-122.537,"Linn, Oregon, US",87,7,2020-05-01,1,0,FALSE,TRUE,"US","USA","US-OR"
84041043,"US","USA",840,41043,"Linn","Oregon","US",44.489,-122.537,"Linn, Oregon, US",87,7,2020-05-02,0,0,FALSE,TRUE,"US","USA","US-OR"
84041043,"US","USA",840,41043,"Linn","Oregon","US",44.489,-122.537,"Linn, Oregon, US",87,7,2020-05-03,0,0,FALSE,TRUE,"US","USA","US-OR"
84041043,"US","USA",840,41043,"Linn","Oregon","US",44.489,-122.537,"Linn, Oregon, US",97,7,2020-05-04,10,0,FALSE,TRUE,"US","USA","US-OR"
84041043,"US","USA",840,41043,"Linn","Oregon","US",44.489,-122.537,"Linn, Oregon, US",98,7,2020-05-05,1,0,FALSE,TRUE,"US","USA","US-OR"
84041043,"US","USA",840,41043,"Linn","Oregon","US",44.489,-122.537,"Linn, Oregon, US",99,7,2020-05-06,1,0,FALSE,TRUE,"US","USA","US-OR"
84041043,"US","USA",840,41043,"Linn","Oregon","US",44.489,-122.537,"Linn, Oregon, US",99,7,2020-05-07,0,0,FALSE,TRUE,"US","USA","US-OR"
