"UID","iso2","iso3","code3","FIPS","Admin2","Province.State","Country.Region","Lat","Long","Combined_Key","confirmed","deaths","date","confirmed_new","deaths_new","hasErrors","hasParent","country_code","country_code3","territory_code"
84045047,"US","USA",840,45047,"Greenwood","South Carolina","US",34.1527,-82.1272,"Greenwood, South Carolina, US",0,0,2020-01-22,0,0,FALSE,TRUE,"US","USA","US-SC"
84045047,"US","USA",840,45047,"Greenwood","South Carolina","US",34.1527,-82.1272,"Greenwood, South Carolina, US",0,0,2020-01-23,0,0,FALSE,TRUE,"US","USA","US-SC"
84045047,"US","USA",840,45047,"Greenwood","South Carolina","US",34.1527,-82.1272,"Greenwood, South Carolina, US",0,0,2020-01-24,0,0,FALSE,TRUE,"US","USA","US-SC"
84045047,"US","USA",840,45047,"Greenwood","South Carolina","US",34.1527,-82.1272,"Greenwood, South Carolina, US",0,0,2020-01-25,0,0,FALSE,TRUE,"US","USA","US-SC"
84045047,"US","USA",840,45047,"Greenwood","South Carolina","US",34.1527,-82.1272,"Greenwood, South Carolina, US",0,0,2020-01-26,0,0,FALSE,TRUE,"US","USA","US-SC"
84045047,"US","USA",840,45047,"Greenwood","South Carolina","US",34.1527,-82.1272,"Greenwood, South Carolina, US",0,0,2020-01-27,0,0,FALSE,TRUE,"US","USA","US-SC"
84045047,"US","USA",840,45047,"Greenwood","South Carolina","US",34.1527,-82.1272,"Greenwood, South Carolina, US",0,0,2020-01-28,0,0,FALSE,TRUE,"US","USA","US-SC"
84045047,"US","USA",840,45047,"Greenwood","South Carolina","US",34.1527,-82.1272,"Greenwood, South Carolina, US",0,0,2020-01-29,0,0,FALSE,TRUE,"US","USA","US-SC"
84045047,"US","USA",840,45047,"Greenwood","South Carolina","US",34.1527,-82.1272,"Greenwood, South Carolina, US",0,0,2020-01-30,0,0,FALSE,TRUE,"US","USA","US-SC"
84045047,"US","USA",840,45047,"Greenwood","South Carolina","US",34.1527,-82.1272,"Greenwood, South Carolina, US",0,0,2020-01-31,0,0,FALSE,TRUE,"US","USA","US-SC"
84045047,"US","USA",840,45047,"Greenwood","South Carolina","US",34.1527,-82.1272,"Greenwood, South Carolina, US",0,0,2020-02-01,0,0,FALSE,TRUE,"US","USA","US-SC"
84045047,"US","USA",840,45047,"Greenwood","South Carolina","US",34.1527,-82.1272,"Greenwood, South Carolina, US",0,0,2020-02-02,0,0,FALSE,TRUE,"US","USA","US-SC"
84045047,"US","USA",840,45047,"Greenwood","South Carolina","US",34.1527,-82.1272,"Greenwood, South Carolina, US",0,0,2020-02-03,0,0,FALSE,TRUE,"US","USA","US-SC"
84045047,"US","USA",840,45047,"Greenwood","South Carolina","US",34.1527,-82.1272,"Greenwood, South Carolina, US",0,0,2020-02-04,0,0,FALSE,TRUE,"US","USA","US-SC"
84045047,"US","USA",840,45047,"Greenwood","South Carolina","US",34.1527,-82.1272,"Greenwood, South Carolina, US",0,0,2020-02-05,0,0,FALSE,TRUE,"US","USA","US-SC"
84045047,"US","USA",840,45047,"Greenwood","South Carolina","US",34.1527,-82.1272,"Greenwood, South Carolina, US",0,0,2020-02-06,0,0,FALSE,TRUE,"US","USA","US-SC"
84045047,"US","USA",840,45047,"Greenwood","South Carolina","US",34.1527,-82.1272,"Greenwood, South Carolina, US",0,0,2020-02-07,0,0,FALSE,TRUE,"US","USA","US-SC"
84045047,"US","USA",840,45047,"Greenwood","South Carolina","US",34.1527,-82.1272,"Greenwood, South Carolina, US",0,0,2020-02-08,0,0,FALSE,TRUE,"US","USA","US-SC"
84045047,"US","USA",840,45047,"Greenwood","South Carolina","US",34.1527,-82.1272,"Greenwood, South Carolina, US",0,0,2020-02-09,0,0,FALSE,TRUE,"US","USA","US-SC"
84045047,"US","USA",840,45047,"Greenwood","South Carolina","US",34.1527,-82.1272,"Greenwood, South Carolina, US",0,0,2020-02-10,0,0,FALSE,TRUE,"US","USA","US-SC"
84045047,"US","USA",840,45047,"Greenwood","South Carolina","US",34.1527,-82.1272,"Greenwood, South Carolina, US",0,0,2020-02-11,0,0,FALSE,TRUE,"US","USA","US-SC"
84045047,"US","USA",840,45047,"Greenwood","South Carolina","US",34.1527,-82.1272,"Greenwood, South Carolina, US",0,0,2020-02-12,0,0,FALSE,TRUE,"US","USA","US-SC"
84045047,"US","USA",840,45047,"Greenwood","South Carolina","US",34.1527,-82.1272,"Greenwood, South Carolina, US",0,0,2020-02-13,0,0,FALSE,TRUE,"US","USA","US-SC"
84045047,"US","USA",840,45047,"Greenwood","South Carolina","US",34.1527,-82.1272,"Greenwood, South Carolina, US",0,0,2020-02-14,0,0,FALSE,TRUE,"US","USA","US-SC"
84045047,"US","USA",840,45047,"Greenwood","South Carolina","US",34.1527,-82.1272,"Greenwood, South Carolina, US",0,0,2020-02-15,0,0,FALSE,TRUE,"US","USA","US-SC"
84045047,"US","USA",840,45047,"Greenwood","South Carolina","US",34.1527,-82.1272,"Greenwood, South Carolina, US",0,0,2020-02-16,0,0,FALSE,TRUE,"US","USA","US-SC"
84045047,"US","USA",840,45047,"Greenwood","South Carolina","US",34.1527,-82.1272,"Greenwood, South Carolina, US",0,0,2020-02-17,0,0,FALSE,TRUE,"US","USA","US-SC"
84045047,"US","USA",840,45047,"Greenwood","South Carolina","US",34.1527,-82.1272,"Greenwood, South Carolina, US",0,0,2020-02-18,0,0,FALSE,TRUE,"US","USA","US-SC"
84045047,"US","USA",840,45047,"Greenwood","South Carolina","US",34.1527,-82.1272,"Greenwood, South Carolina, US",0,0,2020-02-19,0,0,FALSE,TRUE,"US","USA","US-SC"
84045047,"US","USA",840,45047,"Greenwood","South Carolina","US",34.1527,-82.1272,"Greenwood, South Carolina, US",0,0,2020-02-20,0,0,FALSE,TRUE,"US","USA","US-SC"
84045047,"US","USA",840,45047,"Greenwood","South Carolina","US",34.1527,-82.1272,"Greenwood, South Carolina, US",0,0,2020-02-21,0,0,FALSE,TRUE,"US","USA","US-SC"
84045047,"US","USA",840,45047,"Greenwood","South Carolina","US",34.1527,-82.1272,"Greenwood, South Carolina, US",0,0,2020-02-22,0,0,FALSE,TRUE,"US","USA","US-SC"
84045047,"US","USA",840,45047,"Greenwood","South Carolina","US",34.1527,-82.1272,"Greenwood, South Carolina, US",0,0,2020-02-23,0,0,FALSE,TRUE,"US","USA","US-SC"
84045047,"US","USA",840,45047,"Greenwood","South Carolina","US",34.1527,-82.1272,"Greenwood, South Carolina, US",0,0,2020-02-24,0,0,FALSE,TRUE,"US","USA","US-SC"
84045047,"US","USA",840,45047,"Greenwood","South Carolina","US",34.1527,-82.1272,"Greenwood, South Carolina, US",0,0,2020-02-25,0,0,FALSE,TRUE,"US","USA","US-SC"
84045047,"US","USA",840,45047,"Greenwood","South Carolina","US",34.1527,-82.1272,"Greenwood, South Carolina, US",0,0,2020-02-26,0,0,FALSE,TRUE,"US","USA","US-SC"
84045047,"US","USA",840,45047,"Greenwood","South Carolina","US",34.1527,-82.1272,"Greenwood, South Carolina, US",0,0,2020-02-27,0,0,FALSE,TRUE,"US","USA","US-SC"
84045047,"US","USA",840,45047,"Greenwood","South Carolina","US",34.1527,-82.1272,"Greenwood, South Carolina, US",0,0,2020-02-28,0,0,FALSE,TRUE,"US","USA","US-SC"
84045047,"US","USA",840,45047,"Greenwood","South Carolina","US",34.1527,-82.1272,"Greenwood, South Carolina, US",0,0,2020-02-29,0,0,FALSE,TRUE,"US","USA","US-SC"
84045047,"US","USA",840,45047,"Greenwood","South Carolina","US",34.1527,-82.1272,"Greenwood, South Carolina, US",0,0,2020-03-01,0,0,FALSE,TRUE,"US","USA","US-SC"
84045047,"US","USA",840,45047,"Greenwood","South Carolina","US",34.1527,-82.1272,"Greenwood, South Carolina, US",0,0,2020-03-02,0,0,FALSE,TRUE,"US","USA","US-SC"
84045047,"US","USA",840,45047,"Greenwood","South Carolina","US",34.1527,-82.1272,"Greenwood, South Carolina, US",0,0,2020-03-03,0,0,FALSE,TRUE,"US","USA","US-SC"
84045047,"US","USA",840,45047,"Greenwood","South Carolina","US",34.1527,-82.1272,"Greenwood, South Carolina, US",0,0,2020-03-04,0,0,FALSE,TRUE,"US","USA","US-SC"
84045047,"US","USA",840,45047,"Greenwood","South Carolina","US",34.1527,-82.1272,"Greenwood, South Carolina, US",0,0,2020-03-05,0,0,FALSE,TRUE,"US","USA","US-SC"
84045047,"US","USA",840,45047,"Greenwood","South Carolina","US",34.1527,-82.1272,"Greenwood, South Carolina, US",0,0,2020-03-06,0,0,FALSE,TRUE,"US","USA","US-SC"
84045047,"US","USA",840,45047,"Greenwood","South Carolina","US",34.1527,-82.1272,"Greenwood, South Carolina, US",0,0,2020-03-07,0,0,FALSE,TRUE,"US","USA","US-SC"
84045047,"US","USA",840,45047,"Greenwood","South Carolina","US",34.1527,-82.1272,"Greenwood, South Carolina, US",0,0,2020-03-08,0,0,FALSE,TRUE,"US","USA","US-SC"
84045047,"US","USA",840,45047,"Greenwood","South Carolina","US",34.1527,-82.1272,"Greenwood, South Carolina, US",0,0,2020-03-09,0,0,FALSE,TRUE,"US","USA","US-SC"
84045047,"US","USA",840,45047,"Greenwood","South Carolina","US",34.1527,-82.1272,"Greenwood, South Carolina, US",0,0,2020-03-10,0,0,FALSE,TRUE,"US","USA","US-SC"
84045047,"US","USA",840,45047,"Greenwood","South Carolina","US",34.1527,-82.1272,"Greenwood, South Carolina, US",0,0,2020-03-11,0,0,FALSE,TRUE,"US","USA","US-SC"
84045047,"US","USA",840,45047,"Greenwood","South Carolina","US",34.1527,-82.1272,"Greenwood, South Carolina, US",0,0,2020-03-12,0,0,FALSE,TRUE,"US","USA","US-SC"
84045047,"US","USA",840,45047,"Greenwood","South Carolina","US",34.1527,-82.1272,"Greenwood, South Carolina, US",0,0,2020-03-13,0,0,FALSE,TRUE,"US","USA","US-SC"
84045047,"US","USA",840,45047,"Greenwood","South Carolina","US",34.1527,-82.1272,"Greenwood, South Carolina, US",0,0,2020-03-14,0,0,FALSE,TRUE,"US","USA","US-SC"
84045047,"US","USA",840,45047,"Greenwood","South Carolina","US",34.1527,-82.1272,"Greenwood, South Carolina, US",0,0,2020-03-15,0,0,FALSE,TRUE,"US","USA","US-SC"
84045047,"US","USA",840,45047,"Greenwood","South Carolina","US",34.1527,-82.1272,"Greenwood, South Carolina, US",0,0,2020-03-16,0,0,FALSE,TRUE,"US","USA","US-SC"
84045047,"US","USA",840,45047,"Greenwood","South Carolina","US",34.1527,-82.1272,"Greenwood, South Carolina, US",0,0,2020-03-17,0,0,FALSE,TRUE,"US","USA","US-SC"
84045047,"US","USA",840,45047,"Greenwood","South Carolina","US",34.1527,-82.1272,"Greenwood, South Carolina, US",0,0,2020-03-18,0,0,FALSE,TRUE,"US","USA","US-SC"
84045047,"US","USA",840,45047,"Greenwood","South Carolina","US",34.1527,-82.1272,"Greenwood, South Carolina, US",0,0,2020-03-19,0,0,FALSE,TRUE,"US","USA","US-SC"
84045047,"US","USA",840,45047,"Greenwood","South Carolina","US",34.1527,-82.1272,"Greenwood, South Carolina, US",0,0,2020-03-20,0,0,FALSE,TRUE,"US","USA","US-SC"
84045047,"US","USA",840,45047,"Greenwood","South Carolina","US",34.1527,-82.1272,"Greenwood, South Carolina, US",3,0,2020-03-21,3,0,FALSE,TRUE,"US","USA","US-SC"
84045047,"US","USA",840,45047,"Greenwood","South Carolina","US",34.1527,-82.1272,"Greenwood, South Carolina, US",3,0,2020-03-22,0,0,FALSE,TRUE,"US","USA","US-SC"
84045047,"US","USA",840,45047,"Greenwood","South Carolina","US",34.1527,-82.1272,"Greenwood, South Carolina, US",2,0,2020-03-23,-1,0,FALSE,TRUE,"US","USA","US-SC"
84045047,"US","USA",840,45047,"Greenwood","South Carolina","US",34.1527,-82.1272,"Greenwood, South Carolina, US",2,0,2020-03-24,0,0,FALSE,TRUE,"US","USA","US-SC"
84045047,"US","USA",840,45047,"Greenwood","South Carolina","US",34.1527,-82.1272,"Greenwood, South Carolina, US",2,0,2020-03-25,0,0,FALSE,TRUE,"US","USA","US-SC"
84045047,"US","USA",840,45047,"Greenwood","South Carolina","US",34.1527,-82.1272,"Greenwood, South Carolina, US",2,0,2020-03-26,0,0,FALSE,TRUE,"US","USA","US-SC"
84045047,"US","USA",840,45047,"Greenwood","South Carolina","US",34.1527,-82.1272,"Greenwood, South Carolina, US",2,0,2020-03-27,0,0,FALSE,TRUE,"US","USA","US-SC"
84045047,"US","USA",840,45047,"Greenwood","South Carolina","US",34.1527,-82.1272,"Greenwood, South Carolina, US",3,0,2020-03-28,1,0,FALSE,TRUE,"US","USA","US-SC"
84045047,"US","USA",840,45047,"Greenwood","South Carolina","US",34.1527,-82.1272,"Greenwood, South Carolina, US",3,0,2020-03-29,0,0,FALSE,TRUE,"US","USA","US-SC"
84045047,"US","USA",840,45047,"Greenwood","South Carolina","US",34.1527,-82.1272,"Greenwood, South Carolina, US",3,0,2020-03-30,0,0,FALSE,TRUE,"US","USA","US-SC"
84045047,"US","USA",840,45047,"Greenwood","South Carolina","US",34.1527,-82.1272,"Greenwood, South Carolina, US",5,0,2020-03-31,2,0,FALSE,TRUE,"US","USA","US-SC"
84045047,"US","USA",840,45047,"Greenwood","South Carolina","US",34.1527,-82.1272,"Greenwood, South Carolina, US",6,0,2020-04-01,1,0,FALSE,TRUE,"US","USA","US-SC"
84045047,"US","USA",840,45047,"Greenwood","South Carolina","US",34.1527,-82.1272,"Greenwood, South Carolina, US",8,0,2020-04-02,2,0,FALSE,TRUE,"US","USA","US-SC"
84045047,"US","USA",840,45047,"Greenwood","South Carolina","US",34.1527,-82.1272,"Greenwood, South Carolina, US",9,0,2020-04-03,1,0,FALSE,TRUE,"US","USA","US-SC"
84045047,"US","USA",840,45047,"Greenwood","South Carolina","US",34.1527,-82.1272,"Greenwood, South Carolina, US",10,0,2020-04-04,1,0,FALSE,TRUE,"US","USA","US-SC"
84045047,"US","USA",840,45047,"Greenwood","South Carolina","US",34.1527,-82.1272,"Greenwood, South Carolina, US",10,0,2020-04-05,0,0,FALSE,TRUE,"US","USA","US-SC"
84045047,"US","USA",840,45047,"Greenwood","South Carolina","US",34.1527,-82.1272,"Greenwood, South Carolina, US",11,0,2020-04-06,1,0,FALSE,TRUE,"US","USA","US-SC"
84045047,"US","USA",840,45047,"Greenwood","South Carolina","US",34.1527,-82.1272,"Greenwood, South Carolina, US",12,0,2020-04-07,1,0,FALSE,TRUE,"US","USA","US-SC"
84045047,"US","USA",840,45047,"Greenwood","South Carolina","US",34.1527,-82.1272,"Greenwood, South Carolina, US",12,0,2020-04-08,0,0,FALSE,TRUE,"US","USA","US-SC"
84045047,"US","USA",840,45047,"Greenwood","South Carolina","US",34.1527,-82.1272,"Greenwood, South Carolina, US",15,0,2020-04-09,3,0,FALSE,TRUE,"US","USA","US-SC"
84045047,"US","USA",840,45047,"Greenwood","South Carolina","US",34.1527,-82.1272,"Greenwood, South Carolina, US",16,0,2020-04-10,1,0,FALSE,TRUE,"US","USA","US-SC"
84045047,"US","USA",840,45047,"Greenwood","South Carolina","US",34.1527,-82.1272,"Greenwood, South Carolina, US",17,0,2020-04-11,1,0,FALSE,TRUE,"US","USA","US-SC"
84045047,"US","USA",840,45047,"Greenwood","South Carolina","US",34.1527,-82.1272,"Greenwood, South Carolina, US",17,0,2020-04-12,0,0,FALSE,TRUE,"US","USA","US-SC"
84045047,"US","USA",840,45047,"Greenwood","South Carolina","US",34.1527,-82.1272,"Greenwood, South Carolina, US",18,0,2020-04-13,1,0,FALSE,TRUE,"US","USA","US-SC"
84045047,"US","USA",840,45047,"Greenwood","South Carolina","US",34.1527,-82.1272,"Greenwood, South Carolina, US",18,0,2020-04-14,0,0,FALSE,TRUE,"US","USA","US-SC"
84045047,"US","USA",840,45047,"Greenwood","South Carolina","US",34.1527,-82.1272,"Greenwood, South Carolina, US",19,0,2020-04-15,1,0,FALSE,TRUE,"US","USA","US-SC"
84045047,"US","USA",840,45047,"Greenwood","South Carolina","US",34.1527,-82.1272,"Greenwood, South Carolina, US",31,0,2020-04-16,12,0,FALSE,TRUE,"US","USA","US-SC"
84045047,"US","USA",840,45047,"Greenwood","South Carolina","US",34.1527,-82.1272,"Greenwood, South Carolina, US",32,0,2020-04-17,1,0,FALSE,TRUE,"US","USA","US-SC"
84045047,"US","USA",840,45047,"Greenwood","South Carolina","US",34.1527,-82.1272,"Greenwood, South Carolina, US",34,0,2020-04-18,2,0,FALSE,TRUE,"US","USA","US-SC"
84045047,"US","USA",840,45047,"Greenwood","South Carolina","US",34.1527,-82.1272,"Greenwood, South Carolina, US",36,0,2020-04-19,2,0,FALSE,TRUE,"US","USA","US-SC"
84045047,"US","USA",840,45047,"Greenwood","South Carolina","US",34.1527,-82.1272,"Greenwood, South Carolina, US",37,0,2020-04-20,1,0,FALSE,TRUE,"US","USA","US-SC"
84045047,"US","USA",840,45047,"Greenwood","South Carolina","US",34.1527,-82.1272,"Greenwood, South Carolina, US",37,0,2020-04-21,0,0,FALSE,TRUE,"US","USA","US-SC"
84045047,"US","USA",840,45047,"Greenwood","South Carolina","US",34.1527,-82.1272,"Greenwood, South Carolina, US",41,0,2020-04-22,4,0,FALSE,TRUE,"US","USA","US-SC"
84045047,"US","USA",840,45047,"Greenwood","South Carolina","US",34.1527,-82.1272,"Greenwood, South Carolina, US",41,0,2020-04-23,0,0,FALSE,TRUE,"US","USA","US-SC"
84045047,"US","USA",840,45047,"Greenwood","South Carolina","US",34.1527,-82.1272,"Greenwood, South Carolina, US",42,0,2020-04-24,1,0,FALSE,TRUE,"US","USA","US-SC"
84045047,"US","USA",840,45047,"Greenwood","South Carolina","US",34.1527,-82.1272,"Greenwood, South Carolina, US",43,0,2020-04-25,1,0,FALSE,TRUE,"US","USA","US-SC"
84045047,"US","USA",840,45047,"Greenwood","South Carolina","US",34.1527,-82.1272,"Greenwood, South Carolina, US",44,0,2020-04-26,1,0,FALSE,TRUE,"US","USA","US-SC"
84045047,"US","USA",840,45047,"Greenwood","South Carolina","US",34.1527,-82.1272,"Greenwood, South Carolina, US",45,0,2020-04-27,1,0,FALSE,TRUE,"US","USA","US-SC"
84045047,"US","USA",840,45047,"Greenwood","South Carolina","US",34.1527,-82.1272,"Greenwood, South Carolina, US",46,0,2020-04-28,1,0,FALSE,TRUE,"US","USA","US-SC"
84045047,"US","USA",840,45047,"Greenwood","South Carolina","US",34.1527,-82.1272,"Greenwood, South Carolina, US",46,0,2020-04-29,0,0,FALSE,TRUE,"US","USA","US-SC"
84045047,"US","USA",840,45047,"Greenwood","South Carolina","US",34.1527,-82.1272,"Greenwood, South Carolina, US",49,0,2020-04-30,3,0,FALSE,TRUE,"US","USA","US-SC"
84045047,"US","USA",840,45047,"Greenwood","South Carolina","US",34.1527,-82.1272,"Greenwood, South Carolina, US",49,0,2020-05-01,0,0,FALSE,TRUE,"US","USA","US-SC"
84045047,"US","USA",840,45047,"Greenwood","South Carolina","US",34.1527,-82.1272,"Greenwood, South Carolina, US",53,0,2020-05-02,4,0,FALSE,TRUE,"US","USA","US-SC"
84045047,"US","USA",840,45047,"Greenwood","South Carolina","US",34.1527,-82.1272,"Greenwood, South Carolina, US",55,0,2020-05-03,2,0,FALSE,TRUE,"US","USA","US-SC"
84045047,"US","USA",840,45047,"Greenwood","South Carolina","US",34.1527,-82.1272,"Greenwood, South Carolina, US",55,0,2020-05-04,0,0,FALSE,TRUE,"US","USA","US-SC"
84045047,"US","USA",840,45047,"Greenwood","South Carolina","US",34.1527,-82.1272,"Greenwood, South Carolina, US",57,0,2020-05-05,2,0,FALSE,TRUE,"US","USA","US-SC"
84045047,"US","USA",840,45047,"Greenwood","South Carolina","US",34.1527,-82.1272,"Greenwood, South Carolina, US",61,0,2020-05-06,4,0,FALSE,TRUE,"US","USA","US-SC"
84045047,"US","USA",840,45047,"Greenwood","South Carolina","US",34.1527,-82.1272,"Greenwood, South Carolina, US",61,0,2020-05-07,0,0,FALSE,TRUE,"US","USA","US-SC"
84045047,"US","USA",840,45047,"Greenwood","South Carolina","US",34.1527,-82.1272,"Greenwood, South Carolina, US",62,0,2020-05-08,1,0,FALSE,TRUE,"US","USA","US-SC"
84045047,"US","USA",840,45047,"Greenwood","South Carolina","US",34.1527,-82.1272,"Greenwood, South Carolina, US",62,0,2020-05-09,0,0,FALSE,TRUE,"US","USA","US-SC"
84045047,"US","USA",840,45047,"Greenwood","South Carolina","US",34.1527,-82.1272,"Greenwood, South Carolina, US",62,0,2020-05-10,0,0,FALSE,TRUE,"US","USA","US-SC"
84045047,"US","USA",840,45047,"Greenwood","South Carolina","US",34.1527,-82.1272,"Greenwood, South Carolina, US",63,0,2020-05-11,1,0,FALSE,TRUE,"US","USA","US-SC"
84045047,"US","USA",840,45047,"Greenwood","South Carolina","US",34.1527,-82.1272,"Greenwood, South Carolina, US",63,0,2020-05-12,0,0,FALSE,TRUE,"US","USA","US-SC"
84045047,"US","USA",840,45047,"Greenwood","South Carolina","US",34.1527,-82.1272,"Greenwood, South Carolina, US",67,0,2020-05-13,4,0,FALSE,TRUE,"US","USA","US-SC"
84045047,"US","USA",840,45047,"Greenwood","South Carolina","US",34.1527,-82.1272,"Greenwood, South Carolina, US",68,1,2020-05-14,1,1,FALSE,TRUE,"US","USA","US-SC"
84045047,"US","USA",840,45047,"Greenwood","South Carolina","US",34.1527,-82.1272,"Greenwood, South Carolina, US",69,1,2020-05-15,1,0,FALSE,TRUE,"US","USA","US-SC"
84045047,"US","USA",840,45047,"Greenwood","South Carolina","US",34.1527,-82.1272,"Greenwood, South Carolina, US",69,1,2020-05-16,0,0,FALSE,TRUE,"US","USA","US-SC"
84045047,"US","USA",840,45047,"Greenwood","South Carolina","US",34.1527,-82.1272,"Greenwood, South Carolina, US",69,1,2020-05-17,0,0,FALSE,TRUE,"US","USA","US-SC"
84045047,"US","USA",840,45047,"Greenwood","South Carolina","US",34.1527,-82.1272,"Greenwood, South Carolina, US",71,1,2020-05-18,2,0,FALSE,TRUE,"US","USA","US-SC"
84045047,"US","USA",840,45047,"Greenwood","South Carolina","US",34.1527,-82.1272,"Greenwood, South Carolina, US",72,1,2020-05-19,1,0,FALSE,TRUE,"US","USA","US-SC"
84045047,"US","USA",840,45047,"Greenwood","South Carolina","US",34.1527,-82.1272,"Greenwood, South Carolina, US",72,1,2020-05-20,0,0,FALSE,TRUE,"US","USA","US-SC"
84045047,"US","USA",840,45047,"Greenwood","South Carolina","US",34.1527,-82.1272,"Greenwood, South Carolina, US",76,1,2020-05-21,4,0,FALSE,TRUE,"US","USA","US-SC"
84045047,"US","USA",840,45047,"Greenwood","South Carolina","US",34.1527,-82.1272,"Greenwood, South Carolina, US",79,1,2020-05-22,3,0,FALSE,TRUE,"US","USA","US-SC"
84045047,"US","USA",840,45047,"Greenwood","South Carolina","US",34.1527,-82.1272,"Greenwood, South Carolina, US",82,1,2020-05-23,3,0,FALSE,TRUE,"US","USA","US-SC"
84045047,"US","USA",840,45047,"Greenwood","South Carolina","US",34.1527,-82.1272,"Greenwood, South Carolina, US",82,1,2020-05-24,0,0,FALSE,TRUE,"US","USA","US-SC"
84045047,"US","USA",840,45047,"Greenwood","South Carolina","US",34.1527,-82.1272,"Greenwood, South Carolina, US",82,1,2020-05-25,0,0,FALSE,TRUE,"US","USA","US-SC"
84045047,"US","USA",840,45047,"Greenwood","South Carolina","US",34.1527,-82.1272,"Greenwood, South Carolina, US",92,1,2020-05-26,10,0,FALSE,TRUE,"US","USA","US-SC"
84045047,"US","USA",840,45047,"Greenwood","South Carolina","US",34.1527,-82.1272,"Greenwood, South Carolina, US",103,1,2020-05-27,11,0,FALSE,TRUE,"US","USA","US-SC"
84045047,"US","USA",840,45047,"Greenwood","South Carolina","US",34.1527,-82.1272,"Greenwood, South Carolina, US",121,1,2020-05-28,18,0,FALSE,TRUE,"US","USA","US-SC"
84045047,"US","USA",840,45047,"Greenwood","South Carolina","US",34.1527,-82.1272,"Greenwood, South Carolina, US",128,1,2020-05-29,7,0,FALSE,TRUE,"US","USA","US-SC"
84045047,"US","USA",840,45047,"Greenwood","South Carolina","US",34.1527,-82.1272,"Greenwood, South Carolina, US",129,1,2020-05-30,1,0,FALSE,TRUE,"US","USA","US-SC"
84045047,"US","USA",840,45047,"Greenwood","South Carolina","US",34.1527,-82.1272,"Greenwood, South Carolina, US",142,1,2020-05-31,13,0,FALSE,TRUE,"US","USA","US-SC"
84045047,"US","USA",840,45047,"Greenwood","South Carolina","US",34.1527,-82.1272,"Greenwood, South Carolina, US",147,1,2020-06-01,5,0,FALSE,TRUE,"US","USA","US-SC"
84045047,"US","USA",840,45047,"Greenwood","South Carolina","US",34.1527,-82.1272,"Greenwood, South Carolina, US",148,1,2020-06-02,1,0,FALSE,TRUE,"US","USA","US-SC"
84045047,"US","USA",840,45047,"Greenwood","South Carolina","US",34.1527,-82.1272,"Greenwood, South Carolina, US",148,1,2020-06-03,0,0,FALSE,TRUE,"US","USA","US-SC"
84045047,"US","USA",840,45047,"Greenwood","South Carolina","US",34.1527,-82.1272,"Greenwood, South Carolina, US",148,1,2020-06-04,0,0,FALSE,TRUE,"US","USA","US-SC"
84045047,"US","USA",840,45047,"Greenwood","South Carolina","US",34.1527,-82.1272,"Greenwood, South Carolina, US",160,2,2020-06-05,12,1,FALSE,TRUE,"US","USA","US-SC"
84045047,"US","USA",840,45047,"Greenwood","South Carolina","US",34.1527,-82.1272,"Greenwood, South Carolina, US",160,2,2020-06-06,0,0,FALSE,TRUE,"US","USA","US-SC"
84045047,"US","USA",840,45047,"Greenwood","South Carolina","US",34.1527,-82.1272,"Greenwood, South Carolina, US",172,2,2020-06-07,12,0,FALSE,TRUE,"US","USA","US-SC"
84045047,"US","USA",840,45047,"Greenwood","South Carolina","US",34.1527,-82.1272,"Greenwood, South Carolina, US",183,3,2020-06-08,11,1,FALSE,TRUE,"US","USA","US-SC"
84045047,"US","USA",840,45047,"Greenwood","South Carolina","US",34.1527,-82.1272,"Greenwood, South Carolina, US",198,4,2020-06-09,15,1,FALSE,TRUE,"US","USA","US-SC"
84045047,"US","USA",840,45047,"Greenwood","South Carolina","US",34.1527,-82.1272,"Greenwood, South Carolina, US",199,4,2020-06-10,1,0,FALSE,TRUE,"US","USA","US-SC"
84045047,"US","USA",840,45047,"Greenwood","South Carolina","US",34.1527,-82.1272,"Greenwood, South Carolina, US",235,5,2020-06-11,36,1,FALSE,TRUE,"US","USA","US-SC"
