"UID","iso2","iso3","code3","FIPS","Admin2","Province.State","Country.Region","Lat","Long","Combined_Key","confirmed","deaths","date","confirmed_new","deaths_new","hasErrors","hasParent","country_code","country_code3","territory_code"
84048027,"US","USA",840,48027,"Bell","Texas","US",31.0374,-97.4785,"Bell, Texas, US",0,0,2020-01-22,0,0,FALSE,TRUE,"US","USA","US-TX"
84048027,"US","USA",840,48027,"Bell","Texas","US",31.0374,-97.4785,"Bell, Texas, US",0,0,2020-01-23,0,0,FALSE,TRUE,"US","USA","US-TX"
84048027,"US","USA",840,48027,"Bell","Texas","US",31.0374,-97.4785,"Bell, Texas, US",0,0,2020-01-24,0,0,FALSE,TRUE,"US","USA","US-TX"
84048027,"US","USA",840,48027,"Bell","Texas","US",31.0374,-97.4785,"Bell, Texas, US",0,0,2020-01-25,0,0,FALSE,TRUE,"US","USA","US-TX"
84048027,"US","USA",840,48027,"Bell","Texas","US",31.0374,-97.4785,"Bell, Texas, US",0,0,2020-01-26,0,0,FALSE,TRUE,"US","USA","US-TX"
84048027,"US","USA",840,48027,"Bell","Texas","US",31.0374,-97.4785,"Bell, Texas, US",0,0,2020-01-27,0,0,FALSE,TRUE,"US","USA","US-TX"
84048027,"US","USA",840,48027,"Bell","Texas","US",31.0374,-97.4785,"Bell, Texas, US",0,0,2020-01-28,0,0,FALSE,TRUE,"US","USA","US-TX"
84048027,"US","USA",840,48027,"Bell","Texas","US",31.0374,-97.4785,"Bell, Texas, US",0,0,2020-01-29,0,0,FALSE,TRUE,"US","USA","US-TX"
84048027,"US","USA",840,48027,"Bell","Texas","US",31.0374,-97.4785,"Bell, Texas, US",0,0,2020-01-30,0,0,FALSE,TRUE,"US","USA","US-TX"
84048027,"US","USA",840,48027,"Bell","Texas","US",31.0374,-97.4785,"Bell, Texas, US",0,0,2020-01-31,0,0,FALSE,TRUE,"US","USA","US-TX"
84048027,"US","USA",840,48027,"Bell","Texas","US",31.0374,-97.4785,"Bell, Texas, US",0,0,2020-02-01,0,0,FALSE,TRUE,"US","USA","US-TX"
84048027,"US","USA",840,48027,"Bell","Texas","US",31.0374,-97.4785,"Bell, Texas, US",0,0,2020-02-02,0,0,FALSE,TRUE,"US","USA","US-TX"
84048027,"US","USA",840,48027,"Bell","Texas","US",31.0374,-97.4785,"Bell, Texas, US",0,0,2020-02-03,0,0,FALSE,TRUE,"US","USA","US-TX"
84048027,"US","USA",840,48027,"Bell","Texas","US",31.0374,-97.4785,"Bell, Texas, US",0,0,2020-02-04,0,0,FALSE,TRUE,"US","USA","US-TX"
84048027,"US","USA",840,48027,"Bell","Texas","US",31.0374,-97.4785,"Bell, Texas, US",0,0,2020-02-05,0,0,FALSE,TRUE,"US","USA","US-TX"
84048027,"US","USA",840,48027,"Bell","Texas","US",31.0374,-97.4785,"Bell, Texas, US",0,0,2020-02-06,0,0,FALSE,TRUE,"US","USA","US-TX"
84048027,"US","USA",840,48027,"Bell","Texas","US",31.0374,-97.4785,"Bell, Texas, US",0,0,2020-02-07,0,0,FALSE,TRUE,"US","USA","US-TX"
84048027,"US","USA",840,48027,"Bell","Texas","US",31.0374,-97.4785,"Bell, Texas, US",0,0,2020-02-08,0,0,FALSE,TRUE,"US","USA","US-TX"
84048027,"US","USA",840,48027,"Bell","Texas","US",31.0374,-97.4785,"Bell, Texas, US",0,0,2020-02-09,0,0,FALSE,TRUE,"US","USA","US-TX"
84048027,"US","USA",840,48027,"Bell","Texas","US",31.0374,-97.4785,"Bell, Texas, US",0,0,2020-02-10,0,0,FALSE,TRUE,"US","USA","US-TX"
84048027,"US","USA",840,48027,"Bell","Texas","US",31.0374,-97.4785,"Bell, Texas, US",0,0,2020-02-11,0,0,FALSE,TRUE,"US","USA","US-TX"
84048027,"US","USA",840,48027,"Bell","Texas","US",31.0374,-97.4785,"Bell, Texas, US",0,0,2020-02-12,0,0,FALSE,TRUE,"US","USA","US-TX"
84048027,"US","USA",840,48027,"Bell","Texas","US",31.0374,-97.4785,"Bell, Texas, US",0,0,2020-02-13,0,0,FALSE,TRUE,"US","USA","US-TX"
84048027,"US","USA",840,48027,"Bell","Texas","US",31.0374,-97.4785,"Bell, Texas, US",0,0,2020-02-14,0,0,FALSE,TRUE,"US","USA","US-TX"
84048027,"US","USA",840,48027,"Bell","Texas","US",31.0374,-97.4785,"Bell, Texas, US",0,0,2020-02-15,0,0,FALSE,TRUE,"US","USA","US-TX"
84048027,"US","USA",840,48027,"Bell","Texas","US",31.0374,-97.4785,"Bell, Texas, US",0,0,2020-02-16,0,0,FALSE,TRUE,"US","USA","US-TX"
84048027,"US","USA",840,48027,"Bell","Texas","US",31.0374,-97.4785,"Bell, Texas, US",0,0,2020-02-17,0,0,FALSE,TRUE,"US","USA","US-TX"
84048027,"US","USA",840,48027,"Bell","Texas","US",31.0374,-97.4785,"Bell, Texas, US",0,0,2020-02-18,0,0,FALSE,TRUE,"US","USA","US-TX"
84048027,"US","USA",840,48027,"Bell","Texas","US",31.0374,-97.4785,"Bell, Texas, US",0,0,2020-02-19,0,0,FALSE,TRUE,"US","USA","US-TX"
84048027,"US","USA",840,48027,"Bell","Texas","US",31.0374,-97.4785,"Bell, Texas, US",0,0,2020-02-20,0,0,FALSE,TRUE,"US","USA","US-TX"
84048027,"US","USA",840,48027,"Bell","Texas","US",31.0374,-97.4785,"Bell, Texas, US",0,0,2020-02-21,0,0,FALSE,TRUE,"US","USA","US-TX"
84048027,"US","USA",840,48027,"Bell","Texas","US",31.0374,-97.4785,"Bell, Texas, US",0,0,2020-02-22,0,0,FALSE,TRUE,"US","USA","US-TX"
84048027,"US","USA",840,48027,"Bell","Texas","US",31.0374,-97.4785,"Bell, Texas, US",0,0,2020-02-23,0,0,FALSE,TRUE,"US","USA","US-TX"
84048027,"US","USA",840,48027,"Bell","Texas","US",31.0374,-97.4785,"Bell, Texas, US",0,0,2020-02-24,0,0,FALSE,TRUE,"US","USA","US-TX"
84048027,"US","USA",840,48027,"Bell","Texas","US",31.0374,-97.4785,"Bell, Texas, US",0,0,2020-02-25,0,0,FALSE,TRUE,"US","USA","US-TX"
84048027,"US","USA",840,48027,"Bell","Texas","US",31.0374,-97.4785,"Bell, Texas, US",0,0,2020-02-26,0,0,FALSE,TRUE,"US","USA","US-TX"
84048027,"US","USA",840,48027,"Bell","Texas","US",31.0374,-97.4785,"Bell, Texas, US",0,0,2020-02-27,0,0,FALSE,TRUE,"US","USA","US-TX"
84048027,"US","USA",840,48027,"Bell","Texas","US",31.0374,-97.4785,"Bell, Texas, US",0,0,2020-02-28,0,0,FALSE,TRUE,"US","USA","US-TX"
84048027,"US","USA",840,48027,"Bell","Texas","US",31.0374,-97.4785,"Bell, Texas, US",0,0,2020-02-29,0,0,FALSE,TRUE,"US","USA","US-TX"
84048027,"US","USA",840,48027,"Bell","Texas","US",31.0374,-97.4785,"Bell, Texas, US",0,0,2020-03-01,0,0,FALSE,TRUE,"US","USA","US-TX"
84048027,"US","USA",840,48027,"Bell","Texas","US",31.0374,-97.4785,"Bell, Texas, US",0,0,2020-03-02,0,0,FALSE,TRUE,"US","USA","US-TX"
84048027,"US","USA",840,48027,"Bell","Texas","US",31.0374,-97.4785,"Bell, Texas, US",0,0,2020-03-03,0,0,FALSE,TRUE,"US","USA","US-TX"
84048027,"US","USA",840,48027,"Bell","Texas","US",31.0374,-97.4785,"Bell, Texas, US",0,0,2020-03-04,0,0,FALSE,TRUE,"US","USA","US-TX"
84048027,"US","USA",840,48027,"Bell","Texas","US",31.0374,-97.4785,"Bell, Texas, US",0,0,2020-03-05,0,0,FALSE,TRUE,"US","USA","US-TX"
84048027,"US","USA",840,48027,"Bell","Texas","US",31.0374,-97.4785,"Bell, Texas, US",0,0,2020-03-06,0,0,FALSE,TRUE,"US","USA","US-TX"
84048027,"US","USA",840,48027,"Bell","Texas","US",31.0374,-97.4785,"Bell, Texas, US",0,0,2020-03-07,0,0,FALSE,TRUE,"US","USA","US-TX"
84048027,"US","USA",840,48027,"Bell","Texas","US",31.0374,-97.4785,"Bell, Texas, US",0,0,2020-03-08,0,0,FALSE,TRUE,"US","USA","US-TX"
84048027,"US","USA",840,48027,"Bell","Texas","US",31.0374,-97.4785,"Bell, Texas, US",0,0,2020-03-09,0,0,FALSE,TRUE,"US","USA","US-TX"
84048027,"US","USA",840,48027,"Bell","Texas","US",31.0374,-97.4785,"Bell, Texas, US",0,0,2020-03-10,0,0,FALSE,TRUE,"US","USA","US-TX"
84048027,"US","USA",840,48027,"Bell","Texas","US",31.0374,-97.4785,"Bell, Texas, US",0,0,2020-03-11,0,0,FALSE,TRUE,"US","USA","US-TX"
84048027,"US","USA",840,48027,"Bell","Texas","US",31.0374,-97.4785,"Bell, Texas, US",0,0,2020-03-12,0,0,FALSE,TRUE,"US","USA","US-TX"
84048027,"US","USA",840,48027,"Bell","Texas","US",31.0374,-97.4785,"Bell, Texas, US",0,0,2020-03-13,0,0,FALSE,TRUE,"US","USA","US-TX"
84048027,"US","USA",840,48027,"Bell","Texas","US",31.0374,-97.4785,"Bell, Texas, US",1,0,2020-03-14,1,0,FALSE,TRUE,"US","USA","US-TX"
84048027,"US","USA",840,48027,"Bell","Texas","US",31.0374,-97.4785,"Bell, Texas, US",1,0,2020-03-15,0,0,FALSE,TRUE,"US","USA","US-TX"
84048027,"US","USA",840,48027,"Bell","Texas","US",31.0374,-97.4785,"Bell, Texas, US",2,0,2020-03-16,1,0,FALSE,TRUE,"US","USA","US-TX"
84048027,"US","USA",840,48027,"Bell","Texas","US",31.0374,-97.4785,"Bell, Texas, US",2,0,2020-03-17,0,0,FALSE,TRUE,"US","USA","US-TX"
84048027,"US","USA",840,48027,"Bell","Texas","US",31.0374,-97.4785,"Bell, Texas, US",3,0,2020-03-18,1,0,FALSE,TRUE,"US","USA","US-TX"
84048027,"US","USA",840,48027,"Bell","Texas","US",31.0374,-97.4785,"Bell, Texas, US",6,0,2020-03-19,3,0,FALSE,TRUE,"US","USA","US-TX"
84048027,"US","USA",840,48027,"Bell","Texas","US",31.0374,-97.4785,"Bell, Texas, US",7,0,2020-03-20,1,0,FALSE,TRUE,"US","USA","US-TX"
84048027,"US","USA",840,48027,"Bell","Texas","US",31.0374,-97.4785,"Bell, Texas, US",8,0,2020-03-21,1,0,FALSE,TRUE,"US","USA","US-TX"
84048027,"US","USA",840,48027,"Bell","Texas","US",31.0374,-97.4785,"Bell, Texas, US",10,0,2020-03-22,2,0,FALSE,TRUE,"US","USA","US-TX"
84048027,"US","USA",840,48027,"Bell","Texas","US",31.0374,-97.4785,"Bell, Texas, US",16,0,2020-03-23,6,0,FALSE,TRUE,"US","USA","US-TX"
84048027,"US","USA",840,48027,"Bell","Texas","US",31.0374,-97.4785,"Bell, Texas, US",18,0,2020-03-24,2,0,FALSE,TRUE,"US","USA","US-TX"
84048027,"US","USA",840,48027,"Bell","Texas","US",31.0374,-97.4785,"Bell, Texas, US",19,0,2020-03-25,1,0,FALSE,TRUE,"US","USA","US-TX"
84048027,"US","USA",840,48027,"Bell","Texas","US",31.0374,-97.4785,"Bell, Texas, US",20,1,2020-03-26,1,1,FALSE,TRUE,"US","USA","US-TX"
84048027,"US","USA",840,48027,"Bell","Texas","US",31.0374,-97.4785,"Bell, Texas, US",25,1,2020-03-27,5,0,FALSE,TRUE,"US","USA","US-TX"
84048027,"US","USA",840,48027,"Bell","Texas","US",31.0374,-97.4785,"Bell, Texas, US",28,1,2020-03-28,3,0,FALSE,TRUE,"US","USA","US-TX"
84048027,"US","USA",840,48027,"Bell","Texas","US",31.0374,-97.4785,"Bell, Texas, US",28,1,2020-03-29,0,0,FALSE,TRUE,"US","USA","US-TX"
84048027,"US","USA",840,48027,"Bell","Texas","US",31.0374,-97.4785,"Bell, Texas, US",36,1,2020-03-30,8,0,FALSE,TRUE,"US","USA","US-TX"
84048027,"US","USA",840,48027,"Bell","Texas","US",31.0374,-97.4785,"Bell, Texas, US",44,1,2020-03-31,8,0,FALSE,TRUE,"US","USA","US-TX"
84048027,"US","USA",840,48027,"Bell","Texas","US",31.0374,-97.4785,"Bell, Texas, US",46,1,2020-04-01,2,0,FALSE,TRUE,"US","USA","US-TX"
84048027,"US","USA",840,48027,"Bell","Texas","US",31.0374,-97.4785,"Bell, Texas, US",51,1,2020-04-02,5,0,FALSE,TRUE,"US","USA","US-TX"
84048027,"US","USA",840,48027,"Bell","Texas","US",31.0374,-97.4785,"Bell, Texas, US",51,1,2020-04-03,0,0,FALSE,TRUE,"US","USA","US-TX"
84048027,"US","USA",840,48027,"Bell","Texas","US",31.0374,-97.4785,"Bell, Texas, US",58,1,2020-04-04,7,0,FALSE,TRUE,"US","USA","US-TX"
84048027,"US","USA",840,48027,"Bell","Texas","US",31.0374,-97.4785,"Bell, Texas, US",58,1,2020-04-05,0,0,FALSE,TRUE,"US","USA","US-TX"
84048027,"US","USA",840,48027,"Bell","Texas","US",31.0374,-97.4785,"Bell, Texas, US",68,2,2020-04-06,10,1,FALSE,TRUE,"US","USA","US-TX"
84048027,"US","USA",840,48027,"Bell","Texas","US",31.0374,-97.4785,"Bell, Texas, US",71,2,2020-04-07,3,0,FALSE,TRUE,"US","USA","US-TX"
84048027,"US","USA",840,48027,"Bell","Texas","US",31.0374,-97.4785,"Bell, Texas, US",74,2,2020-04-08,3,0,FALSE,TRUE,"US","USA","US-TX"
84048027,"US","USA",840,48027,"Bell","Texas","US",31.0374,-97.4785,"Bell, Texas, US",84,3,2020-04-09,10,1,FALSE,TRUE,"US","USA","US-TX"
84048027,"US","USA",840,48027,"Bell","Texas","US",31.0374,-97.4785,"Bell, Texas, US",84,3,2020-04-10,0,0,FALSE,TRUE,"US","USA","US-TX"
84048027,"US","USA",840,48027,"Bell","Texas","US",31.0374,-97.4785,"Bell, Texas, US",91,3,2020-04-11,7,0,FALSE,TRUE,"US","USA","US-TX"
84048027,"US","USA",840,48027,"Bell","Texas","US",31.0374,-97.4785,"Bell, Texas, US",101,3,2020-04-12,10,0,FALSE,TRUE,"US","USA","US-TX"
84048027,"US","USA",840,48027,"Bell","Texas","US",31.0374,-97.4785,"Bell, Texas, US",101,3,2020-04-13,0,0,FALSE,TRUE,"US","USA","US-TX"
84048027,"US","USA",840,48027,"Bell","Texas","US",31.0374,-97.4785,"Bell, Texas, US",107,3,2020-04-14,6,0,FALSE,TRUE,"US","USA","US-TX"
84048027,"US","USA",840,48027,"Bell","Texas","US",31.0374,-97.4785,"Bell, Texas, US",110,3,2020-04-15,3,0,FALSE,TRUE,"US","USA","US-TX"
84048027,"US","USA",840,48027,"Bell","Texas","US",31.0374,-97.4785,"Bell, Texas, US",115,3,2020-04-16,5,0,FALSE,TRUE,"US","USA","US-TX"
84048027,"US","USA",840,48027,"Bell","Texas","US",31.0374,-97.4785,"Bell, Texas, US",124,3,2020-04-17,9,0,FALSE,TRUE,"US","USA","US-TX"
84048027,"US","USA",840,48027,"Bell","Texas","US",31.0374,-97.4785,"Bell, Texas, US",126,3,2020-04-18,2,0,FALSE,TRUE,"US","USA","US-TX"
84048027,"US","USA",840,48027,"Bell","Texas","US",31.0374,-97.4785,"Bell, Texas, US",126,3,2020-04-19,0,0,FALSE,TRUE,"US","USA","US-TX"
84048027,"US","USA",840,48027,"Bell","Texas","US",31.0374,-97.4785,"Bell, Texas, US",126,3,2020-04-20,0,0,FALSE,TRUE,"US","USA","US-TX"
84048027,"US","USA",840,48027,"Bell","Texas","US",31.0374,-97.4785,"Bell, Texas, US",135,3,2020-04-21,9,0,FALSE,TRUE,"US","USA","US-TX"
84048027,"US","USA",840,48027,"Bell","Texas","US",31.0374,-97.4785,"Bell, Texas, US",145,3,2020-04-22,10,0,FALSE,TRUE,"US","USA","US-TX"
84048027,"US","USA",840,48027,"Bell","Texas","US",31.0374,-97.4785,"Bell, Texas, US",153,3,2020-04-23,8,0,FALSE,TRUE,"US","USA","US-TX"
84048027,"US","USA",840,48027,"Bell","Texas","US",31.0374,-97.4785,"Bell, Texas, US",161,3,2020-04-24,8,0,FALSE,TRUE,"US","USA","US-TX"
84048027,"US","USA",840,48027,"Bell","Texas","US",31.0374,-97.4785,"Bell, Texas, US",165,3,2020-04-25,4,0,FALSE,TRUE,"US","USA","US-TX"
84048027,"US","USA",840,48027,"Bell","Texas","US",31.0374,-97.4785,"Bell, Texas, US",165,3,2020-04-26,0,0,FALSE,TRUE,"US","USA","US-TX"
84048027,"US","USA",840,48027,"Bell","Texas","US",31.0374,-97.4785,"Bell, Texas, US",165,3,2020-04-27,0,0,FALSE,TRUE,"US","USA","US-TX"
84048027,"US","USA",840,48027,"Bell","Texas","US",31.0374,-97.4785,"Bell, Texas, US",173,3,2020-04-28,8,0,FALSE,TRUE,"US","USA","US-TX"
84048027,"US","USA",840,48027,"Bell","Texas","US",31.0374,-97.4785,"Bell, Texas, US",180,3,2020-04-29,7,0,FALSE,TRUE,"US","USA","US-TX"
84048027,"US","USA",840,48027,"Bell","Texas","US",31.0374,-97.4785,"Bell, Texas, US",189,3,2020-04-30,9,0,FALSE,TRUE,"US","USA","US-TX"
84048027,"US","USA",840,48027,"Bell","Texas","US",31.0374,-97.4785,"Bell, Texas, US",189,3,2020-05-01,0,0,FALSE,TRUE,"US","USA","US-TX"
84048027,"US","USA",840,48027,"Bell","Texas","US",31.0374,-97.4785,"Bell, Texas, US",193,3,2020-05-02,4,0,FALSE,TRUE,"US","USA","US-TX"
84048027,"US","USA",840,48027,"Bell","Texas","US",31.0374,-97.4785,"Bell, Texas, US",194,3,2020-05-03,1,0,FALSE,TRUE,"US","USA","US-TX"
84048027,"US","USA",840,48027,"Bell","Texas","US",31.0374,-97.4785,"Bell, Texas, US",194,3,2020-05-04,0,0,FALSE,TRUE,"US","USA","US-TX"
84048027,"US","USA",840,48027,"Bell","Texas","US",31.0374,-97.4785,"Bell, Texas, US",210,3,2020-05-05,16,0,FALSE,TRUE,"US","USA","US-TX"
84048027,"US","USA",840,48027,"Bell","Texas","US",31.0374,-97.4785,"Bell, Texas, US",210,3,2020-05-06,0,0,FALSE,TRUE,"US","USA","US-TX"
84048027,"US","USA",840,48027,"Bell","Texas","US",31.0374,-97.4785,"Bell, Texas, US",213,3,2020-05-07,3,0,FALSE,TRUE,"US","USA","US-TX"
84048027,"US","USA",840,48027,"Bell","Texas","US",31.0374,-97.4785,"Bell, Texas, US",218,3,2020-05-08,5,0,FALSE,TRUE,"US","USA","US-TX"
84048027,"US","USA",840,48027,"Bell","Texas","US",31.0374,-97.4785,"Bell, Texas, US",220,3,2020-05-09,2,0,FALSE,TRUE,"US","USA","US-TX"
84048027,"US","USA",840,48027,"Bell","Texas","US",31.0374,-97.4785,"Bell, Texas, US",220,3,2020-05-10,0,0,FALSE,TRUE,"US","USA","US-TX"
84048027,"US","USA",840,48027,"Bell","Texas","US",31.0374,-97.4785,"Bell, Texas, US",220,3,2020-05-11,0,0,FALSE,TRUE,"US","USA","US-TX"
84048027,"US","USA",840,48027,"Bell","Texas","US",31.0374,-97.4785,"Bell, Texas, US",223,3,2020-05-12,3,0,FALSE,TRUE,"US","USA","US-TX"
84048027,"US","USA",840,48027,"Bell","Texas","US",31.0374,-97.4785,"Bell, Texas, US",231,3,2020-05-13,8,0,FALSE,TRUE,"US","USA","US-TX"
84048027,"US","USA",840,48027,"Bell","Texas","US",31.0374,-97.4785,"Bell, Texas, US",237,3,2020-05-14,6,0,FALSE,TRUE,"US","USA","US-TX"
84048027,"US","USA",840,48027,"Bell","Texas","US",31.0374,-97.4785,"Bell, Texas, US",242,3,2020-05-15,5,0,FALSE,TRUE,"US","USA","US-TX"
84048027,"US","USA",840,48027,"Bell","Texas","US",31.0374,-97.4785,"Bell, Texas, US",248,3,2020-05-16,6,0,FALSE,TRUE,"US","USA","US-TX"
84048027,"US","USA",840,48027,"Bell","Texas","US",31.0374,-97.4785,"Bell, Texas, US",248,3,2020-05-17,0,0,FALSE,TRUE,"US","USA","US-TX"
84048027,"US","USA",840,48027,"Bell","Texas","US",31.0374,-97.4785,"Bell, Texas, US",248,3,2020-05-18,0,0,FALSE,TRUE,"US","USA","US-TX"
84048027,"US","USA",840,48027,"Bell","Texas","US",31.0374,-97.4785,"Bell, Texas, US",260,3,2020-05-19,12,0,FALSE,TRUE,"US","USA","US-TX"
84048027,"US","USA",840,48027,"Bell","Texas","US",31.0374,-97.4785,"Bell, Texas, US",267,3,2020-05-20,7,0,FALSE,TRUE,"US","USA","US-TX"
84048027,"US","USA",840,48027,"Bell","Texas","US",31.0374,-97.4785,"Bell, Texas, US",282,3,2020-05-21,15,0,FALSE,TRUE,"US","USA","US-TX"
84048027,"US","USA",840,48027,"Bell","Texas","US",31.0374,-97.4785,"Bell, Texas, US",282,3,2020-05-22,0,0,FALSE,TRUE,"US","USA","US-TX"
84048027,"US","USA",840,48027,"Bell","Texas","US",31.0374,-97.4785,"Bell, Texas, US",282,3,2020-05-23,0,0,FALSE,TRUE,"US","USA","US-TX"
84048027,"US","USA",840,48027,"Bell","Texas","US",31.0374,-97.4785,"Bell, Texas, US",298,3,2020-05-24,16,0,FALSE,TRUE,"US","USA","US-TX"
84048027,"US","USA",840,48027,"Bell","Texas","US",31.0374,-97.4785,"Bell, Texas, US",298,3,2020-05-25,0,0,FALSE,TRUE,"US","USA","US-TX"
84048027,"US","USA",840,48027,"Bell","Texas","US",31.0374,-97.4785,"Bell, Texas, US",298,3,2020-05-26,0,0,FALSE,TRUE,"US","USA","US-TX"
84048027,"US","USA",840,48027,"Bell","Texas","US",31.0374,-97.4785,"Bell, Texas, US",329,3,2020-05-27,31,0,FALSE,TRUE,"US","USA","US-TX"
84048027,"US","USA",840,48027,"Bell","Texas","US",31.0374,-97.4785,"Bell, Texas, US",335,3,2020-05-28,6,0,FALSE,TRUE,"US","USA","US-TX"
84048027,"US","USA",840,48027,"Bell","Texas","US",31.0374,-97.4785,"Bell, Texas, US",335,3,2020-05-29,0,0,FALSE,TRUE,"US","USA","US-TX"
84048027,"US","USA",840,48027,"Bell","Texas","US",31.0374,-97.4785,"Bell, Texas, US",356,3,2020-05-30,21,0,FALSE,TRUE,"US","USA","US-TX"
