"UID","iso2","iso3","code3","FIPS","Admin2","Province.State","Country.Region","Lat","Long","Combined_Key","confirmed","deaths","date","confirmed_new","deaths_new","hasErrors","hasParent","country_code","country_code3","territory_code"
84048291,"US","USA",840,48291,"Liberty","Texas","US",30.1515,-94.8121,"Liberty, Texas, US",0,0,2020-01-22,0,0,FALSE,TRUE,"US","USA","US-TX"
84048291,"US","USA",840,48291,"Liberty","Texas","US",30.1515,-94.8121,"Liberty, Texas, US",0,0,2020-01-23,0,0,FALSE,TRUE,"US","USA","US-TX"
84048291,"US","USA",840,48291,"Liberty","Texas","US",30.1515,-94.8121,"Liberty, Texas, US",0,0,2020-01-24,0,0,FALSE,TRUE,"US","USA","US-TX"
84048291,"US","USA",840,48291,"Liberty","Texas","US",30.1515,-94.8121,"Liberty, Texas, US",0,0,2020-01-25,0,0,FALSE,TRUE,"US","USA","US-TX"
84048291,"US","USA",840,48291,"Liberty","Texas","US",30.1515,-94.8121,"Liberty, Texas, US",0,0,2020-01-26,0,0,FALSE,TRUE,"US","USA","US-TX"
84048291,"US","USA",840,48291,"Liberty","Texas","US",30.1515,-94.8121,"Liberty, Texas, US",0,0,2020-01-27,0,0,FALSE,TRUE,"US","USA","US-TX"
84048291,"US","USA",840,48291,"Liberty","Texas","US",30.1515,-94.8121,"Liberty, Texas, US",0,0,2020-01-28,0,0,FALSE,TRUE,"US","USA","US-TX"
84048291,"US","USA",840,48291,"Liberty","Texas","US",30.1515,-94.8121,"Liberty, Texas, US",0,0,2020-01-29,0,0,FALSE,TRUE,"US","USA","US-TX"
84048291,"US","USA",840,48291,"Liberty","Texas","US",30.1515,-94.8121,"Liberty, Texas, US",0,0,2020-01-30,0,0,FALSE,TRUE,"US","USA","US-TX"
84048291,"US","USA",840,48291,"Liberty","Texas","US",30.1515,-94.8121,"Liberty, Texas, US",0,0,2020-01-31,0,0,FALSE,TRUE,"US","USA","US-TX"
84048291,"US","USA",840,48291,"Liberty","Texas","US",30.1515,-94.8121,"Liberty, Texas, US",0,0,2020-02-01,0,0,FALSE,TRUE,"US","USA","US-TX"
84048291,"US","USA",840,48291,"Liberty","Texas","US",30.1515,-94.8121,"Liberty, Texas, US",0,0,2020-02-02,0,0,FALSE,TRUE,"US","USA","US-TX"
84048291,"US","USA",840,48291,"Liberty","Texas","US",30.1515,-94.8121,"Liberty, Texas, US",0,0,2020-02-03,0,0,FALSE,TRUE,"US","USA","US-TX"
84048291,"US","USA",840,48291,"Liberty","Texas","US",30.1515,-94.8121,"Liberty, Texas, US",0,0,2020-02-04,0,0,FALSE,TRUE,"US","USA","US-TX"
84048291,"US","USA",840,48291,"Liberty","Texas","US",30.1515,-94.8121,"Liberty, Texas, US",0,0,2020-02-05,0,0,FALSE,TRUE,"US","USA","US-TX"
84048291,"US","USA",840,48291,"Liberty","Texas","US",30.1515,-94.8121,"Liberty, Texas, US",0,0,2020-02-06,0,0,FALSE,TRUE,"US","USA","US-TX"
84048291,"US","USA",840,48291,"Liberty","Texas","US",30.1515,-94.8121,"Liberty, Texas, US",0,0,2020-02-07,0,0,FALSE,TRUE,"US","USA","US-TX"
84048291,"US","USA",840,48291,"Liberty","Texas","US",30.1515,-94.8121,"Liberty, Texas, US",0,0,2020-02-08,0,0,FALSE,TRUE,"US","USA","US-TX"
84048291,"US","USA",840,48291,"Liberty","Texas","US",30.1515,-94.8121,"Liberty, Texas, US",0,0,2020-02-09,0,0,FALSE,TRUE,"US","USA","US-TX"
84048291,"US","USA",840,48291,"Liberty","Texas","US",30.1515,-94.8121,"Liberty, Texas, US",0,0,2020-02-10,0,0,FALSE,TRUE,"US","USA","US-TX"
84048291,"US","USA",840,48291,"Liberty","Texas","US",30.1515,-94.8121,"Liberty, Texas, US",0,0,2020-02-11,0,0,FALSE,TRUE,"US","USA","US-TX"
84048291,"US","USA",840,48291,"Liberty","Texas","US",30.1515,-94.8121,"Liberty, Texas, US",0,0,2020-02-12,0,0,FALSE,TRUE,"US","USA","US-TX"
84048291,"US","USA",840,48291,"Liberty","Texas","US",30.1515,-94.8121,"Liberty, Texas, US",0,0,2020-02-13,0,0,FALSE,TRUE,"US","USA","US-TX"
84048291,"US","USA",840,48291,"Liberty","Texas","US",30.1515,-94.8121,"Liberty, Texas, US",0,0,2020-02-14,0,0,FALSE,TRUE,"US","USA","US-TX"
84048291,"US","USA",840,48291,"Liberty","Texas","US",30.1515,-94.8121,"Liberty, Texas, US",0,0,2020-02-15,0,0,FALSE,TRUE,"US","USA","US-TX"
84048291,"US","USA",840,48291,"Liberty","Texas","US",30.1515,-94.8121,"Liberty, Texas, US",0,0,2020-02-16,0,0,FALSE,TRUE,"US","USA","US-TX"
84048291,"US","USA",840,48291,"Liberty","Texas","US",30.1515,-94.8121,"Liberty, Texas, US",0,0,2020-02-17,0,0,FALSE,TRUE,"US","USA","US-TX"
84048291,"US","USA",840,48291,"Liberty","Texas","US",30.1515,-94.8121,"Liberty, Texas, US",0,0,2020-02-18,0,0,FALSE,TRUE,"US","USA","US-TX"
84048291,"US","USA",840,48291,"Liberty","Texas","US",30.1515,-94.8121,"Liberty, Texas, US",0,0,2020-02-19,0,0,FALSE,TRUE,"US","USA","US-TX"
84048291,"US","USA",840,48291,"Liberty","Texas","US",30.1515,-94.8121,"Liberty, Texas, US",0,0,2020-02-20,0,0,FALSE,TRUE,"US","USA","US-TX"
84048291,"US","USA",840,48291,"Liberty","Texas","US",30.1515,-94.8121,"Liberty, Texas, US",0,0,2020-02-21,0,0,FALSE,TRUE,"US","USA","US-TX"
84048291,"US","USA",840,48291,"Liberty","Texas","US",30.1515,-94.8121,"Liberty, Texas, US",0,0,2020-02-22,0,0,FALSE,TRUE,"US","USA","US-TX"
84048291,"US","USA",840,48291,"Liberty","Texas","US",30.1515,-94.8121,"Liberty, Texas, US",0,0,2020-02-23,0,0,FALSE,TRUE,"US","USA","US-TX"
84048291,"US","USA",840,48291,"Liberty","Texas","US",30.1515,-94.8121,"Liberty, Texas, US",0,0,2020-02-24,0,0,FALSE,TRUE,"US","USA","US-TX"
84048291,"US","USA",840,48291,"Liberty","Texas","US",30.1515,-94.8121,"Liberty, Texas, US",0,0,2020-02-25,0,0,FALSE,TRUE,"US","USA","US-TX"
84048291,"US","USA",840,48291,"Liberty","Texas","US",30.1515,-94.8121,"Liberty, Texas, US",0,0,2020-02-26,0,0,FALSE,TRUE,"US","USA","US-TX"
84048291,"US","USA",840,48291,"Liberty","Texas","US",30.1515,-94.8121,"Liberty, Texas, US",0,0,2020-02-27,0,0,FALSE,TRUE,"US","USA","US-TX"
84048291,"US","USA",840,48291,"Liberty","Texas","US",30.1515,-94.8121,"Liberty, Texas, US",0,0,2020-02-28,0,0,FALSE,TRUE,"US","USA","US-TX"
84048291,"US","USA",840,48291,"Liberty","Texas","US",30.1515,-94.8121,"Liberty, Texas, US",0,0,2020-02-29,0,0,FALSE,TRUE,"US","USA","US-TX"
84048291,"US","USA",840,48291,"Liberty","Texas","US",30.1515,-94.8121,"Liberty, Texas, US",0,0,2020-03-01,0,0,FALSE,TRUE,"US","USA","US-TX"
84048291,"US","USA",840,48291,"Liberty","Texas","US",30.1515,-94.8121,"Liberty, Texas, US",0,0,2020-03-02,0,0,FALSE,TRUE,"US","USA","US-TX"
84048291,"US","USA",840,48291,"Liberty","Texas","US",30.1515,-94.8121,"Liberty, Texas, US",0,0,2020-03-03,0,0,FALSE,TRUE,"US","USA","US-TX"
84048291,"US","USA",840,48291,"Liberty","Texas","US",30.1515,-94.8121,"Liberty, Texas, US",0,0,2020-03-04,0,0,FALSE,TRUE,"US","USA","US-TX"
84048291,"US","USA",840,48291,"Liberty","Texas","US",30.1515,-94.8121,"Liberty, Texas, US",0,0,2020-03-05,0,0,FALSE,TRUE,"US","USA","US-TX"
84048291,"US","USA",840,48291,"Liberty","Texas","US",30.1515,-94.8121,"Liberty, Texas, US",0,0,2020-03-06,0,0,FALSE,TRUE,"US","USA","US-TX"
84048291,"US","USA",840,48291,"Liberty","Texas","US",30.1515,-94.8121,"Liberty, Texas, US",0,0,2020-03-07,0,0,FALSE,TRUE,"US","USA","US-TX"
84048291,"US","USA",840,48291,"Liberty","Texas","US",30.1515,-94.8121,"Liberty, Texas, US",0,0,2020-03-08,0,0,FALSE,TRUE,"US","USA","US-TX"
84048291,"US","USA",840,48291,"Liberty","Texas","US",30.1515,-94.8121,"Liberty, Texas, US",0,0,2020-03-09,0,0,FALSE,TRUE,"US","USA","US-TX"
84048291,"US","USA",840,48291,"Liberty","Texas","US",30.1515,-94.8121,"Liberty, Texas, US",0,0,2020-03-10,0,0,FALSE,TRUE,"US","USA","US-TX"
84048291,"US","USA",840,48291,"Liberty","Texas","US",30.1515,-94.8121,"Liberty, Texas, US",0,0,2020-03-11,0,0,FALSE,TRUE,"US","USA","US-TX"
84048291,"US","USA",840,48291,"Liberty","Texas","US",30.1515,-94.8121,"Liberty, Texas, US",0,0,2020-03-12,0,0,FALSE,TRUE,"US","USA","US-TX"
84048291,"US","USA",840,48291,"Liberty","Texas","US",30.1515,-94.8121,"Liberty, Texas, US",0,0,2020-03-13,0,0,FALSE,TRUE,"US","USA","US-TX"
84048291,"US","USA",840,48291,"Liberty","Texas","US",30.1515,-94.8121,"Liberty, Texas, US",0,0,2020-03-14,0,0,FALSE,TRUE,"US","USA","US-TX"
84048291,"US","USA",840,48291,"Liberty","Texas","US",30.1515,-94.8121,"Liberty, Texas, US",0,0,2020-03-15,0,0,FALSE,TRUE,"US","USA","US-TX"
84048291,"US","USA",840,48291,"Liberty","Texas","US",30.1515,-94.8121,"Liberty, Texas, US",0,0,2020-03-16,0,0,FALSE,TRUE,"US","USA","US-TX"
84048291,"US","USA",840,48291,"Liberty","Texas","US",30.1515,-94.8121,"Liberty, Texas, US",0,0,2020-03-17,0,0,FALSE,TRUE,"US","USA","US-TX"
84048291,"US","USA",840,48291,"Liberty","Texas","US",30.1515,-94.8121,"Liberty, Texas, US",0,0,2020-03-18,0,0,FALSE,TRUE,"US","USA","US-TX"
84048291,"US","USA",840,48291,"Liberty","Texas","US",30.1515,-94.8121,"Liberty, Texas, US",0,0,2020-03-19,0,0,FALSE,TRUE,"US","USA","US-TX"
84048291,"US","USA",840,48291,"Liberty","Texas","US",30.1515,-94.8121,"Liberty, Texas, US",0,0,2020-03-20,0,0,FALSE,TRUE,"US","USA","US-TX"
84048291,"US","USA",840,48291,"Liberty","Texas","US",30.1515,-94.8121,"Liberty, Texas, US",0,0,2020-03-21,0,0,FALSE,TRUE,"US","USA","US-TX"
84048291,"US","USA",840,48291,"Liberty","Texas","US",30.1515,-94.8121,"Liberty, Texas, US",1,0,2020-03-22,1,0,FALSE,TRUE,"US","USA","US-TX"
84048291,"US","USA",840,48291,"Liberty","Texas","US",30.1515,-94.8121,"Liberty, Texas, US",1,0,2020-03-23,0,0,FALSE,TRUE,"US","USA","US-TX"
84048291,"US","USA",840,48291,"Liberty","Texas","US",30.1515,-94.8121,"Liberty, Texas, US",1,0,2020-03-24,0,0,FALSE,TRUE,"US","USA","US-TX"
84048291,"US","USA",840,48291,"Liberty","Texas","US",30.1515,-94.8121,"Liberty, Texas, US",1,0,2020-03-25,0,0,FALSE,TRUE,"US","USA","US-TX"
84048291,"US","USA",840,48291,"Liberty","Texas","US",30.1515,-94.8121,"Liberty, Texas, US",1,0,2020-03-26,0,0,FALSE,TRUE,"US","USA","US-TX"
84048291,"US","USA",840,48291,"Liberty","Texas","US",30.1515,-94.8121,"Liberty, Texas, US",2,0,2020-03-27,1,0,FALSE,TRUE,"US","USA","US-TX"
84048291,"US","USA",840,48291,"Liberty","Texas","US",30.1515,-94.8121,"Liberty, Texas, US",2,0,2020-03-28,0,0,FALSE,TRUE,"US","USA","US-TX"
84048291,"US","USA",840,48291,"Liberty","Texas","US",30.1515,-94.8121,"Liberty, Texas, US",2,0,2020-03-29,0,0,FALSE,TRUE,"US","USA","US-TX"
84048291,"US","USA",840,48291,"Liberty","Texas","US",30.1515,-94.8121,"Liberty, Texas, US",2,0,2020-03-30,0,0,FALSE,TRUE,"US","USA","US-TX"
84048291,"US","USA",840,48291,"Liberty","Texas","US",30.1515,-94.8121,"Liberty, Texas, US",2,0,2020-03-31,0,0,FALSE,TRUE,"US","USA","US-TX"
84048291,"US","USA",840,48291,"Liberty","Texas","US",30.1515,-94.8121,"Liberty, Texas, US",3,0,2020-04-01,1,0,FALSE,TRUE,"US","USA","US-TX"
84048291,"US","USA",840,48291,"Liberty","Texas","US",30.1515,-94.8121,"Liberty, Texas, US",3,0,2020-04-02,0,0,FALSE,TRUE,"US","USA","US-TX"
84048291,"US","USA",840,48291,"Liberty","Texas","US",30.1515,-94.8121,"Liberty, Texas, US",5,0,2020-04-03,2,0,FALSE,TRUE,"US","USA","US-TX"
84048291,"US","USA",840,48291,"Liberty","Texas","US",30.1515,-94.8121,"Liberty, Texas, US",5,0,2020-04-04,0,0,FALSE,TRUE,"US","USA","US-TX"
84048291,"US","USA",840,48291,"Liberty","Texas","US",30.1515,-94.8121,"Liberty, Texas, US",6,0,2020-04-05,1,0,FALSE,TRUE,"US","USA","US-TX"
84048291,"US","USA",840,48291,"Liberty","Texas","US",30.1515,-94.8121,"Liberty, Texas, US",6,0,2020-04-06,0,0,FALSE,TRUE,"US","USA","US-TX"
84048291,"US","USA",840,48291,"Liberty","Texas","US",30.1515,-94.8121,"Liberty, Texas, US",12,0,2020-04-07,6,0,FALSE,TRUE,"US","USA","US-TX"
84048291,"US","USA",840,48291,"Liberty","Texas","US",30.1515,-94.8121,"Liberty, Texas, US",15,0,2020-04-08,3,0,FALSE,TRUE,"US","USA","US-TX"
84048291,"US","USA",840,48291,"Liberty","Texas","US",30.1515,-94.8121,"Liberty, Texas, US",15,0,2020-04-09,0,0,FALSE,TRUE,"US","USA","US-TX"
84048291,"US","USA",840,48291,"Liberty","Texas","US",30.1515,-94.8121,"Liberty, Texas, US",16,0,2020-04-10,1,0,FALSE,TRUE,"US","USA","US-TX"
84048291,"US","USA",840,48291,"Liberty","Texas","US",30.1515,-94.8121,"Liberty, Texas, US",17,0,2020-04-11,1,0,FALSE,TRUE,"US","USA","US-TX"
84048291,"US","USA",840,48291,"Liberty","Texas","US",30.1515,-94.8121,"Liberty, Texas, US",19,0,2020-04-12,2,0,FALSE,TRUE,"US","USA","US-TX"
84048291,"US","USA",840,48291,"Liberty","Texas","US",30.1515,-94.8121,"Liberty, Texas, US",19,0,2020-04-13,0,0,FALSE,TRUE,"US","USA","US-TX"
84048291,"US","USA",840,48291,"Liberty","Texas","US",30.1515,-94.8121,"Liberty, Texas, US",20,0,2020-04-14,1,0,FALSE,TRUE,"US","USA","US-TX"
84048291,"US","USA",840,48291,"Liberty","Texas","US",30.1515,-94.8121,"Liberty, Texas, US",23,0,2020-04-15,3,0,FALSE,TRUE,"US","USA","US-TX"
84048291,"US","USA",840,48291,"Liberty","Texas","US",30.1515,-94.8121,"Liberty, Texas, US",25,0,2020-04-16,2,0,FALSE,TRUE,"US","USA","US-TX"
84048291,"US","USA",840,48291,"Liberty","Texas","US",30.1515,-94.8121,"Liberty, Texas, US",25,0,2020-04-17,0,0,FALSE,TRUE,"US","USA","US-TX"
84048291,"US","USA",840,48291,"Liberty","Texas","US",30.1515,-94.8121,"Liberty, Texas, US",29,0,2020-04-18,4,0,FALSE,TRUE,"US","USA","US-TX"
84048291,"US","USA",840,48291,"Liberty","Texas","US",30.1515,-94.8121,"Liberty, Texas, US",32,0,2020-04-19,3,0,FALSE,TRUE,"US","USA","US-TX"
84048291,"US","USA",840,48291,"Liberty","Texas","US",30.1515,-94.8121,"Liberty, Texas, US",32,0,2020-04-20,0,0,FALSE,TRUE,"US","USA","US-TX"
84048291,"US","USA",840,48291,"Liberty","Texas","US",30.1515,-94.8121,"Liberty, Texas, US",33,0,2020-04-21,1,0,FALSE,TRUE,"US","USA","US-TX"
84048291,"US","USA",840,48291,"Liberty","Texas","US",30.1515,-94.8121,"Liberty, Texas, US",37,0,2020-04-22,4,0,FALSE,TRUE,"US","USA","US-TX"
84048291,"US","USA",840,48291,"Liberty","Texas","US",30.1515,-94.8121,"Liberty, Texas, US",37,0,2020-04-23,0,0,FALSE,TRUE,"US","USA","US-TX"
84048291,"US","USA",840,48291,"Liberty","Texas","US",30.1515,-94.8121,"Liberty, Texas, US",37,0,2020-04-24,0,0,FALSE,TRUE,"US","USA","US-TX"
84048291,"US","USA",840,48291,"Liberty","Texas","US",30.1515,-94.8121,"Liberty, Texas, US",38,0,2020-04-25,1,0,FALSE,TRUE,"US","USA","US-TX"
84048291,"US","USA",840,48291,"Liberty","Texas","US",30.1515,-94.8121,"Liberty, Texas, US",38,0,2020-04-26,0,0,FALSE,TRUE,"US","USA","US-TX"
84048291,"US","USA",840,48291,"Liberty","Texas","US",30.1515,-94.8121,"Liberty, Texas, US",38,0,2020-04-27,0,0,FALSE,TRUE,"US","USA","US-TX"
84048291,"US","USA",840,48291,"Liberty","Texas","US",30.1515,-94.8121,"Liberty, Texas, US",39,0,2020-04-28,1,0,FALSE,TRUE,"US","USA","US-TX"
84048291,"US","USA",840,48291,"Liberty","Texas","US",30.1515,-94.8121,"Liberty, Texas, US",41,0,2020-04-29,2,0,FALSE,TRUE,"US","USA","US-TX"
84048291,"US","USA",840,48291,"Liberty","Texas","US",30.1515,-94.8121,"Liberty, Texas, US",42,0,2020-04-30,1,0,FALSE,TRUE,"US","USA","US-TX"
84048291,"US","USA",840,48291,"Liberty","Texas","US",30.1515,-94.8121,"Liberty, Texas, US",43,0,2020-05-01,1,0,FALSE,TRUE,"US","USA","US-TX"
84048291,"US","USA",840,48291,"Liberty","Texas","US",30.1515,-94.8121,"Liberty, Texas, US",45,0,2020-05-02,2,0,FALSE,TRUE,"US","USA","US-TX"
84048291,"US","USA",840,48291,"Liberty","Texas","US",30.1515,-94.8121,"Liberty, Texas, US",45,0,2020-05-03,0,0,FALSE,TRUE,"US","USA","US-TX"
84048291,"US","USA",840,48291,"Liberty","Texas","US",30.1515,-94.8121,"Liberty, Texas, US",45,1,2020-05-04,0,1,FALSE,TRUE,"US","USA","US-TX"
84048291,"US","USA",840,48291,"Liberty","Texas","US",30.1515,-94.8121,"Liberty, Texas, US",46,1,2020-05-05,1,0,FALSE,TRUE,"US","USA","US-TX"
84048291,"US","USA",840,48291,"Liberty","Texas","US",30.1515,-94.8121,"Liberty, Texas, US",47,1,2020-05-06,1,0,FALSE,TRUE,"US","USA","US-TX"
84048291,"US","USA",840,48291,"Liberty","Texas","US",30.1515,-94.8121,"Liberty, Texas, US",48,1,2020-05-07,1,0,FALSE,TRUE,"US","USA","US-TX"
84048291,"US","USA",840,48291,"Liberty","Texas","US",30.1515,-94.8121,"Liberty, Texas, US",49,1,2020-05-08,1,0,FALSE,TRUE,"US","USA","US-TX"
84048291,"US","USA",840,48291,"Liberty","Texas","US",30.1515,-94.8121,"Liberty, Texas, US",62,1,2020-05-09,13,0,FALSE,TRUE,"US","USA","US-TX"
84048291,"US","USA",840,48291,"Liberty","Texas","US",30.1515,-94.8121,"Liberty, Texas, US",64,1,2020-05-10,2,0,FALSE,TRUE,"US","USA","US-TX"
84048291,"US","USA",840,48291,"Liberty","Texas","US",30.1515,-94.8121,"Liberty, Texas, US",66,1,2020-05-11,2,0,FALSE,TRUE,"US","USA","US-TX"
84048291,"US","USA",840,48291,"Liberty","Texas","US",30.1515,-94.8121,"Liberty, Texas, US",70,1,2020-05-12,4,0,FALSE,TRUE,"US","USA","US-TX"
84048291,"US","USA",840,48291,"Liberty","Texas","US",30.1515,-94.8121,"Liberty, Texas, US",72,1,2020-05-13,2,0,FALSE,TRUE,"US","USA","US-TX"
84048291,"US","USA",840,48291,"Liberty","Texas","US",30.1515,-94.8121,"Liberty, Texas, US",72,2,2020-05-14,0,1,FALSE,TRUE,"US","USA","US-TX"
84048291,"US","USA",840,48291,"Liberty","Texas","US",30.1515,-94.8121,"Liberty, Texas, US",72,2,2020-05-15,0,0,FALSE,TRUE,"US","USA","US-TX"
84048291,"US","USA",840,48291,"Liberty","Texas","US",30.1515,-94.8121,"Liberty, Texas, US",75,2,2020-05-16,3,0,FALSE,TRUE,"US","USA","US-TX"
84048291,"US","USA",840,48291,"Liberty","Texas","US",30.1515,-94.8121,"Liberty, Texas, US",75,3,2020-05-17,0,1,FALSE,TRUE,"US","USA","US-TX"
84048291,"US","USA",840,48291,"Liberty","Texas","US",30.1515,-94.8121,"Liberty, Texas, US",75,3,2020-05-18,0,0,FALSE,TRUE,"US","USA","US-TX"
84048291,"US","USA",840,48291,"Liberty","Texas","US",30.1515,-94.8121,"Liberty, Texas, US",75,3,2020-05-19,0,0,FALSE,TRUE,"US","USA","US-TX"
84048291,"US","USA",840,48291,"Liberty","Texas","US",30.1515,-94.8121,"Liberty, Texas, US",79,3,2020-05-20,4,0,FALSE,TRUE,"US","USA","US-TX"
84048291,"US","USA",840,48291,"Liberty","Texas","US",30.1515,-94.8121,"Liberty, Texas, US",81,3,2020-05-21,2,0,FALSE,TRUE,"US","USA","US-TX"
84048291,"US","USA",840,48291,"Liberty","Texas","US",30.1515,-94.8121,"Liberty, Texas, US",81,3,2020-05-22,0,0,FALSE,TRUE,"US","USA","US-TX"
84048291,"US","USA",840,48291,"Liberty","Texas","US",30.1515,-94.8121,"Liberty, Texas, US",81,3,2020-05-23,0,0,FALSE,TRUE,"US","USA","US-TX"
84048291,"US","USA",840,48291,"Liberty","Texas","US",30.1515,-94.8121,"Liberty, Texas, US",80,3,2020-05-24,-1,0,FALSE,TRUE,"US","USA","US-TX"
84048291,"US","USA",840,48291,"Liberty","Texas","US",30.1515,-94.8121,"Liberty, Texas, US",80,3,2020-05-25,0,0,FALSE,TRUE,"US","USA","US-TX"
84048291,"US","USA",840,48291,"Liberty","Texas","US",30.1515,-94.8121,"Liberty, Texas, US",80,3,2020-05-26,0,0,FALSE,TRUE,"US","USA","US-TX"
84048291,"US","USA",840,48291,"Liberty","Texas","US",30.1515,-94.8121,"Liberty, Texas, US",80,3,2020-05-27,0,0,FALSE,TRUE,"US","USA","US-TX"
84048291,"US","USA",840,48291,"Liberty","Texas","US",30.1515,-94.8121,"Liberty, Texas, US",81,3,2020-05-28,1,0,FALSE,TRUE,"US","USA","US-TX"
84048291,"US","USA",840,48291,"Liberty","Texas","US",30.1515,-94.8121,"Liberty, Texas, US",81,3,2020-05-29,0,0,FALSE,TRUE,"US","USA","US-TX"
84048291,"US","USA",840,48291,"Liberty","Texas","US",30.1515,-94.8121,"Liberty, Texas, US",92,3,2020-05-30,11,0,FALSE,TRUE,"US","USA","US-TX"
84048291,"US","USA",840,48291,"Liberty","Texas","US",30.1515,-94.8121,"Liberty, Texas, US",95,3,2020-05-31,3,0,FALSE,TRUE,"US","USA","US-TX"
84048291,"US","USA",840,48291,"Liberty","Texas","US",30.1515,-94.8121,"Liberty, Texas, US",95,3,2020-06-01,0,0,FALSE,TRUE,"US","USA","US-TX"
84048291,"US","USA",840,48291,"Liberty","Texas","US",30.1515,-94.8121,"Liberty, Texas, US",95,3,2020-06-02,0,0,FALSE,TRUE,"US","USA","US-TX"
84048291,"US","USA",840,48291,"Liberty","Texas","US",30.1515,-94.8121,"Liberty, Texas, US",97,3,2020-06-03,2,0,FALSE,TRUE,"US","USA","US-TX"
84048291,"US","USA",840,48291,"Liberty","Texas","US",30.1515,-94.8121,"Liberty, Texas, US",97,3,2020-06-04,0,0,FALSE,TRUE,"US","USA","US-TX"
84048291,"US","USA",840,48291,"Liberty","Texas","US",30.1515,-94.8121,"Liberty, Texas, US",101,3,2020-06-05,4,0,FALSE,TRUE,"US","USA","US-TX"
84048291,"US","USA",840,48291,"Liberty","Texas","US",30.1515,-94.8121,"Liberty, Texas, US",101,3,2020-06-06,0,0,FALSE,TRUE,"US","USA","US-TX"
84048291,"US","USA",840,48291,"Liberty","Texas","US",30.1515,-94.8121,"Liberty, Texas, US",103,3,2020-06-07,2,0,FALSE,TRUE,"US","USA","US-TX"
84048291,"US","USA",840,48291,"Liberty","Texas","US",30.1515,-94.8121,"Liberty, Texas, US",103,3,2020-06-08,0,0,FALSE,TRUE,"US","USA","US-TX"
84048291,"US","USA",840,48291,"Liberty","Texas","US",30.1515,-94.8121,"Liberty, Texas, US",108,3,2020-06-09,5,0,FALSE,TRUE,"US","USA","US-TX"
84048291,"US","USA",840,48291,"Liberty","Texas","US",30.1515,-94.8121,"Liberty, Texas, US",110,3,2020-06-10,2,0,FALSE,TRUE,"US","USA","US-TX"
84048291,"US","USA",840,48291,"Liberty","Texas","US",30.1515,-94.8121,"Liberty, Texas, US",115,3,2020-06-11,5,0,FALSE,TRUE,"US","USA","US-TX"
84048291,"US","USA",840,48291,"Liberty","Texas","US",30.1515,-94.8121,"Liberty, Texas, US",121,3,2020-06-12,6,0,FALSE,TRUE,"US","USA","US-TX"
84048291,"US","USA",840,48291,"Liberty","Texas","US",30.1515,-94.8121,"Liberty, Texas, US",121,3,2020-06-13,0,0,FALSE,TRUE,"US","USA","US-TX"
84048291,"US","USA",840,48291,"Liberty","Texas","US",30.1515,-94.8121,"Liberty, Texas, US",122,3,2020-06-14,1,0,FALSE,TRUE,"US","USA","US-TX"
84048291,"US","USA",840,48291,"Liberty","Texas","US",30.1515,-94.8121,"Liberty, Texas, US",127,3,2020-06-15,5,0,FALSE,TRUE,"US","USA","US-TX"
84048291,"US","USA",840,48291,"Liberty","Texas","US",30.1515,-94.8121,"Liberty, Texas, US",137,3,2020-06-16,10,0,FALSE,TRUE,"US","USA","US-TX"
84048291,"US","USA",840,48291,"Liberty","Texas","US",30.1515,-94.8121,"Liberty, Texas, US",156,3,2020-06-17,19,0,FALSE,TRUE,"US","USA","US-TX"
84048291,"US","USA",840,48291,"Liberty","Texas","US",30.1515,-94.8121,"Liberty, Texas, US",163,3,2020-06-18,7,0,FALSE,TRUE,"US","USA","US-TX"
