"UID","iso2","iso3","code3","FIPS","Admin2","Province.State","Country.Region","Lat","Long","Combined_Key","confirmed","deaths","date","confirmed_new","deaths_new","hasErrors","hasParent","country_code","country_code3","territory_code"
84051810,"US","USA",840,51810,"Virginia Beach","Virginia","US",36.7329,-76.0457,"Virginia Beach, Virginia, US",0,0,2020-01-22,0,0,FALSE,TRUE,"US","USA","US-VA"
84051810,"US","USA",840,51810,"Virginia Beach","Virginia","US",36.7329,-76.0457,"Virginia Beach, Virginia, US",0,0,2020-01-23,0,0,FALSE,TRUE,"US","USA","US-VA"
84051810,"US","USA",840,51810,"Virginia Beach","Virginia","US",36.7329,-76.0457,"Virginia Beach, Virginia, US",0,0,2020-01-24,0,0,FALSE,TRUE,"US","USA","US-VA"
84051810,"US","USA",840,51810,"Virginia Beach","Virginia","US",36.7329,-76.0457,"Virginia Beach, Virginia, US",0,0,2020-01-25,0,0,FALSE,TRUE,"US","USA","US-VA"
84051810,"US","USA",840,51810,"Virginia Beach","Virginia","US",36.7329,-76.0457,"Virginia Beach, Virginia, US",0,0,2020-01-26,0,0,FALSE,TRUE,"US","USA","US-VA"
84051810,"US","USA",840,51810,"Virginia Beach","Virginia","US",36.7329,-76.0457,"Virginia Beach, Virginia, US",0,0,2020-01-27,0,0,FALSE,TRUE,"US","USA","US-VA"
84051810,"US","USA",840,51810,"Virginia Beach","Virginia","US",36.7329,-76.0457,"Virginia Beach, Virginia, US",0,0,2020-01-28,0,0,FALSE,TRUE,"US","USA","US-VA"
84051810,"US","USA",840,51810,"Virginia Beach","Virginia","US",36.7329,-76.0457,"Virginia Beach, Virginia, US",0,0,2020-01-29,0,0,FALSE,TRUE,"US","USA","US-VA"
84051810,"US","USA",840,51810,"Virginia Beach","Virginia","US",36.7329,-76.0457,"Virginia Beach, Virginia, US",0,0,2020-01-30,0,0,FALSE,TRUE,"US","USA","US-VA"
84051810,"US","USA",840,51810,"Virginia Beach","Virginia","US",36.7329,-76.0457,"Virginia Beach, Virginia, US",0,0,2020-01-31,0,0,FALSE,TRUE,"US","USA","US-VA"
84051810,"US","USA",840,51810,"Virginia Beach","Virginia","US",36.7329,-76.0457,"Virginia Beach, Virginia, US",0,0,2020-02-01,0,0,FALSE,TRUE,"US","USA","US-VA"
84051810,"US","USA",840,51810,"Virginia Beach","Virginia","US",36.7329,-76.0457,"Virginia Beach, Virginia, US",0,0,2020-02-02,0,0,FALSE,TRUE,"US","USA","US-VA"
84051810,"US","USA",840,51810,"Virginia Beach","Virginia","US",36.7329,-76.0457,"Virginia Beach, Virginia, US",0,0,2020-02-03,0,0,FALSE,TRUE,"US","USA","US-VA"
84051810,"US","USA",840,51810,"Virginia Beach","Virginia","US",36.7329,-76.0457,"Virginia Beach, Virginia, US",0,0,2020-02-04,0,0,FALSE,TRUE,"US","USA","US-VA"
84051810,"US","USA",840,51810,"Virginia Beach","Virginia","US",36.7329,-76.0457,"Virginia Beach, Virginia, US",0,0,2020-02-05,0,0,FALSE,TRUE,"US","USA","US-VA"
84051810,"US","USA",840,51810,"Virginia Beach","Virginia","US",36.7329,-76.0457,"Virginia Beach, Virginia, US",0,0,2020-02-06,0,0,FALSE,TRUE,"US","USA","US-VA"
84051810,"US","USA",840,51810,"Virginia Beach","Virginia","US",36.7329,-76.0457,"Virginia Beach, Virginia, US",0,0,2020-02-07,0,0,FALSE,TRUE,"US","USA","US-VA"
84051810,"US","USA",840,51810,"Virginia Beach","Virginia","US",36.7329,-76.0457,"Virginia Beach, Virginia, US",0,0,2020-02-08,0,0,FALSE,TRUE,"US","USA","US-VA"
84051810,"US","USA",840,51810,"Virginia Beach","Virginia","US",36.7329,-76.0457,"Virginia Beach, Virginia, US",0,0,2020-02-09,0,0,FALSE,TRUE,"US","USA","US-VA"
84051810,"US","USA",840,51810,"Virginia Beach","Virginia","US",36.7329,-76.0457,"Virginia Beach, Virginia, US",0,0,2020-02-10,0,0,FALSE,TRUE,"US","USA","US-VA"
84051810,"US","USA",840,51810,"Virginia Beach","Virginia","US",36.7329,-76.0457,"Virginia Beach, Virginia, US",0,0,2020-02-11,0,0,FALSE,TRUE,"US","USA","US-VA"
84051810,"US","USA",840,51810,"Virginia Beach","Virginia","US",36.7329,-76.0457,"Virginia Beach, Virginia, US",0,0,2020-02-12,0,0,FALSE,TRUE,"US","USA","US-VA"
84051810,"US","USA",840,51810,"Virginia Beach","Virginia","US",36.7329,-76.0457,"Virginia Beach, Virginia, US",0,0,2020-02-13,0,0,FALSE,TRUE,"US","USA","US-VA"
84051810,"US","USA",840,51810,"Virginia Beach","Virginia","US",36.7329,-76.0457,"Virginia Beach, Virginia, US",0,0,2020-02-14,0,0,FALSE,TRUE,"US","USA","US-VA"
84051810,"US","USA",840,51810,"Virginia Beach","Virginia","US",36.7329,-76.0457,"Virginia Beach, Virginia, US",0,0,2020-02-15,0,0,FALSE,TRUE,"US","USA","US-VA"
84051810,"US","USA",840,51810,"Virginia Beach","Virginia","US",36.7329,-76.0457,"Virginia Beach, Virginia, US",0,0,2020-02-16,0,0,FALSE,TRUE,"US","USA","US-VA"
84051810,"US","USA",840,51810,"Virginia Beach","Virginia","US",36.7329,-76.0457,"Virginia Beach, Virginia, US",0,0,2020-02-17,0,0,FALSE,TRUE,"US","USA","US-VA"
84051810,"US","USA",840,51810,"Virginia Beach","Virginia","US",36.7329,-76.0457,"Virginia Beach, Virginia, US",0,0,2020-02-18,0,0,FALSE,TRUE,"US","USA","US-VA"
84051810,"US","USA",840,51810,"Virginia Beach","Virginia","US",36.7329,-76.0457,"Virginia Beach, Virginia, US",0,0,2020-02-19,0,0,FALSE,TRUE,"US","USA","US-VA"
84051810,"US","USA",840,51810,"Virginia Beach","Virginia","US",36.7329,-76.0457,"Virginia Beach, Virginia, US",0,0,2020-02-20,0,0,FALSE,TRUE,"US","USA","US-VA"
84051810,"US","USA",840,51810,"Virginia Beach","Virginia","US",36.7329,-76.0457,"Virginia Beach, Virginia, US",0,0,2020-02-21,0,0,FALSE,TRUE,"US","USA","US-VA"
84051810,"US","USA",840,51810,"Virginia Beach","Virginia","US",36.7329,-76.0457,"Virginia Beach, Virginia, US",0,0,2020-02-22,0,0,FALSE,TRUE,"US","USA","US-VA"
84051810,"US","USA",840,51810,"Virginia Beach","Virginia","US",36.7329,-76.0457,"Virginia Beach, Virginia, US",0,0,2020-02-23,0,0,FALSE,TRUE,"US","USA","US-VA"
84051810,"US","USA",840,51810,"Virginia Beach","Virginia","US",36.7329,-76.0457,"Virginia Beach, Virginia, US",0,0,2020-02-24,0,0,FALSE,TRUE,"US","USA","US-VA"
84051810,"US","USA",840,51810,"Virginia Beach","Virginia","US",36.7329,-76.0457,"Virginia Beach, Virginia, US",0,0,2020-02-25,0,0,FALSE,TRUE,"US","USA","US-VA"
84051810,"US","USA",840,51810,"Virginia Beach","Virginia","US",36.7329,-76.0457,"Virginia Beach, Virginia, US",0,0,2020-02-26,0,0,FALSE,TRUE,"US","USA","US-VA"
84051810,"US","USA",840,51810,"Virginia Beach","Virginia","US",36.7329,-76.0457,"Virginia Beach, Virginia, US",0,0,2020-02-27,0,0,FALSE,TRUE,"US","USA","US-VA"
84051810,"US","USA",840,51810,"Virginia Beach","Virginia","US",36.7329,-76.0457,"Virginia Beach, Virginia, US",0,0,2020-02-28,0,0,FALSE,TRUE,"US","USA","US-VA"
84051810,"US","USA",840,51810,"Virginia Beach","Virginia","US",36.7329,-76.0457,"Virginia Beach, Virginia, US",0,0,2020-02-29,0,0,FALSE,TRUE,"US","USA","US-VA"
84051810,"US","USA",840,51810,"Virginia Beach","Virginia","US",36.7329,-76.0457,"Virginia Beach, Virginia, US",0,0,2020-03-01,0,0,FALSE,TRUE,"US","USA","US-VA"
84051810,"US","USA",840,51810,"Virginia Beach","Virginia","US",36.7329,-76.0457,"Virginia Beach, Virginia, US",0,0,2020-03-02,0,0,FALSE,TRUE,"US","USA","US-VA"
84051810,"US","USA",840,51810,"Virginia Beach","Virginia","US",36.7329,-76.0457,"Virginia Beach, Virginia, US",0,0,2020-03-03,0,0,FALSE,TRUE,"US","USA","US-VA"
84051810,"US","USA",840,51810,"Virginia Beach","Virginia","US",36.7329,-76.0457,"Virginia Beach, Virginia, US",0,0,2020-03-04,0,0,FALSE,TRUE,"US","USA","US-VA"
84051810,"US","USA",840,51810,"Virginia Beach","Virginia","US",36.7329,-76.0457,"Virginia Beach, Virginia, US",0,0,2020-03-05,0,0,FALSE,TRUE,"US","USA","US-VA"
84051810,"US","USA",840,51810,"Virginia Beach","Virginia","US",36.7329,-76.0457,"Virginia Beach, Virginia, US",0,0,2020-03-06,0,0,FALSE,TRUE,"US","USA","US-VA"
84051810,"US","USA",840,51810,"Virginia Beach","Virginia","US",36.7329,-76.0457,"Virginia Beach, Virginia, US",0,0,2020-03-07,0,0,FALSE,TRUE,"US","USA","US-VA"
84051810,"US","USA",840,51810,"Virginia Beach","Virginia","US",36.7329,-76.0457,"Virginia Beach, Virginia, US",0,0,2020-03-08,0,0,FALSE,TRUE,"US","USA","US-VA"
84051810,"US","USA",840,51810,"Virginia Beach","Virginia","US",36.7329,-76.0457,"Virginia Beach, Virginia, US",0,0,2020-03-09,0,0,FALSE,TRUE,"US","USA","US-VA"
84051810,"US","USA",840,51810,"Virginia Beach","Virginia","US",36.7329,-76.0457,"Virginia Beach, Virginia, US",0,0,2020-03-10,0,0,FALSE,TRUE,"US","USA","US-VA"
84051810,"US","USA",840,51810,"Virginia Beach","Virginia","US",36.7329,-76.0457,"Virginia Beach, Virginia, US",0,0,2020-03-11,0,0,FALSE,TRUE,"US","USA","US-VA"
84051810,"US","USA",840,51810,"Virginia Beach","Virginia","US",36.7329,-76.0457,"Virginia Beach, Virginia, US",0,0,2020-03-12,0,0,FALSE,TRUE,"US","USA","US-VA"
84051810,"US","USA",840,51810,"Virginia Beach","Virginia","US",36.7329,-76.0457,"Virginia Beach, Virginia, US",0,0,2020-03-13,0,0,FALSE,TRUE,"US","USA","US-VA"
84051810,"US","USA",840,51810,"Virginia Beach","Virginia","US",36.7329,-76.0457,"Virginia Beach, Virginia, US",0,0,2020-03-14,0,0,FALSE,TRUE,"US","USA","US-VA"
84051810,"US","USA",840,51810,"Virginia Beach","Virginia","US",36.7329,-76.0457,"Virginia Beach, Virginia, US",0,0,2020-03-15,0,0,FALSE,TRUE,"US","USA","US-VA"
84051810,"US","USA",840,51810,"Virginia Beach","Virginia","US",36.7329,-76.0457,"Virginia Beach, Virginia, US",4,0,2020-03-16,4,0,FALSE,TRUE,"US","USA","US-VA"
84051810,"US","USA",840,51810,"Virginia Beach","Virginia","US",36.7329,-76.0457,"Virginia Beach, Virginia, US",4,0,2020-03-17,0,0,FALSE,TRUE,"US","USA","US-VA"
84051810,"US","USA",840,51810,"Virginia Beach","Virginia","US",36.7329,-76.0457,"Virginia Beach, Virginia, US",4,0,2020-03-18,0,0,FALSE,TRUE,"US","USA","US-VA"
84051810,"US","USA",840,51810,"Virginia Beach","Virginia","US",36.7329,-76.0457,"Virginia Beach, Virginia, US",4,0,2020-03-19,0,0,FALSE,TRUE,"US","USA","US-VA"
84051810,"US","USA",840,51810,"Virginia Beach","Virginia","US",36.7329,-76.0457,"Virginia Beach, Virginia, US",5,0,2020-03-20,1,0,FALSE,TRUE,"US","USA","US-VA"
84051810,"US","USA",840,51810,"Virginia Beach","Virginia","US",36.7329,-76.0457,"Virginia Beach, Virginia, US",5,0,2020-03-21,0,0,FALSE,TRUE,"US","USA","US-VA"
84051810,"US","USA",840,51810,"Virginia Beach","Virginia","US",36.7329,-76.0457,"Virginia Beach, Virginia, US",17,0,2020-03-22,12,0,FALSE,TRUE,"US","USA","US-VA"
84051810,"US","USA",840,51810,"Virginia Beach","Virginia","US",36.7329,-76.0457,"Virginia Beach, Virginia, US",17,0,2020-03-23,0,0,FALSE,TRUE,"US","USA","US-VA"
84051810,"US","USA",840,51810,"Virginia Beach","Virginia","US",36.7329,-76.0457,"Virginia Beach, Virginia, US",17,1,2020-03-24,0,1,FALSE,TRUE,"US","USA","US-VA"
84051810,"US","USA",840,51810,"Virginia Beach","Virginia","US",36.7329,-76.0457,"Virginia Beach, Virginia, US",23,1,2020-03-25,6,0,FALSE,TRUE,"US","USA","US-VA"
84051810,"US","USA",840,51810,"Virginia Beach","Virginia","US",36.7329,-76.0457,"Virginia Beach, Virginia, US",26,1,2020-03-26,3,0,FALSE,TRUE,"US","USA","US-VA"
84051810,"US","USA",840,51810,"Virginia Beach","Virginia","US",36.7329,-76.0457,"Virginia Beach, Virginia, US",29,1,2020-03-27,3,0,FALSE,TRUE,"US","USA","US-VA"
84051810,"US","USA",840,51810,"Virginia Beach","Virginia","US",36.7329,-76.0457,"Virginia Beach, Virginia, US",35,1,2020-03-28,6,0,FALSE,TRUE,"US","USA","US-VA"
84051810,"US","USA",840,51810,"Virginia Beach","Virginia","US",36.7329,-76.0457,"Virginia Beach, Virginia, US",49,1,2020-03-29,14,0,FALSE,TRUE,"US","USA","US-VA"
84051810,"US","USA",840,51810,"Virginia Beach","Virginia","US",36.7329,-76.0457,"Virginia Beach, Virginia, US",52,1,2020-03-30,3,0,FALSE,TRUE,"US","USA","US-VA"
84051810,"US","USA",840,51810,"Virginia Beach","Virginia","US",36.7329,-76.0457,"Virginia Beach, Virginia, US",65,1,2020-03-31,13,0,FALSE,TRUE,"US","USA","US-VA"
84051810,"US","USA",840,51810,"Virginia Beach","Virginia","US",36.7329,-76.0457,"Virginia Beach, Virginia, US",88,1,2020-04-01,23,0,FALSE,TRUE,"US","USA","US-VA"
84051810,"US","USA",840,51810,"Virginia Beach","Virginia","US",36.7329,-76.0457,"Virginia Beach, Virginia, US",111,1,2020-04-02,23,0,FALSE,TRUE,"US","USA","US-VA"
84051810,"US","USA",840,51810,"Virginia Beach","Virginia","US",36.7329,-76.0457,"Virginia Beach, Virginia, US",128,1,2020-04-03,17,0,FALSE,TRUE,"US","USA","US-VA"
84051810,"US","USA",840,51810,"Virginia Beach","Virginia","US",36.7329,-76.0457,"Virginia Beach, Virginia, US",160,1,2020-04-04,32,0,FALSE,TRUE,"US","USA","US-VA"
84051810,"US","USA",840,51810,"Virginia Beach","Virginia","US",36.7329,-76.0457,"Virginia Beach, Virginia, US",170,1,2020-04-05,10,0,FALSE,TRUE,"US","USA","US-VA"
84051810,"US","USA",840,51810,"Virginia Beach","Virginia","US",36.7329,-76.0457,"Virginia Beach, Virginia, US",178,1,2020-04-06,8,0,FALSE,TRUE,"US","USA","US-VA"
84051810,"US","USA",840,51810,"Virginia Beach","Virginia","US",36.7329,-76.0457,"Virginia Beach, Virginia, US",200,1,2020-04-07,22,0,FALSE,TRUE,"US","USA","US-VA"
84051810,"US","USA",840,51810,"Virginia Beach","Virginia","US",36.7329,-76.0457,"Virginia Beach, Virginia, US",207,1,2020-04-08,7,0,FALSE,TRUE,"US","USA","US-VA"
84051810,"US","USA",840,51810,"Virginia Beach","Virginia","US",36.7329,-76.0457,"Virginia Beach, Virginia, US",219,1,2020-04-09,12,0,FALSE,TRUE,"US","USA","US-VA"
84051810,"US","USA",840,51810,"Virginia Beach","Virginia","US",36.7329,-76.0457,"Virginia Beach, Virginia, US",224,1,2020-04-10,5,0,FALSE,TRUE,"US","USA","US-VA"
84051810,"US","USA",840,51810,"Virginia Beach","Virginia","US",36.7329,-76.0457,"Virginia Beach, Virginia, US",236,1,2020-04-11,12,0,FALSE,TRUE,"US","USA","US-VA"
84051810,"US","USA",840,51810,"Virginia Beach","Virginia","US",36.7329,-76.0457,"Virginia Beach, Virginia, US",243,1,2020-04-12,7,0,FALSE,TRUE,"US","USA","US-VA"
84051810,"US","USA",840,51810,"Virginia Beach","Virginia","US",36.7329,-76.0457,"Virginia Beach, Virginia, US",251,1,2020-04-13,8,0,FALSE,TRUE,"US","USA","US-VA"
84051810,"US","USA",840,51810,"Virginia Beach","Virginia","US",36.7329,-76.0457,"Virginia Beach, Virginia, US",252,1,2020-04-14,1,0,FALSE,TRUE,"US","USA","US-VA"
84051810,"US","USA",840,51810,"Virginia Beach","Virginia","US",36.7329,-76.0457,"Virginia Beach, Virginia, US",256,1,2020-04-15,4,0,FALSE,TRUE,"US","USA","US-VA"
84051810,"US","USA",840,51810,"Virginia Beach","Virginia","US",36.7329,-76.0457,"Virginia Beach, Virginia, US",258,1,2020-04-16,2,0,FALSE,TRUE,"US","USA","US-VA"
84051810,"US","USA",840,51810,"Virginia Beach","Virginia","US",36.7329,-76.0457,"Virginia Beach, Virginia, US",265,6,2020-04-17,7,5,FALSE,TRUE,"US","USA","US-VA"
84051810,"US","USA",840,51810,"Virginia Beach","Virginia","US",36.7329,-76.0457,"Virginia Beach, Virginia, US",271,6,2020-04-18,6,0,FALSE,TRUE,"US","USA","US-VA"
84051810,"US","USA",840,51810,"Virginia Beach","Virginia","US",36.7329,-76.0457,"Virginia Beach, Virginia, US",273,6,2020-04-19,2,0,FALSE,TRUE,"US","USA","US-VA"
84051810,"US","USA",840,51810,"Virginia Beach","Virginia","US",36.7329,-76.0457,"Virginia Beach, Virginia, US",281,8,2020-04-20,8,2,FALSE,TRUE,"US","USA","US-VA"
84051810,"US","USA",840,51810,"Virginia Beach","Virginia","US",36.7329,-76.0457,"Virginia Beach, Virginia, US",288,8,2020-04-21,7,0,FALSE,TRUE,"US","USA","US-VA"
84051810,"US","USA",840,51810,"Virginia Beach","Virginia","US",36.7329,-76.0457,"Virginia Beach, Virginia, US",313,8,2020-04-22,25,0,FALSE,TRUE,"US","USA","US-VA"
84051810,"US","USA",840,51810,"Virginia Beach","Virginia","US",36.7329,-76.0457,"Virginia Beach, Virginia, US",328,8,2020-04-23,15,0,FALSE,TRUE,"US","USA","US-VA"
84051810,"US","USA",840,51810,"Virginia Beach","Virginia","US",36.7329,-76.0457,"Virginia Beach, Virginia, US",331,10,2020-04-24,3,2,FALSE,TRUE,"US","USA","US-VA"
84051810,"US","USA",840,51810,"Virginia Beach","Virginia","US",36.7329,-76.0457,"Virginia Beach, Virginia, US",335,10,2020-04-25,4,0,FALSE,TRUE,"US","USA","US-VA"
84051810,"US","USA",840,51810,"Virginia Beach","Virginia","US",36.7329,-76.0457,"Virginia Beach, Virginia, US",345,10,2020-04-26,10,0,FALSE,TRUE,"US","USA","US-VA"
84051810,"US","USA",840,51810,"Virginia Beach","Virginia","US",36.7329,-76.0457,"Virginia Beach, Virginia, US",355,10,2020-04-27,10,0,FALSE,TRUE,"US","USA","US-VA"
84051810,"US","USA",840,51810,"Virginia Beach","Virginia","US",36.7329,-76.0457,"Virginia Beach, Virginia, US",359,12,2020-04-28,4,2,FALSE,TRUE,"US","USA","US-VA"
84051810,"US","USA",840,51810,"Virginia Beach","Virginia","US",36.7329,-76.0457,"Virginia Beach, Virginia, US",365,12,2020-04-29,6,0,FALSE,TRUE,"US","USA","US-VA"
84051810,"US","USA",840,51810,"Virginia Beach","Virginia","US",36.7329,-76.0457,"Virginia Beach, Virginia, US",385,14,2020-04-30,20,2,FALSE,TRUE,"US","USA","US-VA"
84051810,"US","USA",840,51810,"Virginia Beach","Virginia","US",36.7329,-76.0457,"Virginia Beach, Virginia, US",396,14,2020-05-01,11,0,FALSE,TRUE,"US","USA","US-VA"
84051810,"US","USA",840,51810,"Virginia Beach","Virginia","US",36.7329,-76.0457,"Virginia Beach, Virginia, US",413,15,2020-05-02,17,1,FALSE,TRUE,"US","USA","US-VA"
84051810,"US","USA",840,51810,"Virginia Beach","Virginia","US",36.7329,-76.0457,"Virginia Beach, Virginia, US",413,15,2020-05-03,0,0,FALSE,TRUE,"US","USA","US-VA"
84051810,"US","USA",840,51810,"Virginia Beach","Virginia","US",36.7329,-76.0457,"Virginia Beach, Virginia, US",439,15,2020-05-04,26,0,FALSE,TRUE,"US","USA","US-VA"
84051810,"US","USA",840,51810,"Virginia Beach","Virginia","US",36.7329,-76.0457,"Virginia Beach, Virginia, US",445,15,2020-05-05,6,0,FALSE,TRUE,"US","USA","US-VA"
84051810,"US","USA",840,51810,"Virginia Beach","Virginia","US",36.7329,-76.0457,"Virginia Beach, Virginia, US",449,17,2020-05-06,4,2,FALSE,TRUE,"US","USA","US-VA"
84051810,"US","USA",840,51810,"Virginia Beach","Virginia","US",36.7329,-76.0457,"Virginia Beach, Virginia, US",454,17,2020-05-07,5,0,FALSE,TRUE,"US","USA","US-VA"
84051810,"US","USA",840,51810,"Virginia Beach","Virginia","US",36.7329,-76.0457,"Virginia Beach, Virginia, US",469,17,2020-05-08,15,0,FALSE,TRUE,"US","USA","US-VA"
84051810,"US","USA",840,51810,"Virginia Beach","Virginia","US",36.7329,-76.0457,"Virginia Beach, Virginia, US",478,17,2020-05-09,9,0,FALSE,TRUE,"US","USA","US-VA"
84051810,"US","USA",840,51810,"Virginia Beach","Virginia","US",36.7329,-76.0457,"Virginia Beach, Virginia, US",491,17,2020-05-10,13,0,FALSE,TRUE,"US","USA","US-VA"
84051810,"US","USA",840,51810,"Virginia Beach","Virginia","US",36.7329,-76.0457,"Virginia Beach, Virginia, US",505,17,2020-05-11,14,0,FALSE,TRUE,"US","USA","US-VA"
84051810,"US","USA",840,51810,"Virginia Beach","Virginia","US",36.7329,-76.0457,"Virginia Beach, Virginia, US",509,18,2020-05-12,4,1,FALSE,TRUE,"US","USA","US-VA"
84051810,"US","USA",840,51810,"Virginia Beach","Virginia","US",36.7329,-76.0457,"Virginia Beach, Virginia, US",519,18,2020-05-13,10,0,FALSE,TRUE,"US","USA","US-VA"
84051810,"US","USA",840,51810,"Virginia Beach","Virginia","US",36.7329,-76.0457,"Virginia Beach, Virginia, US",528,19,2020-05-14,9,1,FALSE,TRUE,"US","USA","US-VA"
84051810,"US","USA",840,51810,"Virginia Beach","Virginia","US",36.7329,-76.0457,"Virginia Beach, Virginia, US",535,19,2020-05-15,7,0,FALSE,TRUE,"US","USA","US-VA"
84051810,"US","USA",840,51810,"Virginia Beach","Virginia","US",36.7329,-76.0457,"Virginia Beach, Virginia, US",539,19,2020-05-16,4,0,FALSE,TRUE,"US","USA","US-VA"
84051810,"US","USA",840,51810,"Virginia Beach","Virginia","US",36.7329,-76.0457,"Virginia Beach, Virginia, US",548,19,2020-05-17,9,0,FALSE,TRUE,"US","USA","US-VA"
84051810,"US","USA",840,51810,"Virginia Beach","Virginia","US",36.7329,-76.0457,"Virginia Beach, Virginia, US",557,19,2020-05-18,9,0,FALSE,TRUE,"US","USA","US-VA"
84051810,"US","USA",840,51810,"Virginia Beach","Virginia","US",36.7329,-76.0457,"Virginia Beach, Virginia, US",559,19,2020-05-19,2,0,FALSE,TRUE,"US","USA","US-VA"
84051810,"US","USA",840,51810,"Virginia Beach","Virginia","US",36.7329,-76.0457,"Virginia Beach, Virginia, US",564,19,2020-05-20,5,0,FALSE,TRUE,"US","USA","US-VA"
84051810,"US","USA",840,51810,"Virginia Beach","Virginia","US",36.7329,-76.0457,"Virginia Beach, Virginia, US",584,19,2020-05-21,20,0,FALSE,TRUE,"US","USA","US-VA"
84051810,"US","USA",840,51810,"Virginia Beach","Virginia","US",36.7329,-76.0457,"Virginia Beach, Virginia, US",591,19,2020-05-22,7,0,FALSE,TRUE,"US","USA","US-VA"
84051810,"US","USA",840,51810,"Virginia Beach","Virginia","US",36.7329,-76.0457,"Virginia Beach, Virginia, US",598,19,2020-05-23,7,0,FALSE,TRUE,"US","USA","US-VA"
84051810,"US","USA",840,51810,"Virginia Beach","Virginia","US",36.7329,-76.0457,"Virginia Beach, Virginia, US",603,19,2020-05-24,5,0,FALSE,TRUE,"US","USA","US-VA"
84051810,"US","USA",840,51810,"Virginia Beach","Virginia","US",36.7329,-76.0457,"Virginia Beach, Virginia, US",618,20,2020-05-25,15,1,FALSE,TRUE,"US","USA","US-VA"
