"UID","iso2","iso3","code3","FIPS","Admin2","Province.State","Country.Region","Lat","Long","Combined_Key","confirmed","deaths","date","confirmed_new","deaths_new","hasErrors","hasParent","country_code","country_code3","territory_code"
84051760,"US","USA",840,51760,"Richmond City","Virginia","US",37.5326,-77.4797,"Richmond City, Virginia, US",0,0,2020-01-22,0,0,FALSE,TRUE,"US","USA","US-VA"
84051760,"US","USA",840,51760,"Richmond City","Virginia","US",37.5326,-77.4797,"Richmond City, Virginia, US",0,0,2020-01-23,0,0,FALSE,TRUE,"US","USA","US-VA"
84051760,"US","USA",840,51760,"Richmond City","Virginia","US",37.5326,-77.4797,"Richmond City, Virginia, US",0,0,2020-01-24,0,0,FALSE,TRUE,"US","USA","US-VA"
84051760,"US","USA",840,51760,"Richmond City","Virginia","US",37.5326,-77.4797,"Richmond City, Virginia, US",0,0,2020-01-25,0,0,FALSE,TRUE,"US","USA","US-VA"
84051760,"US","USA",840,51760,"Richmond City","Virginia","US",37.5326,-77.4797,"Richmond City, Virginia, US",0,0,2020-01-26,0,0,FALSE,TRUE,"US","USA","US-VA"
84051760,"US","USA",840,51760,"Richmond City","Virginia","US",37.5326,-77.4797,"Richmond City, Virginia, US",0,0,2020-01-27,0,0,FALSE,TRUE,"US","USA","US-VA"
84051760,"US","USA",840,51760,"Richmond City","Virginia","US",37.5326,-77.4797,"Richmond City, Virginia, US",0,0,2020-01-28,0,0,FALSE,TRUE,"US","USA","US-VA"
84051760,"US","USA",840,51760,"Richmond City","Virginia","US",37.5326,-77.4797,"Richmond City, Virginia, US",0,0,2020-01-29,0,0,FALSE,TRUE,"US","USA","US-VA"
84051760,"US","USA",840,51760,"Richmond City","Virginia","US",37.5326,-77.4797,"Richmond City, Virginia, US",0,0,2020-01-30,0,0,FALSE,TRUE,"US","USA","US-VA"
84051760,"US","USA",840,51760,"Richmond City","Virginia","US",37.5326,-77.4797,"Richmond City, Virginia, US",0,0,2020-01-31,0,0,FALSE,TRUE,"US","USA","US-VA"
84051760,"US","USA",840,51760,"Richmond City","Virginia","US",37.5326,-77.4797,"Richmond City, Virginia, US",0,0,2020-02-01,0,0,FALSE,TRUE,"US","USA","US-VA"
84051760,"US","USA",840,51760,"Richmond City","Virginia","US",37.5326,-77.4797,"Richmond City, Virginia, US",0,0,2020-02-02,0,0,FALSE,TRUE,"US","USA","US-VA"
84051760,"US","USA",840,51760,"Richmond City","Virginia","US",37.5326,-77.4797,"Richmond City, Virginia, US",0,0,2020-02-03,0,0,FALSE,TRUE,"US","USA","US-VA"
84051760,"US","USA",840,51760,"Richmond City","Virginia","US",37.5326,-77.4797,"Richmond City, Virginia, US",0,0,2020-02-04,0,0,FALSE,TRUE,"US","USA","US-VA"
84051760,"US","USA",840,51760,"Richmond City","Virginia","US",37.5326,-77.4797,"Richmond City, Virginia, US",0,0,2020-02-05,0,0,FALSE,TRUE,"US","USA","US-VA"
84051760,"US","USA",840,51760,"Richmond City","Virginia","US",37.5326,-77.4797,"Richmond City, Virginia, US",0,0,2020-02-06,0,0,FALSE,TRUE,"US","USA","US-VA"
84051760,"US","USA",840,51760,"Richmond City","Virginia","US",37.5326,-77.4797,"Richmond City, Virginia, US",0,0,2020-02-07,0,0,FALSE,TRUE,"US","USA","US-VA"
84051760,"US","USA",840,51760,"Richmond City","Virginia","US",37.5326,-77.4797,"Richmond City, Virginia, US",0,0,2020-02-08,0,0,FALSE,TRUE,"US","USA","US-VA"
84051760,"US","USA",840,51760,"Richmond City","Virginia","US",37.5326,-77.4797,"Richmond City, Virginia, US",0,0,2020-02-09,0,0,FALSE,TRUE,"US","USA","US-VA"
84051760,"US","USA",840,51760,"Richmond City","Virginia","US",37.5326,-77.4797,"Richmond City, Virginia, US",0,0,2020-02-10,0,0,FALSE,TRUE,"US","USA","US-VA"
84051760,"US","USA",840,51760,"Richmond City","Virginia","US",37.5326,-77.4797,"Richmond City, Virginia, US",0,0,2020-02-11,0,0,FALSE,TRUE,"US","USA","US-VA"
84051760,"US","USA",840,51760,"Richmond City","Virginia","US",37.5326,-77.4797,"Richmond City, Virginia, US",0,0,2020-02-12,0,0,FALSE,TRUE,"US","USA","US-VA"
84051760,"US","USA",840,51760,"Richmond City","Virginia","US",37.5326,-77.4797,"Richmond City, Virginia, US",0,0,2020-02-13,0,0,FALSE,TRUE,"US","USA","US-VA"
84051760,"US","USA",840,51760,"Richmond City","Virginia","US",37.5326,-77.4797,"Richmond City, Virginia, US",0,0,2020-02-14,0,0,FALSE,TRUE,"US","USA","US-VA"
84051760,"US","USA",840,51760,"Richmond City","Virginia","US",37.5326,-77.4797,"Richmond City, Virginia, US",0,0,2020-02-15,0,0,FALSE,TRUE,"US","USA","US-VA"
84051760,"US","USA",840,51760,"Richmond City","Virginia","US",37.5326,-77.4797,"Richmond City, Virginia, US",0,0,2020-02-16,0,0,FALSE,TRUE,"US","USA","US-VA"
84051760,"US","USA",840,51760,"Richmond City","Virginia","US",37.5326,-77.4797,"Richmond City, Virginia, US",0,0,2020-02-17,0,0,FALSE,TRUE,"US","USA","US-VA"
84051760,"US","USA",840,51760,"Richmond City","Virginia","US",37.5326,-77.4797,"Richmond City, Virginia, US",0,0,2020-02-18,0,0,FALSE,TRUE,"US","USA","US-VA"
84051760,"US","USA",840,51760,"Richmond City","Virginia","US",37.5326,-77.4797,"Richmond City, Virginia, US",0,0,2020-02-19,0,0,FALSE,TRUE,"US","USA","US-VA"
84051760,"US","USA",840,51760,"Richmond City","Virginia","US",37.5326,-77.4797,"Richmond City, Virginia, US",0,0,2020-02-20,0,0,FALSE,TRUE,"US","USA","US-VA"
84051760,"US","USA",840,51760,"Richmond City","Virginia","US",37.5326,-77.4797,"Richmond City, Virginia, US",0,0,2020-02-21,0,0,FALSE,TRUE,"US","USA","US-VA"
84051760,"US","USA",840,51760,"Richmond City","Virginia","US",37.5326,-77.4797,"Richmond City, Virginia, US",0,0,2020-02-22,0,0,FALSE,TRUE,"US","USA","US-VA"
84051760,"US","USA",840,51760,"Richmond City","Virginia","US",37.5326,-77.4797,"Richmond City, Virginia, US",0,0,2020-02-23,0,0,FALSE,TRUE,"US","USA","US-VA"
84051760,"US","USA",840,51760,"Richmond City","Virginia","US",37.5326,-77.4797,"Richmond City, Virginia, US",0,0,2020-02-24,0,0,FALSE,TRUE,"US","USA","US-VA"
84051760,"US","USA",840,51760,"Richmond City","Virginia","US",37.5326,-77.4797,"Richmond City, Virginia, US",0,0,2020-02-25,0,0,FALSE,TRUE,"US","USA","US-VA"
84051760,"US","USA",840,51760,"Richmond City","Virginia","US",37.5326,-77.4797,"Richmond City, Virginia, US",0,0,2020-02-26,0,0,FALSE,TRUE,"US","USA","US-VA"
84051760,"US","USA",840,51760,"Richmond City","Virginia","US",37.5326,-77.4797,"Richmond City, Virginia, US",0,0,2020-02-27,0,0,FALSE,TRUE,"US","USA","US-VA"
84051760,"US","USA",840,51760,"Richmond City","Virginia","US",37.5326,-77.4797,"Richmond City, Virginia, US",0,0,2020-02-28,0,0,FALSE,TRUE,"US","USA","US-VA"
84051760,"US","USA",840,51760,"Richmond City","Virginia","US",37.5326,-77.4797,"Richmond City, Virginia, US",0,0,2020-02-29,0,0,FALSE,TRUE,"US","USA","US-VA"
84051760,"US","USA",840,51760,"Richmond City","Virginia","US",37.5326,-77.4797,"Richmond City, Virginia, US",0,0,2020-03-01,0,0,FALSE,TRUE,"US","USA","US-VA"
84051760,"US","USA",840,51760,"Richmond City","Virginia","US",37.5326,-77.4797,"Richmond City, Virginia, US",0,0,2020-03-02,0,0,FALSE,TRUE,"US","USA","US-VA"
84051760,"US","USA",840,51760,"Richmond City","Virginia","US",37.5326,-77.4797,"Richmond City, Virginia, US",0,0,2020-03-03,0,0,FALSE,TRUE,"US","USA","US-VA"
84051760,"US","USA",840,51760,"Richmond City","Virginia","US",37.5326,-77.4797,"Richmond City, Virginia, US",0,0,2020-03-04,0,0,FALSE,TRUE,"US","USA","US-VA"
84051760,"US","USA",840,51760,"Richmond City","Virginia","US",37.5326,-77.4797,"Richmond City, Virginia, US",0,0,2020-03-05,0,0,FALSE,TRUE,"US","USA","US-VA"
84051760,"US","USA",840,51760,"Richmond City","Virginia","US",37.5326,-77.4797,"Richmond City, Virginia, US",0,0,2020-03-06,0,0,FALSE,TRUE,"US","USA","US-VA"
84051760,"US","USA",840,51760,"Richmond City","Virginia","US",37.5326,-77.4797,"Richmond City, Virginia, US",0,0,2020-03-07,0,0,FALSE,TRUE,"US","USA","US-VA"
84051760,"US","USA",840,51760,"Richmond City","Virginia","US",37.5326,-77.4797,"Richmond City, Virginia, US",0,0,2020-03-08,0,0,FALSE,TRUE,"US","USA","US-VA"
84051760,"US","USA",840,51760,"Richmond City","Virginia","US",37.5326,-77.4797,"Richmond City, Virginia, US",0,0,2020-03-09,0,0,FALSE,TRUE,"US","USA","US-VA"
84051760,"US","USA",840,51760,"Richmond City","Virginia","US",37.5326,-77.4797,"Richmond City, Virginia, US",0,0,2020-03-10,0,0,FALSE,TRUE,"US","USA","US-VA"
84051760,"US","USA",840,51760,"Richmond City","Virginia","US",37.5326,-77.4797,"Richmond City, Virginia, US",0,0,2020-03-11,0,0,FALSE,TRUE,"US","USA","US-VA"
84051760,"US","USA",840,51760,"Richmond City","Virginia","US",37.5326,-77.4797,"Richmond City, Virginia, US",0,0,2020-03-12,0,0,FALSE,TRUE,"US","USA","US-VA"
84051760,"US","USA",840,51760,"Richmond City","Virginia","US",37.5326,-77.4797,"Richmond City, Virginia, US",0,0,2020-03-13,0,0,FALSE,TRUE,"US","USA","US-VA"
84051760,"US","USA",840,51760,"Richmond City","Virginia","US",37.5326,-77.4797,"Richmond City, Virginia, US",0,0,2020-03-14,0,0,FALSE,TRUE,"US","USA","US-VA"
84051760,"US","USA",840,51760,"Richmond City","Virginia","US",37.5326,-77.4797,"Richmond City, Virginia, US",0,0,2020-03-15,0,0,FALSE,TRUE,"US","USA","US-VA"
84051760,"US","USA",840,51760,"Richmond City","Virginia","US",37.5326,-77.4797,"Richmond City, Virginia, US",0,0,2020-03-16,0,0,FALSE,TRUE,"US","USA","US-VA"
84051760,"US","USA",840,51760,"Richmond City","Virginia","US",37.5326,-77.4797,"Richmond City, Virginia, US",0,0,2020-03-17,0,0,FALSE,TRUE,"US","USA","US-VA"
84051760,"US","USA",840,51760,"Richmond City","Virginia","US",37.5326,-77.4797,"Richmond City, Virginia, US",3,0,2020-03-18,3,0,FALSE,TRUE,"US","USA","US-VA"
84051760,"US","USA",840,51760,"Richmond City","Virginia","US",37.5326,-77.4797,"Richmond City, Virginia, US",3,0,2020-03-19,0,0,FALSE,TRUE,"US","USA","US-VA"
84051760,"US","USA",840,51760,"Richmond City","Virginia","US",37.5326,-77.4797,"Richmond City, Virginia, US",5,0,2020-03-20,2,0,FALSE,TRUE,"US","USA","US-VA"
84051760,"US","USA",840,51760,"Richmond City","Virginia","US",37.5326,-77.4797,"Richmond City, Virginia, US",6,0,2020-03-21,1,0,FALSE,TRUE,"US","USA","US-VA"
84051760,"US","USA",840,51760,"Richmond City","Virginia","US",37.5326,-77.4797,"Richmond City, Virginia, US",0,0,2020-03-22,-6,0,FALSE,TRUE,"US","USA","US-VA"
84051760,"US","USA",840,51760,"Richmond City","Virginia","US",37.5326,-77.4797,"Richmond City, Virginia, US",8,0,2020-03-23,8,0,FALSE,TRUE,"US","USA","US-VA"
84051760,"US","USA",840,51760,"Richmond City","Virginia","US",37.5326,-77.4797,"Richmond City, Virginia, US",11,0,2020-03-24,3,0,FALSE,TRUE,"US","USA","US-VA"
84051760,"US","USA",840,51760,"Richmond City","Virginia","US",37.5326,-77.4797,"Richmond City, Virginia, US",13,0,2020-03-25,2,0,FALSE,TRUE,"US","USA","US-VA"
84051760,"US","USA",840,51760,"Richmond City","Virginia","US",37.5326,-77.4797,"Richmond City, Virginia, US",14,0,2020-03-26,1,0,FALSE,TRUE,"US","USA","US-VA"
84051760,"US","USA",840,51760,"Richmond City","Virginia","US",37.5326,-77.4797,"Richmond City, Virginia, US",17,0,2020-03-27,3,0,FALSE,TRUE,"US","USA","US-VA"
84051760,"US","USA",840,51760,"Richmond City","Virginia","US",37.5326,-77.4797,"Richmond City, Virginia, US",20,0,2020-03-28,3,0,FALSE,TRUE,"US","USA","US-VA"
84051760,"US","USA",840,51760,"Richmond City","Virginia","US",37.5326,-77.4797,"Richmond City, Virginia, US",25,0,2020-03-29,5,0,FALSE,TRUE,"US","USA","US-VA"
84051760,"US","USA",840,51760,"Richmond City","Virginia","US",37.5326,-77.4797,"Richmond City, Virginia, US",25,0,2020-03-30,0,0,FALSE,TRUE,"US","USA","US-VA"
84051760,"US","USA",840,51760,"Richmond City","Virginia","US",37.5326,-77.4797,"Richmond City, Virginia, US",26,0,2020-03-31,1,0,FALSE,TRUE,"US","USA","US-VA"
84051760,"US","USA",840,51760,"Richmond City","Virginia","US",37.5326,-77.4797,"Richmond City, Virginia, US",33,0,2020-04-01,7,0,FALSE,TRUE,"US","USA","US-VA"
84051760,"US","USA",840,51760,"Richmond City","Virginia","US",37.5326,-77.4797,"Richmond City, Virginia, US",52,0,2020-04-02,19,0,FALSE,TRUE,"US","USA","US-VA"
84051760,"US","USA",840,51760,"Richmond City","Virginia","US",37.5326,-77.4797,"Richmond City, Virginia, US",76,0,2020-04-03,24,0,FALSE,TRUE,"US","USA","US-VA"
84051760,"US","USA",840,51760,"Richmond City","Virginia","US",37.5326,-77.4797,"Richmond City, Virginia, US",96,0,2020-04-04,20,0,FALSE,TRUE,"US","USA","US-VA"
84051760,"US","USA",840,51760,"Richmond City","Virginia","US",37.5326,-77.4797,"Richmond City, Virginia, US",99,0,2020-04-05,3,0,FALSE,TRUE,"US","USA","US-VA"
84051760,"US","USA",840,51760,"Richmond City","Virginia","US",37.5326,-77.4797,"Richmond City, Virginia, US",105,0,2020-04-06,6,0,FALSE,TRUE,"US","USA","US-VA"
84051760,"US","USA",840,51760,"Richmond City","Virginia","US",37.5326,-77.4797,"Richmond City, Virginia, US",110,0,2020-04-07,5,0,FALSE,TRUE,"US","USA","US-VA"
84051760,"US","USA",840,51760,"Richmond City","Virginia","US",37.5326,-77.4797,"Richmond City, Virginia, US",119,0,2020-04-08,9,0,FALSE,TRUE,"US","USA","US-VA"
84051760,"US","USA",840,51760,"Richmond City","Virginia","US",37.5326,-77.4797,"Richmond City, Virginia, US",126,0,2020-04-09,7,0,FALSE,TRUE,"US","USA","US-VA"
84051760,"US","USA",840,51760,"Richmond City","Virginia","US",37.5326,-77.4797,"Richmond City, Virginia, US",139,0,2020-04-10,13,0,FALSE,TRUE,"US","USA","US-VA"
84051760,"US","USA",840,51760,"Richmond City","Virginia","US",37.5326,-77.4797,"Richmond City, Virginia, US",148,0,2020-04-11,9,0,FALSE,TRUE,"US","USA","US-VA"
84051760,"US","USA",840,51760,"Richmond City","Virginia","US",37.5326,-77.4797,"Richmond City, Virginia, US",154,0,2020-04-12,6,0,FALSE,TRUE,"US","USA","US-VA"
84051760,"US","USA",840,51760,"Richmond City","Virginia","US",37.5326,-77.4797,"Richmond City, Virginia, US",167,0,2020-04-13,13,0,FALSE,TRUE,"US","USA","US-VA"
84051760,"US","USA",840,51760,"Richmond City","Virginia","US",37.5326,-77.4797,"Richmond City, Virginia, US",175,0,2020-04-14,8,0,FALSE,TRUE,"US","USA","US-VA"
84051760,"US","USA",840,51760,"Richmond City","Virginia","US",37.5326,-77.4797,"Richmond City, Virginia, US",177,0,2020-04-15,2,0,FALSE,TRUE,"US","USA","US-VA"
84051760,"US","USA",840,51760,"Richmond City","Virginia","US",37.5326,-77.4797,"Richmond City, Virginia, US",188,0,2020-04-16,11,0,FALSE,TRUE,"US","USA","US-VA"
84051760,"US","USA",840,51760,"Richmond City","Virginia","US",37.5326,-77.4797,"Richmond City, Virginia, US",201,10,2020-04-17,13,10,FALSE,TRUE,"US","USA","US-VA"
84051760,"US","USA",840,51760,"Richmond City","Virginia","US",37.5326,-77.4797,"Richmond City, Virginia, US",211,10,2020-04-18,10,0,FALSE,TRUE,"US","USA","US-VA"
84051760,"US","USA",840,51760,"Richmond City","Virginia","US",37.5326,-77.4797,"Richmond City, Virginia, US",231,10,2020-04-19,20,0,FALSE,TRUE,"US","USA","US-VA"
84051760,"US","USA",840,51760,"Richmond City","Virginia","US",37.5326,-77.4797,"Richmond City, Virginia, US",236,10,2020-04-20,5,0,FALSE,TRUE,"US","USA","US-VA"
84051760,"US","USA",840,51760,"Richmond City","Virginia","US",37.5326,-77.4797,"Richmond City, Virginia, US",246,10,2020-04-21,10,0,FALSE,TRUE,"US","USA","US-VA"
84051760,"US","USA",840,51760,"Richmond City","Virginia","US",37.5326,-77.4797,"Richmond City, Virginia, US",250,10,2020-04-22,4,0,FALSE,TRUE,"US","USA","US-VA"
84051760,"US","USA",840,51760,"Richmond City","Virginia","US",37.5326,-77.4797,"Richmond City, Virginia, US",259,13,2020-04-23,9,3,FALSE,TRUE,"US","USA","US-VA"
84051760,"US","USA",840,51760,"Richmond City","Virginia","US",37.5326,-77.4797,"Richmond City, Virginia, US",267,14,2020-04-24,8,1,FALSE,TRUE,"US","USA","US-VA"
84051760,"US","USA",840,51760,"Richmond City","Virginia","US",37.5326,-77.4797,"Richmond City, Virginia, US",287,14,2020-04-25,20,0,FALSE,TRUE,"US","USA","US-VA"
84051760,"US","USA",840,51760,"Richmond City","Virginia","US",37.5326,-77.4797,"Richmond City, Virginia, US",301,14,2020-04-26,14,0,FALSE,TRUE,"US","USA","US-VA"
84051760,"US","USA",840,51760,"Richmond City","Virginia","US",37.5326,-77.4797,"Richmond City, Virginia, US",304,14,2020-04-27,3,0,FALSE,TRUE,"US","USA","US-VA"
84051760,"US","USA",840,51760,"Richmond City","Virginia","US",37.5326,-77.4797,"Richmond City, Virginia, US",312,14,2020-04-28,8,0,FALSE,TRUE,"US","USA","US-VA"
84051760,"US","USA",840,51760,"Richmond City","Virginia","US",37.5326,-77.4797,"Richmond City, Virginia, US",323,14,2020-04-29,11,0,FALSE,TRUE,"US","USA","US-VA"
84051760,"US","USA",840,51760,"Richmond City","Virginia","US",37.5326,-77.4797,"Richmond City, Virginia, US",339,15,2020-04-30,16,1,FALSE,TRUE,"US","USA","US-VA"
84051760,"US","USA",840,51760,"Richmond City","Virginia","US",37.5326,-77.4797,"Richmond City, Virginia, US",364,15,2020-05-01,25,0,FALSE,TRUE,"US","USA","US-VA"
84051760,"US","USA",840,51760,"Richmond City","Virginia","US",37.5326,-77.4797,"Richmond City, Virginia, US",382,16,2020-05-02,18,1,FALSE,TRUE,"US","USA","US-VA"
84051760,"US","USA",840,51760,"Richmond City","Virginia","US",37.5326,-77.4797,"Richmond City, Virginia, US",403,16,2020-05-03,21,0,FALSE,TRUE,"US","USA","US-VA"
84051760,"US","USA",840,51760,"Richmond City","Virginia","US",37.5326,-77.4797,"Richmond City, Virginia, US",419,16,2020-05-04,16,0,FALSE,TRUE,"US","USA","US-VA"
84051760,"US","USA",840,51760,"Richmond City","Virginia","US",37.5326,-77.4797,"Richmond City, Virginia, US",438,16,2020-05-05,19,0,FALSE,TRUE,"US","USA","US-VA"
84051760,"US","USA",840,51760,"Richmond City","Virginia","US",37.5326,-77.4797,"Richmond City, Virginia, US",453,17,2020-05-06,15,1,FALSE,TRUE,"US","USA","US-VA"
84051760,"US","USA",840,51760,"Richmond City","Virginia","US",37.5326,-77.4797,"Richmond City, Virginia, US",473,17,2020-05-07,20,0,FALSE,TRUE,"US","USA","US-VA"
84051760,"US","USA",840,51760,"Richmond City","Virginia","US",37.5326,-77.4797,"Richmond City, Virginia, US",494,18,2020-05-08,21,1,FALSE,TRUE,"US","USA","US-VA"
84051760,"US","USA",840,51760,"Richmond City","Virginia","US",37.5326,-77.4797,"Richmond City, Virginia, US",512,18,2020-05-09,18,0,FALSE,TRUE,"US","USA","US-VA"
84051760,"US","USA",840,51760,"Richmond City","Virginia","US",37.5326,-77.4797,"Richmond City, Virginia, US",530,18,2020-05-10,18,0,FALSE,TRUE,"US","USA","US-VA"
84051760,"US","USA",840,51760,"Richmond City","Virginia","US",37.5326,-77.4797,"Richmond City, Virginia, US",546,18,2020-05-11,16,0,FALSE,TRUE,"US","USA","US-VA"
84051760,"US","USA",840,51760,"Richmond City","Virginia","US",37.5326,-77.4797,"Richmond City, Virginia, US",565,18,2020-05-12,19,0,FALSE,TRUE,"US","USA","US-VA"
84051760,"US","USA",840,51760,"Richmond City","Virginia","US",37.5326,-77.4797,"Richmond City, Virginia, US",592,18,2020-05-13,27,0,FALSE,TRUE,"US","USA","US-VA"
84051760,"US","USA",840,51760,"Richmond City","Virginia","US",37.5326,-77.4797,"Richmond City, Virginia, US",611,18,2020-05-14,19,0,FALSE,TRUE,"US","USA","US-VA"
84051760,"US","USA",840,51760,"Richmond City","Virginia","US",37.5326,-77.4797,"Richmond City, Virginia, US",665,18,2020-05-15,54,0,FALSE,TRUE,"US","USA","US-VA"
84051760,"US","USA",840,51760,"Richmond City","Virginia","US",37.5326,-77.4797,"Richmond City, Virginia, US",741,18,2020-05-16,76,0,FALSE,TRUE,"US","USA","US-VA"
84051760,"US","USA",840,51760,"Richmond City","Virginia","US",37.5326,-77.4797,"Richmond City, Virginia, US",758,18,2020-05-17,17,0,FALSE,TRUE,"US","USA","US-VA"
84051760,"US","USA",840,51760,"Richmond City","Virginia","US",37.5326,-77.4797,"Richmond City, Virginia, US",779,18,2020-05-18,21,0,FALSE,TRUE,"US","USA","US-VA"
84051760,"US","USA",840,51760,"Richmond City","Virginia","US",37.5326,-77.4797,"Richmond City, Virginia, US",811,19,2020-05-19,32,1,FALSE,TRUE,"US","USA","US-VA"
84051760,"US","USA",840,51760,"Richmond City","Virginia","US",37.5326,-77.4797,"Richmond City, Virginia, US",835,19,2020-05-20,24,0,FALSE,TRUE,"US","USA","US-VA"
84051760,"US","USA",840,51760,"Richmond City","Virginia","US",37.5326,-77.4797,"Richmond City, Virginia, US",888,20,2020-05-21,53,1,FALSE,TRUE,"US","USA","US-VA"
84051760,"US","USA",840,51760,"Richmond City","Virginia","US",37.5326,-77.4797,"Richmond City, Virginia, US",934,20,2020-05-22,46,0,FALSE,TRUE,"US","USA","US-VA"
84051760,"US","USA",840,51760,"Richmond City","Virginia","US",37.5326,-77.4797,"Richmond City, Virginia, US",979,19,2020-05-23,45,-1,FALSE,TRUE,"US","USA","US-VA"
84051760,"US","USA",840,51760,"Richmond City","Virginia","US",37.5326,-77.4797,"Richmond City, Virginia, US",1012,19,2020-05-24,33,0,FALSE,TRUE,"US","USA","US-VA"
84051760,"US","USA",840,51760,"Richmond City","Virginia","US",37.5326,-77.4797,"Richmond City, Virginia, US",1040,20,2020-05-25,28,1,FALSE,TRUE,"US","USA","US-VA"
84051760,"US","USA",840,51760,"Richmond City","Virginia","US",37.5326,-77.4797,"Richmond City, Virginia, US",1089,20,2020-05-26,49,0,FALSE,TRUE,"US","USA","US-VA"
84051760,"US","USA",840,51760,"Richmond City","Virginia","US",37.5326,-77.4797,"Richmond City, Virginia, US",1112,21,2020-05-27,23,1,FALSE,TRUE,"US","USA","US-VA"
84051760,"US","USA",840,51760,"Richmond City","Virginia","US",37.5326,-77.4797,"Richmond City, Virginia, US",1133,21,2020-05-28,21,0,FALSE,TRUE,"US","USA","US-VA"
84051760,"US","USA",840,51760,"Richmond City","Virginia","US",37.5326,-77.4797,"Richmond City, Virginia, US",1202,22,2020-05-29,69,1,FALSE,TRUE,"US","USA","US-VA"
84051760,"US","USA",840,51760,"Richmond City","Virginia","US",37.5326,-77.4797,"Richmond City, Virginia, US",1249,24,2020-05-30,47,2,FALSE,TRUE,"US","USA","US-VA"
84051760,"US","USA",840,51760,"Richmond City","Virginia","US",37.5326,-77.4797,"Richmond City, Virginia, US",1316,24,2020-05-31,67,0,FALSE,TRUE,"US","USA","US-VA"
84051760,"US","USA",840,51760,"Richmond City","Virginia","US",37.5326,-77.4797,"Richmond City, Virginia, US",1397,25,2020-06-01,81,1,FALSE,TRUE,"US","USA","US-VA"
84051760,"US","USA",840,51760,"Richmond City","Virginia","US",37.5326,-77.4797,"Richmond City, Virginia, US",1434,24,2020-06-02,37,-1,FALSE,TRUE,"US","USA","US-VA"
84051760,"US","USA",840,51760,"Richmond City","Virginia","US",37.5326,-77.4797,"Richmond City, Virginia, US",1455,24,2020-06-03,21,0,FALSE,TRUE,"US","USA","US-VA"
84051760,"US","USA",840,51760,"Richmond City","Virginia","US",37.5326,-77.4797,"Richmond City, Virginia, US",1488,24,2020-06-04,33,0,FALSE,TRUE,"US","USA","US-VA"
84051760,"US","USA",840,51760,"Richmond City","Virginia","US",37.5326,-77.4797,"Richmond City, Virginia, US",1527,25,2020-06-05,39,1,FALSE,TRUE,"US","USA","US-VA"
84051760,"US","USA",840,51760,"Richmond City","Virginia","US",37.5326,-77.4797,"Richmond City, Virginia, US",1592,25,2020-06-06,65,0,FALSE,TRUE,"US","USA","US-VA"
84051760,"US","USA",840,51760,"Richmond City","Virginia","US",37.5326,-77.4797,"Richmond City, Virginia, US",1621,26,2020-06-07,29,1,FALSE,TRUE,"US","USA","US-VA"
84051760,"US","USA",840,51760,"Richmond City","Virginia","US",37.5326,-77.4797,"Richmond City, Virginia, US",1651,26,2020-06-08,30,0,FALSE,TRUE,"US","USA","US-VA"
