"UID","iso2","iso3","code3","FIPS","Admin2","Province.State","Country.Region","Lat","Long","Combined_Key","confirmed","deaths","date","confirmed_new","deaths_new","hasErrors","hasParent","country_code","country_code3","territory_code"
84051710,"US","USA",840,51710,"Norfolk","Virginia","US",36.8993,-76.2642,"Norfolk, Virginia, US",0,0,2020-01-22,0,0,FALSE,TRUE,"US","USA","US-VA"
84051710,"US","USA",840,51710,"Norfolk","Virginia","US",36.8993,-76.2642,"Norfolk, Virginia, US",0,0,2020-01-23,0,0,FALSE,TRUE,"US","USA","US-VA"
84051710,"US","USA",840,51710,"Norfolk","Virginia","US",36.8993,-76.2642,"Norfolk, Virginia, US",0,0,2020-01-24,0,0,FALSE,TRUE,"US","USA","US-VA"
84051710,"US","USA",840,51710,"Norfolk","Virginia","US",36.8993,-76.2642,"Norfolk, Virginia, US",0,0,2020-01-25,0,0,FALSE,TRUE,"US","USA","US-VA"
84051710,"US","USA",840,51710,"Norfolk","Virginia","US",36.8993,-76.2642,"Norfolk, Virginia, US",0,0,2020-01-26,0,0,FALSE,TRUE,"US","USA","US-VA"
84051710,"US","USA",840,51710,"Norfolk","Virginia","US",36.8993,-76.2642,"Norfolk, Virginia, US",0,0,2020-01-27,0,0,FALSE,TRUE,"US","USA","US-VA"
84051710,"US","USA",840,51710,"Norfolk","Virginia","US",36.8993,-76.2642,"Norfolk, Virginia, US",0,0,2020-01-28,0,0,FALSE,TRUE,"US","USA","US-VA"
84051710,"US","USA",840,51710,"Norfolk","Virginia","US",36.8993,-76.2642,"Norfolk, Virginia, US",0,0,2020-01-29,0,0,FALSE,TRUE,"US","USA","US-VA"
84051710,"US","USA",840,51710,"Norfolk","Virginia","US",36.8993,-76.2642,"Norfolk, Virginia, US",0,0,2020-01-30,0,0,FALSE,TRUE,"US","USA","US-VA"
84051710,"US","USA",840,51710,"Norfolk","Virginia","US",36.8993,-76.2642,"Norfolk, Virginia, US",0,0,2020-01-31,0,0,FALSE,TRUE,"US","USA","US-VA"
84051710,"US","USA",840,51710,"Norfolk","Virginia","US",36.8993,-76.2642,"Norfolk, Virginia, US",0,0,2020-02-01,0,0,FALSE,TRUE,"US","USA","US-VA"
84051710,"US","USA",840,51710,"Norfolk","Virginia","US",36.8993,-76.2642,"Norfolk, Virginia, US",0,0,2020-02-02,0,0,FALSE,TRUE,"US","USA","US-VA"
84051710,"US","USA",840,51710,"Norfolk","Virginia","US",36.8993,-76.2642,"Norfolk, Virginia, US",0,0,2020-02-03,0,0,FALSE,TRUE,"US","USA","US-VA"
84051710,"US","USA",840,51710,"Norfolk","Virginia","US",36.8993,-76.2642,"Norfolk, Virginia, US",0,0,2020-02-04,0,0,FALSE,TRUE,"US","USA","US-VA"
84051710,"US","USA",840,51710,"Norfolk","Virginia","US",36.8993,-76.2642,"Norfolk, Virginia, US",0,0,2020-02-05,0,0,FALSE,TRUE,"US","USA","US-VA"
84051710,"US","USA",840,51710,"Norfolk","Virginia","US",36.8993,-76.2642,"Norfolk, Virginia, US",0,0,2020-02-06,0,0,FALSE,TRUE,"US","USA","US-VA"
84051710,"US","USA",840,51710,"Norfolk","Virginia","US",36.8993,-76.2642,"Norfolk, Virginia, US",0,0,2020-02-07,0,0,FALSE,TRUE,"US","USA","US-VA"
84051710,"US","USA",840,51710,"Norfolk","Virginia","US",36.8993,-76.2642,"Norfolk, Virginia, US",0,0,2020-02-08,0,0,FALSE,TRUE,"US","USA","US-VA"
84051710,"US","USA",840,51710,"Norfolk","Virginia","US",36.8993,-76.2642,"Norfolk, Virginia, US",0,0,2020-02-09,0,0,FALSE,TRUE,"US","USA","US-VA"
84051710,"US","USA",840,51710,"Norfolk","Virginia","US",36.8993,-76.2642,"Norfolk, Virginia, US",0,0,2020-02-10,0,0,FALSE,TRUE,"US","USA","US-VA"
84051710,"US","USA",840,51710,"Norfolk","Virginia","US",36.8993,-76.2642,"Norfolk, Virginia, US",0,0,2020-02-11,0,0,FALSE,TRUE,"US","USA","US-VA"
84051710,"US","USA",840,51710,"Norfolk","Virginia","US",36.8993,-76.2642,"Norfolk, Virginia, US",0,0,2020-02-12,0,0,FALSE,TRUE,"US","USA","US-VA"
84051710,"US","USA",840,51710,"Norfolk","Virginia","US",36.8993,-76.2642,"Norfolk, Virginia, US",0,0,2020-02-13,0,0,FALSE,TRUE,"US","USA","US-VA"
84051710,"US","USA",840,51710,"Norfolk","Virginia","US",36.8993,-76.2642,"Norfolk, Virginia, US",0,0,2020-02-14,0,0,FALSE,TRUE,"US","USA","US-VA"
84051710,"US","USA",840,51710,"Norfolk","Virginia","US",36.8993,-76.2642,"Norfolk, Virginia, US",0,0,2020-02-15,0,0,FALSE,TRUE,"US","USA","US-VA"
84051710,"US","USA",840,51710,"Norfolk","Virginia","US",36.8993,-76.2642,"Norfolk, Virginia, US",0,0,2020-02-16,0,0,FALSE,TRUE,"US","USA","US-VA"
84051710,"US","USA",840,51710,"Norfolk","Virginia","US",36.8993,-76.2642,"Norfolk, Virginia, US",0,0,2020-02-17,0,0,FALSE,TRUE,"US","USA","US-VA"
84051710,"US","USA",840,51710,"Norfolk","Virginia","US",36.8993,-76.2642,"Norfolk, Virginia, US",0,0,2020-02-18,0,0,FALSE,TRUE,"US","USA","US-VA"
84051710,"US","USA",840,51710,"Norfolk","Virginia","US",36.8993,-76.2642,"Norfolk, Virginia, US",0,0,2020-02-19,0,0,FALSE,TRUE,"US","USA","US-VA"
84051710,"US","USA",840,51710,"Norfolk","Virginia","US",36.8993,-76.2642,"Norfolk, Virginia, US",0,0,2020-02-20,0,0,FALSE,TRUE,"US","USA","US-VA"
84051710,"US","USA",840,51710,"Norfolk","Virginia","US",36.8993,-76.2642,"Norfolk, Virginia, US",0,0,2020-02-21,0,0,FALSE,TRUE,"US","USA","US-VA"
84051710,"US","USA",840,51710,"Norfolk","Virginia","US",36.8993,-76.2642,"Norfolk, Virginia, US",0,0,2020-02-22,0,0,FALSE,TRUE,"US","USA","US-VA"
84051710,"US","USA",840,51710,"Norfolk","Virginia","US",36.8993,-76.2642,"Norfolk, Virginia, US",0,0,2020-02-23,0,0,FALSE,TRUE,"US","USA","US-VA"
84051710,"US","USA",840,51710,"Norfolk","Virginia","US",36.8993,-76.2642,"Norfolk, Virginia, US",0,0,2020-02-24,0,0,FALSE,TRUE,"US","USA","US-VA"
84051710,"US","USA",840,51710,"Norfolk","Virginia","US",36.8993,-76.2642,"Norfolk, Virginia, US",0,0,2020-02-25,0,0,FALSE,TRUE,"US","USA","US-VA"
84051710,"US","USA",840,51710,"Norfolk","Virginia","US",36.8993,-76.2642,"Norfolk, Virginia, US",0,0,2020-02-26,0,0,FALSE,TRUE,"US","USA","US-VA"
84051710,"US","USA",840,51710,"Norfolk","Virginia","US",36.8993,-76.2642,"Norfolk, Virginia, US",0,0,2020-02-27,0,0,FALSE,TRUE,"US","USA","US-VA"
84051710,"US","USA",840,51710,"Norfolk","Virginia","US",36.8993,-76.2642,"Norfolk, Virginia, US",0,0,2020-02-28,0,0,FALSE,TRUE,"US","USA","US-VA"
84051710,"US","USA",840,51710,"Norfolk","Virginia","US",36.8993,-76.2642,"Norfolk, Virginia, US",0,0,2020-02-29,0,0,FALSE,TRUE,"US","USA","US-VA"
84051710,"US","USA",840,51710,"Norfolk","Virginia","US",36.8993,-76.2642,"Norfolk, Virginia, US",0,0,2020-03-01,0,0,FALSE,TRUE,"US","USA","US-VA"
84051710,"US","USA",840,51710,"Norfolk","Virginia","US",36.8993,-76.2642,"Norfolk, Virginia, US",0,0,2020-03-02,0,0,FALSE,TRUE,"US","USA","US-VA"
84051710,"US","USA",840,51710,"Norfolk","Virginia","US",36.8993,-76.2642,"Norfolk, Virginia, US",0,0,2020-03-03,0,0,FALSE,TRUE,"US","USA","US-VA"
84051710,"US","USA",840,51710,"Norfolk","Virginia","US",36.8993,-76.2642,"Norfolk, Virginia, US",0,0,2020-03-04,0,0,FALSE,TRUE,"US","USA","US-VA"
84051710,"US","USA",840,51710,"Norfolk","Virginia","US",36.8993,-76.2642,"Norfolk, Virginia, US",0,0,2020-03-05,0,0,FALSE,TRUE,"US","USA","US-VA"
84051710,"US","USA",840,51710,"Norfolk","Virginia","US",36.8993,-76.2642,"Norfolk, Virginia, US",0,0,2020-03-06,0,0,FALSE,TRUE,"US","USA","US-VA"
84051710,"US","USA",840,51710,"Norfolk","Virginia","US",36.8993,-76.2642,"Norfolk, Virginia, US",0,0,2020-03-07,0,0,FALSE,TRUE,"US","USA","US-VA"
84051710,"US","USA",840,51710,"Norfolk","Virginia","US",36.8993,-76.2642,"Norfolk, Virginia, US",0,0,2020-03-08,0,0,FALSE,TRUE,"US","USA","US-VA"
84051710,"US","USA",840,51710,"Norfolk","Virginia","US",36.8993,-76.2642,"Norfolk, Virginia, US",0,0,2020-03-09,0,0,FALSE,TRUE,"US","USA","US-VA"
84051710,"US","USA",840,51710,"Norfolk","Virginia","US",36.8993,-76.2642,"Norfolk, Virginia, US",2,0,2020-03-10,2,0,FALSE,TRUE,"US","USA","US-VA"
84051710,"US","USA",840,51710,"Norfolk","Virginia","US",36.8993,-76.2642,"Norfolk, Virginia, US",2,0,2020-03-11,0,0,FALSE,TRUE,"US","USA","US-VA"
84051710,"US","USA",840,51710,"Norfolk","Virginia","US",36.8993,-76.2642,"Norfolk, Virginia, US",0,0,2020-03-12,-2,0,FALSE,TRUE,"US","USA","US-VA"
84051710,"US","USA",840,51710,"Norfolk","Virginia","US",36.8993,-76.2642,"Norfolk, Virginia, US",0,0,2020-03-13,0,0,FALSE,TRUE,"US","USA","US-VA"
84051710,"US","USA",840,51710,"Norfolk","Virginia","US",36.8993,-76.2642,"Norfolk, Virginia, US",0,0,2020-03-14,0,0,FALSE,TRUE,"US","USA","US-VA"
84051710,"US","USA",840,51710,"Norfolk","Virginia","US",36.8993,-76.2642,"Norfolk, Virginia, US",0,0,2020-03-15,0,0,FALSE,TRUE,"US","USA","US-VA"
84051710,"US","USA",840,51710,"Norfolk","Virginia","US",36.8993,-76.2642,"Norfolk, Virginia, US",0,0,2020-03-16,0,0,FALSE,TRUE,"US","USA","US-VA"
84051710,"US","USA",840,51710,"Norfolk","Virginia","US",36.8993,-76.2642,"Norfolk, Virginia, US",0,0,2020-03-17,0,0,FALSE,TRUE,"US","USA","US-VA"
84051710,"US","USA",840,51710,"Norfolk","Virginia","US",36.8993,-76.2642,"Norfolk, Virginia, US",1,0,2020-03-18,1,0,FALSE,TRUE,"US","USA","US-VA"
84051710,"US","USA",840,51710,"Norfolk","Virginia","US",36.8993,-76.2642,"Norfolk, Virginia, US",1,0,2020-03-19,0,0,FALSE,TRUE,"US","USA","US-VA"
84051710,"US","USA",840,51710,"Norfolk","Virginia","US",36.8993,-76.2642,"Norfolk, Virginia, US",1,0,2020-03-20,0,0,FALSE,TRUE,"US","USA","US-VA"
84051710,"US","USA",840,51710,"Norfolk","Virginia","US",36.8993,-76.2642,"Norfolk, Virginia, US",3,0,2020-03-21,2,0,FALSE,TRUE,"US","USA","US-VA"
84051710,"US","USA",840,51710,"Norfolk","Virginia","US",36.8993,-76.2642,"Norfolk, Virginia, US",3,0,2020-03-22,0,0,FALSE,TRUE,"US","USA","US-VA"
84051710,"US","USA",840,51710,"Norfolk","Virginia","US",36.8993,-76.2642,"Norfolk, Virginia, US",5,0,2020-03-23,2,0,FALSE,TRUE,"US","USA","US-VA"
84051710,"US","USA",840,51710,"Norfolk","Virginia","US",36.8993,-76.2642,"Norfolk, Virginia, US",8,0,2020-03-24,3,0,FALSE,TRUE,"US","USA","US-VA"
84051710,"US","USA",840,51710,"Norfolk","Virginia","US",36.8993,-76.2642,"Norfolk, Virginia, US",8,0,2020-03-25,0,0,FALSE,TRUE,"US","USA","US-VA"
84051710,"US","USA",840,51710,"Norfolk","Virginia","US",36.8993,-76.2642,"Norfolk, Virginia, US",9,0,2020-03-26,1,0,FALSE,TRUE,"US","USA","US-VA"
84051710,"US","USA",840,51710,"Norfolk","Virginia","US",36.8993,-76.2642,"Norfolk, Virginia, US",8,0,2020-03-27,-1,0,FALSE,TRUE,"US","USA","US-VA"
84051710,"US","USA",840,51710,"Norfolk","Virginia","US",36.8993,-76.2642,"Norfolk, Virginia, US",10,0,2020-03-28,2,0,FALSE,TRUE,"US","USA","US-VA"
84051710,"US","USA",840,51710,"Norfolk","Virginia","US",36.8993,-76.2642,"Norfolk, Virginia, US",14,0,2020-03-29,4,0,FALSE,TRUE,"US","USA","US-VA"
84051710,"US","USA",840,51710,"Norfolk","Virginia","US",36.8993,-76.2642,"Norfolk, Virginia, US",17,0,2020-03-30,3,0,FALSE,TRUE,"US","USA","US-VA"
84051710,"US","USA",840,51710,"Norfolk","Virginia","US",36.8993,-76.2642,"Norfolk, Virginia, US",27,0,2020-03-31,10,0,FALSE,TRUE,"US","USA","US-VA"
84051710,"US","USA",840,51710,"Norfolk","Virginia","US",36.8993,-76.2642,"Norfolk, Virginia, US",33,0,2020-04-01,6,0,FALSE,TRUE,"US","USA","US-VA"
84051710,"US","USA",840,51710,"Norfolk","Virginia","US",36.8993,-76.2642,"Norfolk, Virginia, US",37,0,2020-04-02,4,0,FALSE,TRUE,"US","USA","US-VA"
84051710,"US","USA",840,51710,"Norfolk","Virginia","US",36.8993,-76.2642,"Norfolk, Virginia, US",43,0,2020-04-03,6,0,FALSE,TRUE,"US","USA","US-VA"
84051710,"US","USA",840,51710,"Norfolk","Virginia","US",36.8993,-76.2642,"Norfolk, Virginia, US",55,0,2020-04-04,12,0,FALSE,TRUE,"US","USA","US-VA"
84051710,"US","USA",840,51710,"Norfolk","Virginia","US",36.8993,-76.2642,"Norfolk, Virginia, US",59,0,2020-04-05,4,0,FALSE,TRUE,"US","USA","US-VA"
84051710,"US","USA",840,51710,"Norfolk","Virginia","US",36.8993,-76.2642,"Norfolk, Virginia, US",60,0,2020-04-06,1,0,FALSE,TRUE,"US","USA","US-VA"
84051710,"US","USA",840,51710,"Norfolk","Virginia","US",36.8993,-76.2642,"Norfolk, Virginia, US",72,0,2020-04-07,12,0,FALSE,TRUE,"US","USA","US-VA"
84051710,"US","USA",840,51710,"Norfolk","Virginia","US",36.8993,-76.2642,"Norfolk, Virginia, US",77,0,2020-04-08,5,0,FALSE,TRUE,"US","USA","US-VA"
84051710,"US","USA",840,51710,"Norfolk","Virginia","US",36.8993,-76.2642,"Norfolk, Virginia, US",84,0,2020-04-09,7,0,FALSE,TRUE,"US","USA","US-VA"
84051710,"US","USA",840,51710,"Norfolk","Virginia","US",36.8993,-76.2642,"Norfolk, Virginia, US",88,0,2020-04-10,4,0,FALSE,TRUE,"US","USA","US-VA"
84051710,"US","USA",840,51710,"Norfolk","Virginia","US",36.8993,-76.2642,"Norfolk, Virginia, US",90,0,2020-04-11,2,0,FALSE,TRUE,"US","USA","US-VA"
84051710,"US","USA",840,51710,"Norfolk","Virginia","US",36.8993,-76.2642,"Norfolk, Virginia, US",90,0,2020-04-12,0,0,FALSE,TRUE,"US","USA","US-VA"
84051710,"US","USA",840,51710,"Norfolk","Virginia","US",36.8993,-76.2642,"Norfolk, Virginia, US",99,0,2020-04-13,9,0,FALSE,TRUE,"US","USA","US-VA"
84051710,"US","USA",840,51710,"Norfolk","Virginia","US",36.8993,-76.2642,"Norfolk, Virginia, US",99,0,2020-04-14,0,0,FALSE,TRUE,"US","USA","US-VA"
84051710,"US","USA",840,51710,"Norfolk","Virginia","US",36.8993,-76.2642,"Norfolk, Virginia, US",99,2,2020-04-15,0,2,FALSE,TRUE,"US","USA","US-VA"
84051710,"US","USA",840,51710,"Norfolk","Virginia","US",36.8993,-76.2642,"Norfolk, Virginia, US",105,2,2020-04-16,6,0,FALSE,TRUE,"US","USA","US-VA"
84051710,"US","USA",840,51710,"Norfolk","Virginia","US",36.8993,-76.2642,"Norfolk, Virginia, US",108,2,2020-04-17,3,0,FALSE,TRUE,"US","USA","US-VA"
84051710,"US","USA",840,51710,"Norfolk","Virginia","US",36.8993,-76.2642,"Norfolk, Virginia, US",109,2,2020-04-18,1,0,FALSE,TRUE,"US","USA","US-VA"
84051710,"US","USA",840,51710,"Norfolk","Virginia","US",36.8993,-76.2642,"Norfolk, Virginia, US",111,2,2020-04-19,2,0,FALSE,TRUE,"US","USA","US-VA"
84051710,"US","USA",840,51710,"Norfolk","Virginia","US",36.8993,-76.2642,"Norfolk, Virginia, US",113,2,2020-04-20,2,0,FALSE,TRUE,"US","USA","US-VA"
84051710,"US","USA",840,51710,"Norfolk","Virginia","US",36.8993,-76.2642,"Norfolk, Virginia, US",118,2,2020-04-21,5,0,FALSE,TRUE,"US","USA","US-VA"
84051710,"US","USA",840,51710,"Norfolk","Virginia","US",36.8993,-76.2642,"Norfolk, Virginia, US",126,3,2020-04-22,8,1,FALSE,TRUE,"US","USA","US-VA"
84051710,"US","USA",840,51710,"Norfolk","Virginia","US",36.8993,-76.2642,"Norfolk, Virginia, US",136,3,2020-04-23,10,0,FALSE,TRUE,"US","USA","US-VA"
84051710,"US","USA",840,51710,"Norfolk","Virginia","US",36.8993,-76.2642,"Norfolk, Virginia, US",141,3,2020-04-24,5,0,FALSE,TRUE,"US","USA","US-VA"
84051710,"US","USA",840,51710,"Norfolk","Virginia","US",36.8993,-76.2642,"Norfolk, Virginia, US",169,3,2020-04-25,28,0,FALSE,TRUE,"US","USA","US-VA"
84051710,"US","USA",840,51710,"Norfolk","Virginia","US",36.8993,-76.2642,"Norfolk, Virginia, US",179,3,2020-04-26,10,0,FALSE,TRUE,"US","USA","US-VA"
84051710,"US","USA",840,51710,"Norfolk","Virginia","US",36.8993,-76.2642,"Norfolk, Virginia, US",184,3,2020-04-27,5,0,FALSE,TRUE,"US","USA","US-VA"
84051710,"US","USA",840,51710,"Norfolk","Virginia","US",36.8993,-76.2642,"Norfolk, Virginia, US",188,3,2020-04-28,4,0,FALSE,TRUE,"US","USA","US-VA"
84051710,"US","USA",840,51710,"Norfolk","Virginia","US",36.8993,-76.2642,"Norfolk, Virginia, US",192,3,2020-04-29,4,0,FALSE,TRUE,"US","USA","US-VA"
84051710,"US","USA",840,51710,"Norfolk","Virginia","US",36.8993,-76.2642,"Norfolk, Virginia, US",198,3,2020-04-30,6,0,FALSE,TRUE,"US","USA","US-VA"
84051710,"US","USA",840,51710,"Norfolk","Virginia","US",36.8993,-76.2642,"Norfolk, Virginia, US",204,3,2020-05-01,6,0,FALSE,TRUE,"US","USA","US-VA"
84051710,"US","USA",840,51710,"Norfolk","Virginia","US",36.8993,-76.2642,"Norfolk, Virginia, US",211,3,2020-05-02,7,0,FALSE,TRUE,"US","USA","US-VA"
84051710,"US","USA",840,51710,"Norfolk","Virginia","US",36.8993,-76.2642,"Norfolk, Virginia, US",221,4,2020-05-03,10,1,FALSE,TRUE,"US","USA","US-VA"
84051710,"US","USA",840,51710,"Norfolk","Virginia","US",36.8993,-76.2642,"Norfolk, Virginia, US",239,4,2020-05-04,18,0,FALSE,TRUE,"US","USA","US-VA"
84051710,"US","USA",840,51710,"Norfolk","Virginia","US",36.8993,-76.2642,"Norfolk, Virginia, US",251,4,2020-05-05,12,0,FALSE,TRUE,"US","USA","US-VA"
84051710,"US","USA",840,51710,"Norfolk","Virginia","US",36.8993,-76.2642,"Norfolk, Virginia, US",257,4,2020-05-06,6,0,FALSE,TRUE,"US","USA","US-VA"
84051710,"US","USA",840,51710,"Norfolk","Virginia","US",36.8993,-76.2642,"Norfolk, Virginia, US",270,5,2020-05-07,13,1,FALSE,TRUE,"US","USA","US-VA"
84051710,"US","USA",840,51710,"Norfolk","Virginia","US",36.8993,-76.2642,"Norfolk, Virginia, US",274,5,2020-05-08,4,0,FALSE,TRUE,"US","USA","US-VA"
84051710,"US","USA",840,51710,"Norfolk","Virginia","US",36.8993,-76.2642,"Norfolk, Virginia, US",290,5,2020-05-09,16,0,FALSE,TRUE,"US","USA","US-VA"
84051710,"US","USA",840,51710,"Norfolk","Virginia","US",36.8993,-76.2642,"Norfolk, Virginia, US",304,5,2020-05-10,14,0,FALSE,TRUE,"US","USA","US-VA"
84051710,"US","USA",840,51710,"Norfolk","Virginia","US",36.8993,-76.2642,"Norfolk, Virginia, US",308,5,2020-05-11,4,0,FALSE,TRUE,"US","USA","US-VA"
84051710,"US","USA",840,51710,"Norfolk","Virginia","US",36.8993,-76.2642,"Norfolk, Virginia, US",319,5,2020-05-12,11,0,FALSE,TRUE,"US","USA","US-VA"
84051710,"US","USA",840,51710,"Norfolk","Virginia","US",36.8993,-76.2642,"Norfolk, Virginia, US",327,5,2020-05-13,8,0,FALSE,TRUE,"US","USA","US-VA"
84051710,"US","USA",840,51710,"Norfolk","Virginia","US",36.8993,-76.2642,"Norfolk, Virginia, US",338,5,2020-05-14,11,0,FALSE,TRUE,"US","USA","US-VA"
84051710,"US","USA",840,51710,"Norfolk","Virginia","US",36.8993,-76.2642,"Norfolk, Virginia, US",349,5,2020-05-15,11,0,FALSE,TRUE,"US","USA","US-VA"
84051710,"US","USA",840,51710,"Norfolk","Virginia","US",36.8993,-76.2642,"Norfolk, Virginia, US",350,5,2020-05-16,1,0,FALSE,TRUE,"US","USA","US-VA"
84051710,"US","USA",840,51710,"Norfolk","Virginia","US",36.8993,-76.2642,"Norfolk, Virginia, US",350,5,2020-05-17,0,0,FALSE,TRUE,"US","USA","US-VA"
84051710,"US","USA",840,51710,"Norfolk","Virginia","US",36.8993,-76.2642,"Norfolk, Virginia, US",361,5,2020-05-18,11,0,FALSE,TRUE,"US","USA","US-VA"
84051710,"US","USA",840,51710,"Norfolk","Virginia","US",36.8993,-76.2642,"Norfolk, Virginia, US",370,6,2020-05-19,9,1,FALSE,TRUE,"US","USA","US-VA"
84051710,"US","USA",840,51710,"Norfolk","Virginia","US",36.8993,-76.2642,"Norfolk, Virginia, US",370,6,2020-05-20,0,0,FALSE,TRUE,"US","USA","US-VA"
84051710,"US","USA",840,51710,"Norfolk","Virginia","US",36.8993,-76.2642,"Norfolk, Virginia, US",377,6,2020-05-21,7,0,FALSE,TRUE,"US","USA","US-VA"
84051710,"US","USA",840,51710,"Norfolk","Virginia","US",36.8993,-76.2642,"Norfolk, Virginia, US",388,6,2020-05-22,11,0,FALSE,TRUE,"US","USA","US-VA"
84051710,"US","USA",840,51710,"Norfolk","Virginia","US",36.8993,-76.2642,"Norfolk, Virginia, US",393,6,2020-05-23,5,0,FALSE,TRUE,"US","USA","US-VA"
84051710,"US","USA",840,51710,"Norfolk","Virginia","US",36.8993,-76.2642,"Norfolk, Virginia, US",399,6,2020-05-24,6,0,FALSE,TRUE,"US","USA","US-VA"
84051710,"US","USA",840,51710,"Norfolk","Virginia","US",36.8993,-76.2642,"Norfolk, Virginia, US",432,6,2020-05-25,33,0,FALSE,TRUE,"US","USA","US-VA"
84051710,"US","USA",840,51710,"Norfolk","Virginia","US",36.8993,-76.2642,"Norfolk, Virginia, US",450,6,2020-05-26,18,0,FALSE,TRUE,"US","USA","US-VA"
84051710,"US","USA",840,51710,"Norfolk","Virginia","US",36.8993,-76.2642,"Norfolk, Virginia, US",451,6,2020-05-27,1,0,FALSE,TRUE,"US","USA","US-VA"
84051710,"US","USA",840,51710,"Norfolk","Virginia","US",36.8993,-76.2642,"Norfolk, Virginia, US",452,6,2020-05-28,1,0,FALSE,TRUE,"US","USA","US-VA"
84051710,"US","USA",840,51710,"Norfolk","Virginia","US",36.8993,-76.2642,"Norfolk, Virginia, US",470,6,2020-05-29,18,0,FALSE,TRUE,"US","USA","US-VA"
84051710,"US","USA",840,51710,"Norfolk","Virginia","US",36.8993,-76.2642,"Norfolk, Virginia, US",490,6,2020-05-30,20,0,FALSE,TRUE,"US","USA","US-VA"
84051710,"US","USA",840,51710,"Norfolk","Virginia","US",36.8993,-76.2642,"Norfolk, Virginia, US",503,6,2020-05-31,13,0,FALSE,TRUE,"US","USA","US-VA"
84051710,"US","USA",840,51710,"Norfolk","Virginia","US",36.8993,-76.2642,"Norfolk, Virginia, US",521,6,2020-06-01,18,0,FALSE,TRUE,"US","USA","US-VA"
84051710,"US","USA",840,51710,"Norfolk","Virginia","US",36.8993,-76.2642,"Norfolk, Virginia, US",530,6,2020-06-02,9,0,FALSE,TRUE,"US","USA","US-VA"
84051710,"US","USA",840,51710,"Norfolk","Virginia","US",36.8993,-76.2642,"Norfolk, Virginia, US",539,6,2020-06-03,9,0,FALSE,TRUE,"US","USA","US-VA"
84051710,"US","USA",840,51710,"Norfolk","Virginia","US",36.8993,-76.2642,"Norfolk, Virginia, US",552,6,2020-06-04,13,0,FALSE,TRUE,"US","USA","US-VA"
84051710,"US","USA",840,51710,"Norfolk","Virginia","US",36.8993,-76.2642,"Norfolk, Virginia, US",560,6,2020-06-05,8,0,FALSE,TRUE,"US","USA","US-VA"
84051710,"US","USA",840,51710,"Norfolk","Virginia","US",36.8993,-76.2642,"Norfolk, Virginia, US",562,7,2020-06-06,2,1,FALSE,TRUE,"US","USA","US-VA"
