"UID","iso2","iso3","code3","FIPS","Admin2","Province.State","Country.Region","Lat","Long","Combined_Key","confirmed","deaths","date","confirmed_new","deaths_new","hasErrors","hasParent","country_code","country_code3","territory_code"
84053053,"US","USA",840,53053,"Pierce","Washington","US",47.0389,-122.141,"Pierce, Washington, US",0,0,2020-01-22,0,0,FALSE,TRUE,"US","USA","US-WA"
84053053,"US","USA",840,53053,"Pierce","Washington","US",47.0389,-122.141,"Pierce, Washington, US",0,0,2020-01-23,0,0,FALSE,TRUE,"US","USA","US-WA"
84053053,"US","USA",840,53053,"Pierce","Washington","US",47.0389,-122.141,"Pierce, Washington, US",0,0,2020-01-24,0,0,FALSE,TRUE,"US","USA","US-WA"
84053053,"US","USA",840,53053,"Pierce","Washington","US",47.0389,-122.141,"Pierce, Washington, US",0,0,2020-01-25,0,0,FALSE,TRUE,"US","USA","US-WA"
84053053,"US","USA",840,53053,"Pierce","Washington","US",47.0389,-122.141,"Pierce, Washington, US",0,0,2020-01-26,0,0,FALSE,TRUE,"US","USA","US-WA"
84053053,"US","USA",840,53053,"Pierce","Washington","US",47.0389,-122.141,"Pierce, Washington, US",0,0,2020-01-27,0,0,FALSE,TRUE,"US","USA","US-WA"
84053053,"US","USA",840,53053,"Pierce","Washington","US",47.0389,-122.141,"Pierce, Washington, US",0,0,2020-01-28,0,0,FALSE,TRUE,"US","USA","US-WA"
84053053,"US","USA",840,53053,"Pierce","Washington","US",47.0389,-122.141,"Pierce, Washington, US",0,0,2020-01-29,0,0,FALSE,TRUE,"US","USA","US-WA"
84053053,"US","USA",840,53053,"Pierce","Washington","US",47.0389,-122.141,"Pierce, Washington, US",0,0,2020-01-30,0,0,FALSE,TRUE,"US","USA","US-WA"
84053053,"US","USA",840,53053,"Pierce","Washington","US",47.0389,-122.141,"Pierce, Washington, US",0,0,2020-01-31,0,0,FALSE,TRUE,"US","USA","US-WA"
84053053,"US","USA",840,53053,"Pierce","Washington","US",47.0389,-122.141,"Pierce, Washington, US",0,0,2020-02-01,0,0,FALSE,TRUE,"US","USA","US-WA"
84053053,"US","USA",840,53053,"Pierce","Washington","US",47.0389,-122.141,"Pierce, Washington, US",0,0,2020-02-02,0,0,FALSE,TRUE,"US","USA","US-WA"
84053053,"US","USA",840,53053,"Pierce","Washington","US",47.0389,-122.141,"Pierce, Washington, US",0,0,2020-02-03,0,0,FALSE,TRUE,"US","USA","US-WA"
84053053,"US","USA",840,53053,"Pierce","Washington","US",47.0389,-122.141,"Pierce, Washington, US",0,0,2020-02-04,0,0,FALSE,TRUE,"US","USA","US-WA"
84053053,"US","USA",840,53053,"Pierce","Washington","US",47.0389,-122.141,"Pierce, Washington, US",0,0,2020-02-05,0,0,FALSE,TRUE,"US","USA","US-WA"
84053053,"US","USA",840,53053,"Pierce","Washington","US",47.0389,-122.141,"Pierce, Washington, US",0,0,2020-02-06,0,0,FALSE,TRUE,"US","USA","US-WA"
84053053,"US","USA",840,53053,"Pierce","Washington","US",47.0389,-122.141,"Pierce, Washington, US",0,0,2020-02-07,0,0,FALSE,TRUE,"US","USA","US-WA"
84053053,"US","USA",840,53053,"Pierce","Washington","US",47.0389,-122.141,"Pierce, Washington, US",0,0,2020-02-08,0,0,FALSE,TRUE,"US","USA","US-WA"
84053053,"US","USA",840,53053,"Pierce","Washington","US",47.0389,-122.141,"Pierce, Washington, US",0,0,2020-02-09,0,0,FALSE,TRUE,"US","USA","US-WA"
84053053,"US","USA",840,53053,"Pierce","Washington","US",47.0389,-122.141,"Pierce, Washington, US",0,0,2020-02-10,0,0,FALSE,TRUE,"US","USA","US-WA"
84053053,"US","USA",840,53053,"Pierce","Washington","US",47.0389,-122.141,"Pierce, Washington, US",0,0,2020-02-11,0,0,FALSE,TRUE,"US","USA","US-WA"
84053053,"US","USA",840,53053,"Pierce","Washington","US",47.0389,-122.141,"Pierce, Washington, US",0,0,2020-02-12,0,0,FALSE,TRUE,"US","USA","US-WA"
84053053,"US","USA",840,53053,"Pierce","Washington","US",47.0389,-122.141,"Pierce, Washington, US",0,0,2020-02-13,0,0,FALSE,TRUE,"US","USA","US-WA"
84053053,"US","USA",840,53053,"Pierce","Washington","US",47.0389,-122.141,"Pierce, Washington, US",0,0,2020-02-14,0,0,FALSE,TRUE,"US","USA","US-WA"
84053053,"US","USA",840,53053,"Pierce","Washington","US",47.0389,-122.141,"Pierce, Washington, US",0,0,2020-02-15,0,0,FALSE,TRUE,"US","USA","US-WA"
84053053,"US","USA",840,53053,"Pierce","Washington","US",47.0389,-122.141,"Pierce, Washington, US",0,0,2020-02-16,0,0,FALSE,TRUE,"US","USA","US-WA"
84053053,"US","USA",840,53053,"Pierce","Washington","US",47.0389,-122.141,"Pierce, Washington, US",0,0,2020-02-17,0,0,FALSE,TRUE,"US","USA","US-WA"
84053053,"US","USA",840,53053,"Pierce","Washington","US",47.0389,-122.141,"Pierce, Washington, US",0,0,2020-02-18,0,0,FALSE,TRUE,"US","USA","US-WA"
84053053,"US","USA",840,53053,"Pierce","Washington","US",47.0389,-122.141,"Pierce, Washington, US",0,0,2020-02-19,0,0,FALSE,TRUE,"US","USA","US-WA"
84053053,"US","USA",840,53053,"Pierce","Washington","US",47.0389,-122.141,"Pierce, Washington, US",0,0,2020-02-20,0,0,FALSE,TRUE,"US","USA","US-WA"
84053053,"US","USA",840,53053,"Pierce","Washington","US",47.0389,-122.141,"Pierce, Washington, US",0,0,2020-02-21,0,0,FALSE,TRUE,"US","USA","US-WA"
84053053,"US","USA",840,53053,"Pierce","Washington","US",47.0389,-122.141,"Pierce, Washington, US",0,0,2020-02-22,0,0,FALSE,TRUE,"US","USA","US-WA"
84053053,"US","USA",840,53053,"Pierce","Washington","US",47.0389,-122.141,"Pierce, Washington, US",0,0,2020-02-23,0,0,FALSE,TRUE,"US","USA","US-WA"
84053053,"US","USA",840,53053,"Pierce","Washington","US",47.0389,-122.141,"Pierce, Washington, US",0,0,2020-02-24,0,0,FALSE,TRUE,"US","USA","US-WA"
84053053,"US","USA",840,53053,"Pierce","Washington","US",47.0389,-122.141,"Pierce, Washington, US",0,0,2020-02-25,0,0,FALSE,TRUE,"US","USA","US-WA"
84053053,"US","USA",840,53053,"Pierce","Washington","US",47.0389,-122.141,"Pierce, Washington, US",0,0,2020-02-26,0,0,FALSE,TRUE,"US","USA","US-WA"
84053053,"US","USA",840,53053,"Pierce","Washington","US",47.0389,-122.141,"Pierce, Washington, US",0,0,2020-02-27,0,0,FALSE,TRUE,"US","USA","US-WA"
84053053,"US","USA",840,53053,"Pierce","Washington","US",47.0389,-122.141,"Pierce, Washington, US",0,0,2020-02-28,0,0,FALSE,TRUE,"US","USA","US-WA"
84053053,"US","USA",840,53053,"Pierce","Washington","US",47.0389,-122.141,"Pierce, Washington, US",0,0,2020-02-29,0,0,FALSE,TRUE,"US","USA","US-WA"
84053053,"US","USA",840,53053,"Pierce","Washington","US",47.0389,-122.141,"Pierce, Washington, US",0,0,2020-03-01,0,0,FALSE,TRUE,"US","USA","US-WA"
84053053,"US","USA",840,53053,"Pierce","Washington","US",47.0389,-122.141,"Pierce, Washington, US",0,0,2020-03-02,0,0,FALSE,TRUE,"US","USA","US-WA"
84053053,"US","USA",840,53053,"Pierce","Washington","US",47.0389,-122.141,"Pierce, Washington, US",0,0,2020-03-03,0,0,FALSE,TRUE,"US","USA","US-WA"
84053053,"US","USA",840,53053,"Pierce","Washington","US",47.0389,-122.141,"Pierce, Washington, US",0,0,2020-03-04,0,0,FALSE,TRUE,"US","USA","US-WA"
84053053,"US","USA",840,53053,"Pierce","Washington","US",47.0389,-122.141,"Pierce, Washington, US",0,0,2020-03-05,0,0,FALSE,TRUE,"US","USA","US-WA"
84053053,"US","USA",840,53053,"Pierce","Washington","US",47.0389,-122.141,"Pierce, Washington, US",0,0,2020-03-06,0,0,FALSE,TRUE,"US","USA","US-WA"
84053053,"US","USA",840,53053,"Pierce","Washington","US",47.0389,-122.141,"Pierce, Washington, US",1,0,2020-03-07,1,0,FALSE,TRUE,"US","USA","US-WA"
84053053,"US","USA",840,53053,"Pierce","Washington","US",47.0389,-122.141,"Pierce, Washington, US",4,0,2020-03-08,3,0,FALSE,TRUE,"US","USA","US-WA"
84053053,"US","USA",840,53053,"Pierce","Washington","US",47.0389,-122.141,"Pierce, Washington, US",4,0,2020-03-09,0,0,FALSE,TRUE,"US","USA","US-WA"
84053053,"US","USA",840,53053,"Pierce","Washington","US",47.0389,-122.141,"Pierce, Washington, US",4,0,2020-03-10,0,0,FALSE,TRUE,"US","USA","US-WA"
84053053,"US","USA",840,53053,"Pierce","Washington","US",47.0389,-122.141,"Pierce, Washington, US",14,0,2020-03-11,10,0,FALSE,TRUE,"US","USA","US-WA"
84053053,"US","USA",840,53053,"Pierce","Washington","US",47.0389,-122.141,"Pierce, Washington, US",17,0,2020-03-12,3,0,FALSE,TRUE,"US","USA","US-WA"
84053053,"US","USA",840,53053,"Pierce","Washington","US",47.0389,-122.141,"Pierce, Washington, US",19,0,2020-03-13,2,0,FALSE,TRUE,"US","USA","US-WA"
84053053,"US","USA",840,53053,"Pierce","Washington","US",47.0389,-122.141,"Pierce, Washington, US",26,0,2020-03-14,7,0,FALSE,TRUE,"US","USA","US-WA"
84053053,"US","USA",840,53053,"Pierce","Washington","US",47.0389,-122.141,"Pierce, Washington, US",26,0,2020-03-15,0,0,FALSE,TRUE,"US","USA","US-WA"
84053053,"US","USA",840,53053,"Pierce","Washington","US",47.0389,-122.141,"Pierce, Washington, US",38,0,2020-03-16,12,0,FALSE,TRUE,"US","USA","US-WA"
84053053,"US","USA",840,53053,"Pierce","Washington","US",47.0389,-122.141,"Pierce, Washington, US",45,0,2020-03-17,7,0,FALSE,TRUE,"US","USA","US-WA"
84053053,"US","USA",840,53053,"Pierce","Washington","US",47.0389,-122.141,"Pierce, Washington, US",56,1,2020-03-18,11,1,FALSE,TRUE,"US","USA","US-WA"
84053053,"US","USA",840,53053,"Pierce","Washington","US",47.0389,-122.141,"Pierce, Washington, US",75,1,2020-03-19,19,0,FALSE,TRUE,"US","USA","US-WA"
84053053,"US","USA",840,53053,"Pierce","Washington","US",47.0389,-122.141,"Pierce, Washington, US",83,1,2020-03-20,8,0,FALSE,TRUE,"US","USA","US-WA"
84053053,"US","USA",840,53053,"Pierce","Washington","US",47.0389,-122.141,"Pierce, Washington, US",95,1,2020-03-21,12,0,FALSE,TRUE,"US","USA","US-WA"
84053053,"US","USA",840,53053,"Pierce","Washington","US",47.0389,-122.141,"Pierce, Washington, US",107,1,2020-03-22,12,0,FALSE,TRUE,"US","USA","US-WA"
84053053,"US","USA",840,53053,"Pierce","Washington","US",47.0389,-122.141,"Pierce, Washington, US",126,1,2020-03-23,19,0,FALSE,TRUE,"US","USA","US-WA"
84053053,"US","USA",840,53053,"Pierce","Washington","US",47.0389,-122.141,"Pierce, Washington, US",138,1,2020-03-24,12,0,FALSE,TRUE,"US","USA","US-WA"
84053053,"US","USA",840,53053,"Pierce","Washington","US",47.0389,-122.141,"Pierce, Washington, US",155,2,2020-03-25,17,1,FALSE,TRUE,"US","USA","US-WA"
84053053,"US","USA",840,53053,"Pierce","Washington","US",47.0389,-122.141,"Pierce, Washington, US",186,4,2020-03-26,31,2,FALSE,TRUE,"US","USA","US-WA"
84053053,"US","USA",840,53053,"Pierce","Washington","US",47.0389,-122.141,"Pierce, Washington, US",231,5,2020-03-27,45,1,FALSE,TRUE,"US","USA","US-WA"
84053053,"US","USA",840,53053,"Pierce","Washington","US",47.0389,-122.141,"Pierce, Washington, US",231,5,2020-03-28,0,0,FALSE,TRUE,"US","USA","US-WA"
84053053,"US","USA",840,53053,"Pierce","Washington","US",47.0389,-122.141,"Pierce, Washington, US",317,6,2020-03-29,86,1,FALSE,TRUE,"US","USA","US-WA"
84053053,"US","USA",840,53053,"Pierce","Washington","US",47.0389,-122.141,"Pierce, Washington, US",317,6,2020-03-30,0,0,FALSE,TRUE,"US","USA","US-WA"
84053053,"US","USA",840,53053,"Pierce","Washington","US",47.0389,-122.141,"Pierce, Washington, US",377,6,2020-03-31,60,0,FALSE,TRUE,"US","USA","US-WA"
84053053,"US","USA",840,53053,"Pierce","Washington","US",47.0389,-122.141,"Pierce, Washington, US",377,6,2020-04-01,0,0,FALSE,TRUE,"US","USA","US-WA"
84053053,"US","USA",840,53053,"Pierce","Washington","US",47.0389,-122.141,"Pierce, Washington, US",498,7,2020-04-02,121,1,FALSE,TRUE,"US","USA","US-WA"
84053053,"US","USA",840,53053,"Pierce","Washington","US",47.0389,-122.141,"Pierce, Washington, US",571,7,2020-04-03,73,0,FALSE,TRUE,"US","USA","US-WA"
84053053,"US","USA",840,53053,"Pierce","Washington","US",47.0389,-122.141,"Pierce, Washington, US",620,8,2020-04-04,49,1,FALSE,TRUE,"US","USA","US-WA"
84053053,"US","USA",840,53053,"Pierce","Washington","US",47.0389,-122.141,"Pierce, Washington, US",688,10,2020-04-05,68,2,FALSE,TRUE,"US","USA","US-WA"
84053053,"US","USA",840,53053,"Pierce","Washington","US",47.0389,-122.141,"Pierce, Washington, US",717,12,2020-04-06,29,2,FALSE,TRUE,"US","USA","US-WA"
84053053,"US","USA",840,53053,"Pierce","Washington","US",47.0389,-122.141,"Pierce, Washington, US",760,14,2020-04-07,43,2,FALSE,TRUE,"US","USA","US-WA"
84053053,"US","USA",840,53053,"Pierce","Washington","US",47.0389,-122.141,"Pierce, Washington, US",795,16,2020-04-08,35,2,FALSE,TRUE,"US","USA","US-WA"
84053053,"US","USA",840,53053,"Pierce","Washington","US",47.0389,-122.141,"Pierce, Washington, US",838,17,2020-04-09,43,1,FALSE,TRUE,"US","USA","US-WA"
84053053,"US","USA",840,53053,"Pierce","Washington","US",47.0389,-122.141,"Pierce, Washington, US",875,19,2020-04-10,37,2,FALSE,TRUE,"US","USA","US-WA"
84053053,"US","USA",840,53053,"Pierce","Washington","US",47.0389,-122.141,"Pierce, Washington, US",922,19,2020-04-11,47,0,FALSE,TRUE,"US","USA","US-WA"
84053053,"US","USA",840,53053,"Pierce","Washington","US",47.0389,-122.141,"Pierce, Washington, US",931,20,2020-04-12,9,1,FALSE,TRUE,"US","USA","US-WA"
84053053,"US","USA",840,53053,"Pierce","Washington","US",47.0389,-122.141,"Pierce, Washington, US",969,20,2020-04-13,38,0,FALSE,TRUE,"US","USA","US-WA"
84053053,"US","USA",840,53053,"Pierce","Washington","US",47.0389,-122.141,"Pierce, Washington, US",969,20,2020-04-14,0,0,FALSE,TRUE,"US","USA","US-WA"
84053053,"US","USA",840,53053,"Pierce","Washington","US",47.0389,-122.141,"Pierce, Washington, US",1000,23,2020-04-15,31,3,FALSE,TRUE,"US","USA","US-WA"
84053053,"US","USA",840,53053,"Pierce","Washington","US",47.0389,-122.141,"Pierce, Washington, US",1022,28,2020-04-16,22,5,FALSE,TRUE,"US","USA","US-WA"
84053053,"US","USA",840,53053,"Pierce","Washington","US",47.0389,-122.141,"Pierce, Washington, US",1086,28,2020-04-17,64,0,FALSE,TRUE,"US","USA","US-WA"
84053053,"US","USA",840,53053,"Pierce","Washington","US",47.0389,-122.141,"Pierce, Washington, US",1086,30,2020-04-18,0,2,FALSE,TRUE,"US","USA","US-WA"
84053053,"US","USA",840,53053,"Pierce","Washington","US",47.0389,-122.141,"Pierce, Washington, US",1143,32,2020-04-19,57,2,FALSE,TRUE,"US","USA","US-WA"
84053053,"US","USA",840,53053,"Pierce","Washington","US",47.0389,-122.141,"Pierce, Washington, US",1188,34,2020-04-20,45,2,FALSE,TRUE,"US","USA","US-WA"
84053053,"US","USA",840,53053,"Pierce","Washington","US",47.0389,-122.141,"Pierce, Washington, US",1219,36,2020-04-21,31,2,FALSE,TRUE,"US","USA","US-WA"
84053053,"US","USA",840,53053,"Pierce","Washington","US",47.0389,-122.141,"Pierce, Washington, US",1236,40,2020-04-22,17,4,FALSE,TRUE,"US","USA","US-WA"
84053053,"US","USA",840,53053,"Pierce","Washington","US",47.0389,-122.141,"Pierce, Washington, US",1192,44,2020-04-23,-44,4,FALSE,TRUE,"US","USA","US-WA"
84053053,"US","USA",840,53053,"Pierce","Washington","US",47.0389,-122.141,"Pierce, Washington, US",1212,43,2020-04-24,20,-1,FALSE,TRUE,"US","USA","US-WA"
84053053,"US","USA",840,53053,"Pierce","Washington","US",47.0389,-122.141,"Pierce, Washington, US",1235,46,2020-04-25,23,3,FALSE,TRUE,"US","USA","US-WA"
84053053,"US","USA",840,53053,"Pierce","Washington","US",47.0389,-122.141,"Pierce, Washington, US",1244,46,2020-04-26,9,0,FALSE,TRUE,"US","USA","US-WA"
84053053,"US","USA",840,53053,"Pierce","Washington","US",47.0389,-122.141,"Pierce, Washington, US",1263,47,2020-04-27,19,1,FALSE,TRUE,"US","USA","US-WA"
84053053,"US","USA",840,53053,"Pierce","Washington","US",47.0389,-122.141,"Pierce, Washington, US",1293,48,2020-04-28,30,1,FALSE,TRUE,"US","USA","US-WA"
84053053,"US","USA",840,53053,"Pierce","Washington","US",47.0389,-122.141,"Pierce, Washington, US",1306,49,2020-04-29,13,1,FALSE,TRUE,"US","USA","US-WA"
84053053,"US","USA",840,53053,"Pierce","Washington","US",47.0389,-122.141,"Pierce, Washington, US",1322,49,2020-04-30,16,0,FALSE,TRUE,"US","USA","US-WA"
84053053,"US","USA",840,53053,"Pierce","Washington","US",47.0389,-122.141,"Pierce, Washington, US",1339,50,2020-05-01,17,1,FALSE,TRUE,"US","USA","US-WA"
84053053,"US","USA",840,53053,"Pierce","Washington","US",47.0389,-122.141,"Pierce, Washington, US",1376,50,2020-05-02,37,0,FALSE,TRUE,"US","USA","US-WA"
84053053,"US","USA",840,53053,"Pierce","Washington","US",47.0389,-122.141,"Pierce, Washington, US",1393,50,2020-05-03,17,0,FALSE,TRUE,"US","USA","US-WA"
84053053,"US","USA",840,53053,"Pierce","Washington","US",47.0389,-122.141,"Pierce, Washington, US",1414,50,2020-05-04,21,0,FALSE,TRUE,"US","USA","US-WA"
84053053,"US","USA",840,53053,"Pierce","Washington","US",47.0389,-122.141,"Pierce, Washington, US",1433,52,2020-05-05,19,2,FALSE,TRUE,"US","USA","US-WA"
84053053,"US","USA",840,53053,"Pierce","Washington","US",47.0389,-122.141,"Pierce, Washington, US",1454,52,2020-05-06,21,0,FALSE,TRUE,"US","USA","US-WA"
84053053,"US","USA",840,53053,"Pierce","Washington","US",47.0389,-122.141,"Pierce, Washington, US",1496,54,2020-05-07,42,2,FALSE,TRUE,"US","USA","US-WA"
84053053,"US","USA",840,53053,"Pierce","Washington","US",47.0389,-122.141,"Pierce, Washington, US",1510,55,2020-05-08,14,1,FALSE,TRUE,"US","USA","US-WA"
84053053,"US","USA",840,53053,"Pierce","Washington","US",47.0389,-122.141,"Pierce, Washington, US",1539,57,2020-05-09,29,2,FALSE,TRUE,"US","USA","US-WA"
84053053,"US","USA",840,53053,"Pierce","Washington","US",47.0389,-122.141,"Pierce, Washington, US",1562,57,2020-05-10,23,0,FALSE,TRUE,"US","USA","US-WA"
84053053,"US","USA",840,53053,"Pierce","Washington","US",47.0389,-122.141,"Pierce, Washington, US",1582,58,2020-05-11,20,1,FALSE,TRUE,"US","USA","US-WA"
84053053,"US","USA",840,53053,"Pierce","Washington","US",47.0389,-122.141,"Pierce, Washington, US",1593,59,2020-05-12,11,1,FALSE,TRUE,"US","USA","US-WA"
84053053,"US","USA",840,53053,"Pierce","Washington","US",47.0389,-122.141,"Pierce, Washington, US",1604,60,2020-05-13,11,1,FALSE,TRUE,"US","USA","US-WA"
84053053,"US","USA",840,53053,"Pierce","Washington","US",47.0389,-122.141,"Pierce, Washington, US",1626,60,2020-05-14,22,0,FALSE,TRUE,"US","USA","US-WA"
84053053,"US","USA",840,53053,"Pierce","Washington","US",47.0389,-122.141,"Pierce, Washington, US",1636,61,2020-05-15,10,1,FALSE,TRUE,"US","USA","US-WA"
84053053,"US","USA",840,53053,"Pierce","Washington","US",47.0389,-122.141,"Pierce, Washington, US",1654,62,2020-05-16,18,1,FALSE,TRUE,"US","USA","US-WA"
84053053,"US","USA",840,53053,"Pierce","Washington","US",47.0389,-122.141,"Pierce, Washington, US",1680,62,2020-05-17,26,0,FALSE,TRUE,"US","USA","US-WA"
84053053,"US","USA",840,53053,"Pierce","Washington","US",47.0389,-122.141,"Pierce, Washington, US",1687,62,2020-05-18,7,0,FALSE,TRUE,"US","USA","US-WA"
