"UID","iso2","iso3","code3","FIPS","Admin2","Province.State","Country.Region","Lat","Long","Combined_Key","confirmed","deaths","date","confirmed_new","deaths_new","hasErrors","hasParent","country_code","country_code3","territory_code"
84053061,"US","USA",840,53061,"Snohomish","Washington","US",48.0462,-121.717,"Snohomish, Washington, US",0,0,2020-01-22,0,0,FALSE,TRUE,"US","USA","US-WA"
84053061,"US","USA",840,53061,"Snohomish","Washington","US",48.0462,-121.717,"Snohomish, Washington, US",0,0,2020-01-23,0,0,FALSE,TRUE,"US","USA","US-WA"
84053061,"US","USA",840,53061,"Snohomish","Washington","US",48.0462,-121.717,"Snohomish, Washington, US",0,0,2020-01-24,0,0,FALSE,TRUE,"US","USA","US-WA"
84053061,"US","USA",840,53061,"Snohomish","Washington","US",48.0462,-121.717,"Snohomish, Washington, US",0,0,2020-01-25,0,0,FALSE,TRUE,"US","USA","US-WA"
84053061,"US","USA",840,53061,"Snohomish","Washington","US",48.0462,-121.717,"Snohomish, Washington, US",0,0,2020-01-26,0,0,FALSE,TRUE,"US","USA","US-WA"
84053061,"US","USA",840,53061,"Snohomish","Washington","US",48.0462,-121.717,"Snohomish, Washington, US",0,0,2020-01-27,0,0,FALSE,TRUE,"US","USA","US-WA"
84053061,"US","USA",840,53061,"Snohomish","Washington","US",48.0462,-121.717,"Snohomish, Washington, US",0,0,2020-01-28,0,0,FALSE,TRUE,"US","USA","US-WA"
84053061,"US","USA",840,53061,"Snohomish","Washington","US",48.0462,-121.717,"Snohomish, Washington, US",0,0,2020-01-29,0,0,FALSE,TRUE,"US","USA","US-WA"
84053061,"US","USA",840,53061,"Snohomish","Washington","US",48.0462,-121.717,"Snohomish, Washington, US",0,0,2020-01-30,0,0,FALSE,TRUE,"US","USA","US-WA"
84053061,"US","USA",840,53061,"Snohomish","Washington","US",48.0462,-121.717,"Snohomish, Washington, US",0,0,2020-01-31,0,0,FALSE,TRUE,"US","USA","US-WA"
84053061,"US","USA",840,53061,"Snohomish","Washington","US",48.0462,-121.717,"Snohomish, Washington, US",0,0,2020-02-01,0,0,FALSE,TRUE,"US","USA","US-WA"
84053061,"US","USA",840,53061,"Snohomish","Washington","US",48.0462,-121.717,"Snohomish, Washington, US",0,0,2020-02-02,0,0,FALSE,TRUE,"US","USA","US-WA"
84053061,"US","USA",840,53061,"Snohomish","Washington","US",48.0462,-121.717,"Snohomish, Washington, US",0,0,2020-02-03,0,0,FALSE,TRUE,"US","USA","US-WA"
84053061,"US","USA",840,53061,"Snohomish","Washington","US",48.0462,-121.717,"Snohomish, Washington, US",0,0,2020-02-04,0,0,FALSE,TRUE,"US","USA","US-WA"
84053061,"US","USA",840,53061,"Snohomish","Washington","US",48.0462,-121.717,"Snohomish, Washington, US",0,0,2020-02-05,0,0,FALSE,TRUE,"US","USA","US-WA"
84053061,"US","USA",840,53061,"Snohomish","Washington","US",48.0462,-121.717,"Snohomish, Washington, US",0,0,2020-02-06,0,0,FALSE,TRUE,"US","USA","US-WA"
84053061,"US","USA",840,53061,"Snohomish","Washington","US",48.0462,-121.717,"Snohomish, Washington, US",0,0,2020-02-07,0,0,FALSE,TRUE,"US","USA","US-WA"
84053061,"US","USA",840,53061,"Snohomish","Washington","US",48.0462,-121.717,"Snohomish, Washington, US",0,0,2020-02-08,0,0,FALSE,TRUE,"US","USA","US-WA"
84053061,"US","USA",840,53061,"Snohomish","Washington","US",48.0462,-121.717,"Snohomish, Washington, US",0,0,2020-02-09,0,0,FALSE,TRUE,"US","USA","US-WA"
84053061,"US","USA",840,53061,"Snohomish","Washington","US",48.0462,-121.717,"Snohomish, Washington, US",0,0,2020-02-10,0,0,FALSE,TRUE,"US","USA","US-WA"
84053061,"US","USA",840,53061,"Snohomish","Washington","US",48.0462,-121.717,"Snohomish, Washington, US",0,0,2020-02-11,0,0,FALSE,TRUE,"US","USA","US-WA"
84053061,"US","USA",840,53061,"Snohomish","Washington","US",48.0462,-121.717,"Snohomish, Washington, US",0,0,2020-02-12,0,0,FALSE,TRUE,"US","USA","US-WA"
84053061,"US","USA",840,53061,"Snohomish","Washington","US",48.0462,-121.717,"Snohomish, Washington, US",0,0,2020-02-13,0,0,FALSE,TRUE,"US","USA","US-WA"
84053061,"US","USA",840,53061,"Snohomish","Washington","US",48.0462,-121.717,"Snohomish, Washington, US",0,0,2020-02-14,0,0,FALSE,TRUE,"US","USA","US-WA"
84053061,"US","USA",840,53061,"Snohomish","Washington","US",48.0462,-121.717,"Snohomish, Washington, US",0,0,2020-02-15,0,0,FALSE,TRUE,"US","USA","US-WA"
84053061,"US","USA",840,53061,"Snohomish","Washington","US",48.0462,-121.717,"Snohomish, Washington, US",0,0,2020-02-16,0,0,FALSE,TRUE,"US","USA","US-WA"
84053061,"US","USA",840,53061,"Snohomish","Washington","US",48.0462,-121.717,"Snohomish, Washington, US",0,0,2020-02-17,0,0,FALSE,TRUE,"US","USA","US-WA"
84053061,"US","USA",840,53061,"Snohomish","Washington","US",48.0462,-121.717,"Snohomish, Washington, US",0,0,2020-02-18,0,0,FALSE,TRUE,"US","USA","US-WA"
84053061,"US","USA",840,53061,"Snohomish","Washington","US",48.0462,-121.717,"Snohomish, Washington, US",0,0,2020-02-19,0,0,FALSE,TRUE,"US","USA","US-WA"
84053061,"US","USA",840,53061,"Snohomish","Washington","US",48.0462,-121.717,"Snohomish, Washington, US",0,0,2020-02-20,0,0,FALSE,TRUE,"US","USA","US-WA"
84053061,"US","USA",840,53061,"Snohomish","Washington","US",48.0462,-121.717,"Snohomish, Washington, US",0,0,2020-02-21,0,0,FALSE,TRUE,"US","USA","US-WA"
84053061,"US","USA",840,53061,"Snohomish","Washington","US",48.0462,-121.717,"Snohomish, Washington, US",0,0,2020-02-22,0,0,FALSE,TRUE,"US","USA","US-WA"
84053061,"US","USA",840,53061,"Snohomish","Washington","US",48.0462,-121.717,"Snohomish, Washington, US",0,0,2020-02-23,0,0,FALSE,TRUE,"US","USA","US-WA"
84053061,"US","USA",840,53061,"Snohomish","Washington","US",48.0462,-121.717,"Snohomish, Washington, US",0,0,2020-02-24,0,0,FALSE,TRUE,"US","USA","US-WA"
84053061,"US","USA",840,53061,"Snohomish","Washington","US",48.0462,-121.717,"Snohomish, Washington, US",0,0,2020-02-25,0,0,FALSE,TRUE,"US","USA","US-WA"
84053061,"US","USA",840,53061,"Snohomish","Washington","US",48.0462,-121.717,"Snohomish, Washington, US",0,0,2020-02-26,0,0,FALSE,TRUE,"US","USA","US-WA"
84053061,"US","USA",840,53061,"Snohomish","Washington","US",48.0462,-121.717,"Snohomish, Washington, US",0,0,2020-02-27,0,0,FALSE,TRUE,"US","USA","US-WA"
84053061,"US","USA",840,53061,"Snohomish","Washington","US",48.0462,-121.717,"Snohomish, Washington, US",0,0,2020-02-28,0,0,FALSE,TRUE,"US","USA","US-WA"
84053061,"US","USA",840,53061,"Snohomish","Washington","US",48.0462,-121.717,"Snohomish, Washington, US",1,0,2020-02-29,1,0,FALSE,TRUE,"US","USA","US-WA"
84053061,"US","USA",840,53061,"Snohomish","Washington","US",48.0462,-121.717,"Snohomish, Washington, US",2,0,2020-03-01,1,0,FALSE,TRUE,"US","USA","US-WA"
84053061,"US","USA",840,53061,"Snohomish","Washington","US",48.0462,-121.717,"Snohomish, Washington, US",4,1,2020-03-02,2,1,FALSE,TRUE,"US","USA","US-WA"
84053061,"US","USA",840,53061,"Snohomish","Washington","US",48.0462,-121.717,"Snohomish, Washington, US",6,1,2020-03-03,2,0,FALSE,TRUE,"US","USA","US-WA"
84053061,"US","USA",840,53061,"Snohomish","Washington","US",48.0462,-121.717,"Snohomish, Washington, US",8,1,2020-03-04,2,0,FALSE,TRUE,"US","USA","US-WA"
84053061,"US","USA",840,53061,"Snohomish","Washington","US",48.0462,-121.717,"Snohomish, Washington, US",18,1,2020-03-05,10,0,FALSE,TRUE,"US","USA","US-WA"
84053061,"US","USA",840,53061,"Snohomish","Washington","US",48.0462,-121.717,"Snohomish, Washington, US",19,1,2020-03-06,1,0,FALSE,TRUE,"US","USA","US-WA"
84053061,"US","USA",840,53061,"Snohomish","Washington","US",48.0462,-121.717,"Snohomish, Washington, US",27,1,2020-03-07,8,0,FALSE,TRUE,"US","USA","US-WA"
84053061,"US","USA",840,53061,"Snohomish","Washington","US",48.0462,-121.717,"Snohomish, Washington, US",31,1,2020-03-08,4,0,FALSE,TRUE,"US","USA","US-WA"
84053061,"US","USA",840,53061,"Snohomish","Washington","US",48.0462,-121.717,"Snohomish, Washington, US",31,1,2020-03-09,0,0,FALSE,TRUE,"US","USA","US-WA"
84053061,"US","USA",840,53061,"Snohomish","Washington","US",48.0462,-121.717,"Snohomish, Washington, US",37,1,2020-03-10,6,0,FALSE,TRUE,"US","USA","US-WA"
84053061,"US","USA",840,53061,"Snohomish","Washington","US",48.0462,-121.717,"Snohomish, Washington, US",68,1,2020-03-11,31,0,FALSE,TRUE,"US","USA","US-WA"
84053061,"US","USA",840,53061,"Snohomish","Washington","US",48.0462,-121.717,"Snohomish, Washington, US",108,3,2020-03-12,40,2,FALSE,TRUE,"US","USA","US-WA"
84053061,"US","USA",840,53061,"Snohomish","Washington","US",48.0462,-121.717,"Snohomish, Washington, US",133,4,2020-03-13,25,1,FALSE,TRUE,"US","USA","US-WA"
84053061,"US","USA",840,53061,"Snohomish","Washington","US",48.0462,-121.717,"Snohomish, Washington, US",154,4,2020-03-14,21,0,FALSE,TRUE,"US","USA","US-WA"
84053061,"US","USA",840,53061,"Snohomish","Washington","US",48.0462,-121.717,"Snohomish, Washington, US",154,4,2020-03-15,0,0,FALSE,TRUE,"US","USA","US-WA"
84053061,"US","USA",840,53061,"Snohomish","Washington","US",48.0462,-121.717,"Snohomish, Washington, US",200,4,2020-03-16,46,0,FALSE,TRUE,"US","USA","US-WA"
84053061,"US","USA",840,53061,"Snohomish","Washington","US",48.0462,-121.717,"Snohomish, Washington, US",266,6,2020-03-17,66,2,FALSE,TRUE,"US","USA","US-WA"
84053061,"US","USA",840,53061,"Snohomish","Washington","US",48.0462,-121.717,"Snohomish, Washington, US",310,6,2020-03-18,44,0,FALSE,TRUE,"US","USA","US-WA"
84053061,"US","USA",840,53061,"Snohomish","Washington","US",48.0462,-121.717,"Snohomish, Washington, US",348,7,2020-03-19,38,1,FALSE,TRUE,"US","USA","US-WA"
84053061,"US","USA",840,53061,"Snohomish","Washington","US",48.0462,-121.717,"Snohomish, Washington, US",385,8,2020-03-20,37,1,FALSE,TRUE,"US","USA","US-WA"
84053061,"US","USA",840,53061,"Snohomish","Washington","US",48.0462,-121.717,"Snohomish, Washington, US",447,10,2020-03-21,62,2,FALSE,TRUE,"US","USA","US-WA"
84053061,"US","USA",840,53061,"Snohomish","Washington","US",48.0462,-121.717,"Snohomish, Washington, US",480,10,2020-03-22,33,0,FALSE,TRUE,"US","USA","US-WA"
84053061,"US","USA",840,53061,"Snohomish","Washington","US",48.0462,-121.717,"Snohomish, Washington, US",519,11,2020-03-23,39,1,FALSE,TRUE,"US","USA","US-WA"
84053061,"US","USA",840,53061,"Snohomish","Washington","US",48.0462,-121.717,"Snohomish, Washington, US",614,16,2020-03-24,95,5,FALSE,TRUE,"US","USA","US-WA"
84053061,"US","USA",840,53061,"Snohomish","Washington","US",48.0462,-121.717,"Snohomish, Washington, US",634,16,2020-03-25,20,0,FALSE,TRUE,"US","USA","US-WA"
84053061,"US","USA",840,53061,"Snohomish","Washington","US",48.0462,-121.717,"Snohomish, Washington, US",778,18,2020-03-26,144,2,FALSE,TRUE,"US","USA","US-WA"
84053061,"US","USA",840,53061,"Snohomish","Washington","US",48.0462,-121.717,"Snohomish, Washington, US",912,23,2020-03-27,134,5,FALSE,TRUE,"US","USA","US-WA"
84053061,"US","USA",840,53061,"Snohomish","Washington","US",48.0462,-121.717,"Snohomish, Washington, US",913,23,2020-03-28,1,0,FALSE,TRUE,"US","USA","US-WA"
84053061,"US","USA",840,53061,"Snohomish","Washington","US",48.0462,-121.717,"Snohomish, Washington, US",912,23,2020-03-29,-1,0,FALSE,TRUE,"US","USA","US-WA"
84053061,"US","USA",840,53061,"Snohomish","Washington","US",48.0462,-121.717,"Snohomish, Washington, US",1068,23,2020-03-30,156,0,FALSE,TRUE,"US","USA","US-WA"
84053061,"US","USA",840,53061,"Snohomish","Washington","US",48.0462,-121.717,"Snohomish, Washington, US",1229,33,2020-03-31,161,10,FALSE,TRUE,"US","USA","US-WA"
84053061,"US","USA",840,53061,"Snohomish","Washington","US",48.0462,-121.717,"Snohomish, Washington, US",1304,40,2020-04-01,75,7,FALSE,TRUE,"US","USA","US-WA"
84053061,"US","USA",840,53061,"Snohomish","Washington","US",48.0462,-121.717,"Snohomish, Washington, US",1376,41,2020-04-02,72,1,FALSE,TRUE,"US","USA","US-WA"
84053061,"US","USA",840,53061,"Snohomish","Washington","US",48.0462,-121.717,"Snohomish, Washington, US",1376,42,2020-04-03,0,1,FALSE,TRUE,"US","USA","US-WA"
84053061,"US","USA",840,53061,"Snohomish","Washington","US",48.0462,-121.717,"Snohomish, Washington, US",1503,45,2020-04-04,127,3,FALSE,TRUE,"US","USA","US-WA"
84053061,"US","USA",840,53061,"Snohomish","Washington","US",48.0462,-121.717,"Snohomish, Washington, US",1559,48,2020-04-05,56,3,FALSE,TRUE,"US","USA","US-WA"
84053061,"US","USA",840,53061,"Snohomish","Washington","US",48.0462,-121.717,"Snohomish, Washington, US",1603,58,2020-04-06,44,10,FALSE,TRUE,"US","USA","US-WA"
84053061,"US","USA",840,53061,"Snohomish","Washington","US",48.0462,-121.717,"Snohomish, Washington, US",1659,61,2020-04-07,56,3,FALSE,TRUE,"US","USA","US-WA"
84053061,"US","USA",840,53061,"Snohomish","Washington","US",48.0462,-121.717,"Snohomish, Washington, US",1695,63,2020-04-08,36,2,FALSE,TRUE,"US","USA","US-WA"
84053061,"US","USA",840,53061,"Snohomish","Washington","US",48.0462,-121.717,"Snohomish, Washington, US",1745,64,2020-04-09,50,1,FALSE,TRUE,"US","USA","US-WA"
84053061,"US","USA",840,53061,"Snohomish","Washington","US",48.0462,-121.717,"Snohomish, Washington, US",1802,64,2020-04-10,57,0,FALSE,TRUE,"US","USA","US-WA"
84053061,"US","USA",840,53061,"Snohomish","Washington","US",48.0462,-121.717,"Snohomish, Washington, US",1835,68,2020-04-11,33,4,FALSE,TRUE,"US","USA","US-WA"
84053061,"US","USA",840,53061,"Snohomish","Washington","US",48.0462,-121.717,"Snohomish, Washington, US",1867,69,2020-04-12,32,1,FALSE,TRUE,"US","USA","US-WA"
84053061,"US","USA",840,53061,"Snohomish","Washington","US",48.0462,-121.717,"Snohomish, Washington, US",1907,73,2020-04-13,40,4,FALSE,TRUE,"US","USA","US-WA"
84053061,"US","USA",840,53061,"Snohomish","Washington","US",48.0462,-121.717,"Snohomish, Washington, US",1950,77,2020-04-14,43,4,FALSE,TRUE,"US","USA","US-WA"
84053061,"US","USA",840,53061,"Snohomish","Washington","US",48.0462,-121.717,"Snohomish, Washington, US",1988,80,2020-04-15,38,3,FALSE,TRUE,"US","USA","US-WA"
84053061,"US","USA",840,53061,"Snohomish","Washington","US",48.0462,-121.717,"Snohomish, Washington, US",2032,86,2020-04-16,44,6,FALSE,TRUE,"US","USA","US-WA"
84053061,"US","USA",840,53061,"Snohomish","Washington","US",48.0462,-121.717,"Snohomish, Washington, US",2056,88,2020-04-17,24,2,FALSE,TRUE,"US","USA","US-WA"
84053061,"US","USA",840,53061,"Snohomish","Washington","US",48.0462,-121.717,"Snohomish, Washington, US",2093,91,2020-04-18,37,3,FALSE,TRUE,"US","USA","US-WA"
84053061,"US","USA",840,53061,"Snohomish","Washington","US",48.0462,-121.717,"Snohomish, Washington, US",2143,93,2020-04-19,50,2,FALSE,TRUE,"US","USA","US-WA"
84053061,"US","USA",840,53061,"Snohomish","Washington","US",48.0462,-121.717,"Snohomish, Washington, US",2163,97,2020-04-20,20,4,FALSE,TRUE,"US","USA","US-WA"
84053061,"US","USA",840,53061,"Snohomish","Washington","US",48.0462,-121.717,"Snohomish, Washington, US",2189,98,2020-04-21,26,1,FALSE,TRUE,"US","USA","US-WA"
84053061,"US","USA",840,53061,"Snohomish","Washington","US",48.0462,-121.717,"Snohomish, Washington, US",2209,98,2020-04-22,20,0,FALSE,TRUE,"US","USA","US-WA"
84053061,"US","USA",840,53061,"Snohomish","Washington","US",48.0462,-121.717,"Snohomish, Washington, US",2216,101,2020-04-23,7,3,FALSE,TRUE,"US","USA","US-WA"
84053061,"US","USA",840,53061,"Snohomish","Washington","US",48.0462,-121.717,"Snohomish, Washington, US",2243,102,2020-04-24,27,1,FALSE,TRUE,"US","USA","US-WA"
84053061,"US","USA",840,53061,"Snohomish","Washington","US",48.0462,-121.717,"Snohomish, Washington, US",2297,102,2020-04-25,54,0,FALSE,TRUE,"US","USA","US-WA"
84053061,"US","USA",840,53061,"Snohomish","Washington","US",48.0462,-121.717,"Snohomish, Washington, US",2311,104,2020-04-26,14,2,FALSE,TRUE,"US","USA","US-WA"
84053061,"US","USA",840,53061,"Snohomish","Washington","US",48.0462,-121.717,"Snohomish, Washington, US",2332,106,2020-04-27,21,2,FALSE,TRUE,"US","USA","US-WA"
84053061,"US","USA",840,53061,"Snohomish","Washington","US",48.0462,-121.717,"Snohomish, Washington, US",2365,108,2020-04-28,33,2,FALSE,TRUE,"US","USA","US-WA"
84053061,"US","USA",840,53061,"Snohomish","Washington","US",48.0462,-121.717,"Snohomish, Washington, US",2389,108,2020-04-29,24,0,FALSE,TRUE,"US","USA","US-WA"
84053061,"US","USA",840,53061,"Snohomish","Washington","US",48.0462,-121.717,"Snohomish, Washington, US",2433,108,2020-04-30,44,0,FALSE,TRUE,"US","USA","US-WA"
84053061,"US","USA",840,53061,"Snohomish","Washington","US",48.0462,-121.717,"Snohomish, Washington, US",2453,109,2020-05-01,20,1,FALSE,TRUE,"US","USA","US-WA"
84053061,"US","USA",840,53061,"Snohomish","Washington","US",48.0462,-121.717,"Snohomish, Washington, US",2493,109,2020-05-02,40,0,FALSE,TRUE,"US","USA","US-WA"
84053061,"US","USA",840,53061,"Snohomish","Washington","US",48.0462,-121.717,"Snohomish, Washington, US",2509,109,2020-05-03,16,0,FALSE,TRUE,"US","USA","US-WA"
84053061,"US","USA",840,53061,"Snohomish","Washington","US",48.0462,-121.717,"Snohomish, Washington, US",2537,111,2020-05-04,28,2,FALSE,TRUE,"US","USA","US-WA"
84053061,"US","USA",840,53061,"Snohomish","Washington","US",48.0462,-121.717,"Snohomish, Washington, US",2549,112,2020-05-05,12,1,FALSE,TRUE,"US","USA","US-WA"
84053061,"US","USA",840,53061,"Snohomish","Washington","US",48.0462,-121.717,"Snohomish, Washington, US",2584,112,2020-05-06,35,0,FALSE,TRUE,"US","USA","US-WA"
84053061,"US","USA",840,53061,"Snohomish","Washington","US",48.0462,-121.717,"Snohomish, Washington, US",2627,114,2020-05-07,43,2,FALSE,TRUE,"US","USA","US-WA"
84053061,"US","USA",840,53061,"Snohomish","Washington","US",48.0462,-121.717,"Snohomish, Washington, US",2634,115,2020-05-08,7,1,FALSE,TRUE,"US","USA","US-WA"
84053061,"US","USA",840,53061,"Snohomish","Washington","US",48.0462,-121.717,"Snohomish, Washington, US",2664,117,2020-05-09,30,2,FALSE,TRUE,"US","USA","US-WA"
84053061,"US","USA",840,53061,"Snohomish","Washington","US",48.0462,-121.717,"Snohomish, Washington, US",2681,117,2020-05-10,17,0,FALSE,TRUE,"US","USA","US-WA"
84053061,"US","USA",840,53061,"Snohomish","Washington","US",48.0462,-121.717,"Snohomish, Washington, US",2690,118,2020-05-11,9,1,FALSE,TRUE,"US","USA","US-WA"
84053061,"US","USA",840,53061,"Snohomish","Washington","US",48.0462,-121.717,"Snohomish, Washington, US",2711,121,2020-05-12,21,3,FALSE,TRUE,"US","USA","US-WA"
84053061,"US","USA",840,53061,"Snohomish","Washington","US",48.0462,-121.717,"Snohomish, Washington, US",2720,121,2020-05-13,9,0,FALSE,TRUE,"US","USA","US-WA"
84053061,"US","USA",840,53061,"Snohomish","Washington","US",48.0462,-121.717,"Snohomish, Washington, US",2739,122,2020-05-14,19,1,FALSE,TRUE,"US","USA","US-WA"
84053061,"US","USA",840,53061,"Snohomish","Washington","US",48.0462,-121.717,"Snohomish, Washington, US",2756,125,2020-05-15,17,3,FALSE,TRUE,"US","USA","US-WA"
84053061,"US","USA",840,53061,"Snohomish","Washington","US",48.0462,-121.717,"Snohomish, Washington, US",2773,125,2020-05-16,17,0,FALSE,TRUE,"US","USA","US-WA"
84053061,"US","USA",840,53061,"Snohomish","Washington","US",48.0462,-121.717,"Snohomish, Washington, US",2784,125,2020-05-17,11,0,FALSE,TRUE,"US","USA","US-WA"
84053061,"US","USA",840,53061,"Snohomish","Washington","US",48.0462,-121.717,"Snohomish, Washington, US",2797,125,2020-05-18,13,0,FALSE,TRUE,"US","USA","US-WA"
84053061,"US","USA",840,53061,"Snohomish","Washington","US",48.0462,-121.717,"Snohomish, Washington, US",2818,132,2020-05-19,21,7,FALSE,TRUE,"US","USA","US-WA"
84053061,"US","USA",840,53061,"Snohomish","Washington","US",48.0462,-121.717,"Snohomish, Washington, US",2826,132,2020-05-20,8,0,FALSE,TRUE,"US","USA","US-WA"
84053061,"US","USA",840,53061,"Snohomish","Washington","US",48.0462,-121.717,"Snohomish, Washington, US",2846,133,2020-05-21,20,1,FALSE,TRUE,"US","USA","US-WA"
84053061,"US","USA",840,53061,"Snohomish","Washington","US",48.0462,-121.717,"Snohomish, Washington, US",2863,135,2020-05-22,17,2,FALSE,TRUE,"US","USA","US-WA"
84053061,"US","USA",840,53061,"Snohomish","Washington","US",48.0462,-121.717,"Snohomish, Washington, US",2863,135,2020-05-23,0,0,FALSE,TRUE,"US","USA","US-WA"
84053061,"US","USA",840,53061,"Snohomish","Washington","US",48.0462,-121.717,"Snohomish, Washington, US",2895,135,2020-05-24,32,0,FALSE,TRUE,"US","USA","US-WA"
84053061,"US","USA",840,53061,"Snohomish","Washington","US",48.0462,-121.717,"Snohomish, Washington, US",2904,136,2020-05-25,9,1,FALSE,TRUE,"US","USA","US-WA"
84053061,"US","USA",840,53061,"Snohomish","Washington","US",48.0462,-121.717,"Snohomish, Washington, US",2916,142,2020-05-26,12,6,FALSE,TRUE,"US","USA","US-WA"
84053061,"US","USA",840,53061,"Snohomish","Washington","US",48.0462,-121.717,"Snohomish, Washington, US",2927,145,2020-05-27,11,3,FALSE,TRUE,"US","USA","US-WA"
84053061,"US","USA",840,53061,"Snohomish","Washington","US",48.0462,-121.717,"Snohomish, Washington, US",2937,147,2020-05-28,10,2,FALSE,TRUE,"US","USA","US-WA"
84053061,"US","USA",840,53061,"Snohomish","Washington","US",48.0462,-121.717,"Snohomish, Washington, US",2945,147,2020-05-29,8,0,FALSE,TRUE,"US","USA","US-WA"
84053061,"US","USA",840,53061,"Snohomish","Washington","US",48.0462,-121.717,"Snohomish, Washington, US",2956,148,2020-05-30,11,1,FALSE,TRUE,"US","USA","US-WA"
